0	0.9932895302772522	0.005134230013936758	0.0015762082766741514	0.9920417666435242	0.006233197636902332	0.001725082634948194
1	0.9908856749534607	0.007888141088187695	0.0012262397212907672	0.987054169178009	0.011595497839152813	0.0013502937508746982
2	0.9828361868858337	0.013817028142511845	0.0033467260655015707	0.9853561520576477	0.011836818419396877	0.0028070409316569567
3	0.35495293140411377	0.06350364536046982	0.5815434455871582	0.12211465835571289	0.022821953520178795	0.8550633788108826
4	0.9844565987586975	0.009276233613491058	0.006267177872359753	0.9801130294799805	0.010549896396696568	0.009337076917290688
5	0.9912198185920715	0.005786656867712736	0.0029935326892882586	0.990947425365448	0.00636459281668067	0.0026879466604441404
6	0.9867695569992065	0.009112871252000332	0.004117594566196203	0.9806877374649048	0.014944392256438732	0.004367903806269169
7	0.890564501285553	0.09868921339511871	0.010746345855295658	0.80498206615448	0.17436639964580536	0.020651519298553467
8	0.9821596741676331	0.011163662187755108	0.006676602642983198	0.9737526178359985	0.012845801189541817	0.013401636853814125
9	0.9892125129699707	0.009119980968534946	0.0016676094383001328	0.9858216643333435	0.011895055882632732	0.0022832308895885944
10	0.9842661619186401	0.011962631717324257	0.003771269926801324	0.9820700883865356	0.012268630787730217	0.005661226809024811
11	0.9834479093551636	0.008714086376130581	0.00783804152160883	0.8317858576774597	0.018285734578967094	0.14992834627628326
12	0.9896663427352905	0.007752896286547184	0.0025807914789766073	0.9453778266906738	0.036083947867155075	0.01853817328810692
13	0.9793375730514526	0.019285250455141068	0.001377096283249557	0.97786545753479	0.02130693569779396	0.0008276734733954072
14	0.9886753559112549	0.007712488528341055	0.0036121306475251913	0.9892878532409668	0.006855498068034649	0.003856600495055318
15	0.9884620904922485	0.007658760994672775	0.003879180643707514	0.9660851359367371	0.026977423578500748	0.006937388796359301
16	0.9903870224952698	0.004786408506333828	0.0048265764489769936	0.9729849100112915	0.021331345662474632	0.005683738738298416
17	0.918579638004303	0.020859140902757645	0.06056119129061699	0.9380833506584167	0.022092891857028008	0.039823662489652634
18	0.9902538657188416	0.007269171066582203	0.002476968802511692	0.9775953888893127	0.015928098931908607	0.006476511247456074
19	0.97407066822052	0.013388893567025661	0.01254041027277708	0.9770752191543579	0.01193302497267723	0.010991723276674747
20	0.9829562902450562	0.01324606966227293	0.003797573270276189	0.9811168313026428	0.016068782657384872	0.0028143678791821003
21	0.31431710720062256	0.10675709694623947	0.5789258480072021	0.34383347630500793	0.06768498569726944	0.5884814858436584
22	0.9824296236038208	0.012753493152558804	0.004816885571926832	0.983113169670105	0.011768405325710773	0.005118464585393667
23	0.9958874583244324	0.0030300519429147243	0.0010824342025443912	0.9931476712226868	0.005571371875703335	0.0012809218605980277
24	0.8500754237174988	0.0258516613394022	0.12407294660806656	0.975288450717926	0.009748992510139942	0.014962502755224705
25	0.9903869032859802	0.008028184063732624	0.0015848289476707578	0.991671621799469	0.006909521296620369	0.0014187926426529884
26	0.9786505699157715	0.015109986066818237	0.006239450071007013	0.9779085516929626	0.015081051737070084	0.007010395172983408
27	0.9872856736183167	0.01099339872598648	0.0017209347570315003	0.9886125922203064	0.008720207959413528	0.0026672701351344585
28	0.9954822063446045	0.002956078853458166	0.0015616768505424261	0.9955131411552429	0.002803067909553647	0.0016837521689012647
29	0.9886537194252014	0.008315653540194035	0.003030704567208886	0.9888643026351929	0.007804638706147671	0.0033311541192233562
30	0.9790822267532349	0.012707844376564026	0.008209854364395142	0.9720733165740967	0.01632058247923851	0.011606134474277496
31	0.982678234577179	0.013285578228533268	0.004036196507513523	0.9849953055381775	0.013060159049928188	0.0019446028163656592
32	0.9945788383483887	0.0030278905760496855	0.0023933646734803915	0.9943721294403076	0.0032794817816466093	0.0023483780678361654
33	0.990836501121521	0.0074710845947265625	0.001692352700047195	0.9792854189872742	0.018978344276547432	0.0017362883081659675
34	0.9942054152488708	0.0042655891738832	0.0015289660077542067	0.9860862493515015	0.011013461276888847	0.002900371327996254
35	0.9555533528327942	0.0402798168361187	0.004166890401393175	0.9540992975234985	0.04206587001681328	0.0038349360693246126
36	0.9760101437568665	0.020534511655569077	0.003455342724919319	0.8800870776176453	0.10372256487607956	0.016190413385629654
37	0.7694962024688721	0.05547597259283066	0.17502786219120026	0.4609878659248352	0.08809155225753784	0.45092058181762695
38	0.9811825156211853	0.0037215212360024452	0.015095948241651058	0.9898474812507629	0.0032536685466766357	0.006898761726915836
39	0.9599601626396179	0.02463219314813614	0.015407649800181389	0.9735623002052307	0.01719287782907486	0.009244846180081367
40	0.995560884475708	0.0027203585486859083	0.0017187416087836027	0.9954193830490112	0.002856005448848009	0.001724654110148549
41	0.988004744052887	0.008523235097527504	0.0034720648545771837	0.9867903590202332	0.009473421610891819	0.0037361509166657925
42	0.9923675656318665	0.005197073332965374	0.0024353081826120615	0.9877943992614746	0.009981360286474228	0.0022243130952119827
43	0.596718966960907	0.06115832179784775	0.3421226739883423	0.895969569683075	0.046038731932640076	0.057991787791252136
44	0.9917728304862976	0.005845697596669197	0.0023814307060092688	0.9769694805145264	0.01703427918255329	0.005996206309646368
45	0.993240475654602	0.005353819113224745	0.0014056668151170015	0.008921789936721325	0.9908313155174255	0.00024680737988092005
46	0.6686459183692932	0.015331222675740719	0.3160229027271271	0.011468385346233845	0.9538972973823547	0.034634340554475784
47	0.9862290620803833	0.009267671965062618	0.0045032743364572525	0.9850613474845886	0.011236521415412426	0.0037021583411842585
48	0.5972174406051636	0.16979946196079254	0.23298309743404388	0.8168268203735352	0.12393191456794739	0.05924126133322716
49	0.9713507294654846	0.02470294199883938	0.003946342505514622	0.9353396892547607	0.05945977568626404	0.005200478248298168
50	0.9907271862030029	0.004846091382205486	0.0044267489574849606	0.9911314845085144	0.004626575857400894	0.004241934511810541
51	0.9609966278076172	0.029678596183657646	0.009324696846306324	0.9046579003334045	0.08521340042352676	0.01012871228158474
52	0.6105502843856812	0.1525147259235382	0.23693500459194183	0.3949524164199829	0.09842178970575333	0.5066258311271667
53	0.9504677653312683	0.0423300676047802	0.007202243432402611	0.9812507629394531	0.0167640782892704	0.0019851727411150932
54	0.45032256841659546	0.1879473477602005	0.36173009872436523	0.1773228645324707	0.03291142359375954	0.7897657155990601
55	0.9850767254829407	0.011273830197751522	0.0036494950763881207	0.9861066341400146	0.009721506386995316	0.004171807784587145
56	0.9898059964179993	0.007378235459327698	0.002815747167915106	0.9613447785377502	0.03296305984258652	0.005692151840776205
57	0.9916354417800903	0.0045783803798258305	0.0037862234748899937	0.9872643947601318	0.005478539038449526	0.007257027085870504
58	0.9878964424133301	0.008919487707316875	0.003184091066941619	0.9824485182762146	0.013397733680903912	0.004153760150074959
59	0.32072627544403076	0.03814925625920296	0.641124427318573	0.020130064338445663	0.011078792624175549	0.9687911868095398
60	0.9897811412811279	0.004870609380304813	0.005348335951566696	0.30181393027305603	0.1180521547794342	0.5801339149475098
61	0.9895806908607483	0.008537725545465946	0.0018815321382135153	0.9887839555740356	0.008813661523163319	0.002402372658252716
62	0.4625796377658844	0.15780843794345856	0.37961187958717346	0.8612699508666992	0.10383150726556778	0.03489857539534569
63	0.9751501083374023	0.021940656006336212	0.002909191185608506	0.9650917053222656	0.03222816437482834	0.0026801645290106535
64	0.9865432977676392	0.011221318505704403	0.00223544891923666	0.7416489720344543	0.24261653423309326	0.015734508633613586
65	0.9628583788871765	0.03362506628036499	0.0035165438894182444	0.18849729001522064	0.7811956405639648	0.030307045206427574
66	0.9777502417564392	0.017182927578687668	0.005066894926130772	0.9644979238510132	0.027528904378414154	0.007973222993314266
67	0.43276047706604004	0.03225085139274597	0.5349886417388916	0.009821906685829163	0.8221508264541626	0.16802732646465302
68	0.9835540056228638	0.013314097188413143	0.003131989622488618	0.9840369820594788	0.010702768340706825	0.005260217469185591
69	0.9799933433532715	0.010995099321007729	0.009011510759592056	0.9681734442710876	0.022762928158044815	0.009063659235835075
70	0.9884351491928101	0.010295752435922623	0.0012690916191786528	0.9878255724906921	0.011278427205979824	0.0008960196282714605
71	0.9913660287857056	0.005209683440625668	0.003424297086894512	0.991702139377594	0.005215909797698259	0.003082003677263856
72	0.9936621189117432	0.004484470468014479	0.001853437628597021	0.9932987093925476	0.004101456142961979	0.002599791856482625
73	0.9873932600021362	0.010067276656627655	0.0025394170079380274	0.9887099862098694	0.009424970485270023	0.0018651157151907682
74	0.9867472648620605	0.009587195701897144	0.003665516385808587	0.9862871766090393	0.010763836093246937	0.0029489677399396896
75	0.9910140633583069	0.0068663377314805984	0.002119657350704074	0.9811935424804688	0.014029905200004578	0.004776572342962027
76	0.9964748024940491	0.002240759087726474	0.001284455880522728	0.996436595916748	0.002201670315116644	0.0013617873191833496
77	0.9723803997039795	0.0216444730758667	0.005975141655653715	0.9649108648300171	0.03151021897792816	0.0035789618268609047
78	0.9471303820610046	0.02115555666387081	0.031714003533124924	0.9606213569641113	0.022189607843756676	0.01718904823064804
79	0.9379090666770935	0.046508822590112686	0.015582163818180561	0.8514950275421143	0.12187353521585464	0.02663140743970871
80	0.9942451119422913	0.0036038749385625124	0.002151134889572859	0.9938533306121826	0.004264212679117918	0.0018825329607352614
81	0.9881503582000732	0.008972118608653545	0.0028775427490472794	0.9805727005004883	0.01723570190370083	0.0021916539408266544
82	0.9910783171653748	0.004421981517225504	0.004499660339206457	0.9777148962020874	0.016036180779337883	0.006249007768929005
83	0.9845022559165955	0.01328222081065178	0.0022155598271638155	0.041595179587602615	0.9579323530197144	0.000472472223918885
84	0.9824061393737793	0.014955244958400726	0.0026386678218841553	0.9915264248847961	0.006516283378005028	0.0019572803284972906
85	0.69870525598526	0.10634837299585342	0.19494639337062836	0.4585520327091217	0.2540741264820099	0.28737378120422363
86	0.9896621704101562	0.008844701573252678	0.0014931263867765665	0.9894394278526306	0.008880135603249073	0.0016804842744022608
87	0.9696276783943176	0.02075330540537834	0.009618883952498436	0.9507255554199219	0.03509349748492241	0.014180968515574932
88	0.9922771453857422	0.004992607515305281	0.0027301909867674112	0.9805734753608704	0.012984615750610828	0.006441842764616013
89	0.976056694984436	0.02077007107436657	0.0031731768976897	0.9915447235107422	0.00691518560051918	0.00154012197162956
90	0.991156816482544	0.005730546545237303	0.0031126593239605427	0.9823713898658752	0.013210177421569824	0.004418344236910343
91	0.9942295551300049	0.003737527644261718	0.0020328920800238848	0.9918885827064514	0.005139635875821114	0.0029717320576310158
92	0.9844867587089539	0.011872939765453339	0.003640215378254652	0.9827172160148621	0.013394669629633427	0.003888084087520838
93	0.9871963262557983	0.006699397694319487	0.006104258820414543	0.952242910861969	0.01756788231432438	0.03018922172486782
94	0.9839630722999573	0.012551008723676205	0.003486020490527153	0.9773967266082764	0.01996941864490509	0.0026338305324316025
95	0.0013316471595317125	0.002200990915298462	0.9964673519134521	0.0020662012975662947	0.005816095508635044	0.992117702960968
96	0.970942497253418	0.025925548747181892	0.0031319025438278913	0.9503008723258972	0.04373351112008095	0.0059655895456671715
97	0.9926486611366272	0.005573396570980549	0.00177798792719841	0.9929534792900085	0.0046805585734546185	0.002365963766351342
98	0.9902855753898621	0.005267329979687929	0.00444710161536932	0.99240642786026	0.006189262494444847	0.001404292299412191
99	0.979144811630249	0.015391685999929905	0.005463434383273125	0.9790023565292358	0.015393630601465702	0.0056039937771856785
100	0.7725546956062317	0.07223639637231827	0.15520896017551422	0.8149453401565552	0.11703027784824371	0.0680243968963623
101	0.9392349720001221	0.03844005987048149	0.022325046360492706	0.849946916103363	0.09970724582672119	0.05034592002630234
102	0.9754961133003235	0.014500567689538002	0.010003398172557354	0.9746885299682617	0.018540434539318085	0.006771113723516464
103	0.988751232624054	0.006701511796563864	0.004547294229269028	0.9720883369445801	0.018485931679606438	0.009425765834748745
104	0.9864756464958191	0.008242744952440262	0.005281638819724321	0.9875242710113525	0.007435575593262911	0.005040195304900408
105	0.9928262233734131	0.004970102105289698	0.002203738084062934	0.5894314050674438	0.3804766535758972	0.030091920867562294
106	0.991517961025238	0.005331126041710377	0.0031508945394307375	0.9925746917724609	0.005447770468890667	0.0019775209948420525
107	0.9856876730918884	0.008929608389735222	0.005382690578699112	0.9847931861877441	0.00912453979253769	0.006082336418330669
108	0.9896771907806396	0.007626830600202084	0.002695956267416477	0.9781437516212463	0.01883540488779545	0.0030208597891032696
109	0.8940725326538086	0.043934550136327744	0.0619928278028965	0.39249110221862793	0.132515087723732	0.4749937355518341
110	0.9252856969833374	0.05200200900435448	0.02271229773759842	0.9583570957183838	0.029357554391026497	0.012285333126783371
111	0.9907562136650085	0.005986419972032309	0.0032574275974184275	0.9938668608665466	0.005017492920160294	0.0011156407417729497
112	0.878935694694519	0.11712642014026642	0.0039377957582473755	0.9058087468147278	0.07407093793153763	0.020120244473218918
113	0.9884613752365112	0.009556733071804047	0.0019819012377411127	0.9899189472198486	0.007985836826264858	0.002095249481499195
114	0.9864565134048462	0.010224211029708385	0.003319388022646308	0.9864711165428162	0.008889410644769669	0.00463949516415596
115	0.9875548481941223	0.011231780052185059	0.0012133487034589052	0.9935867786407471	0.0053835841827094555	0.0010296968976035714
116	0.9909787178039551	0.0046049971133470535	0.004416273441165686	0.9914432168006897	0.004304585512727499	0.004252202808856964
117	0.5425020456314087	0.07959777116775513	0.3779001533985138	0.14535176753997803	0.22831031680107117	0.6263378858566284
118	0.014454800635576248	0.025349821895360947	0.9601954221725464	0.02405126765370369	0.03973579406738281	0.9362128973007202
119	0.9874860644340515	0.010428717359900475	0.002085223328322172	0.9797862768173218	0.018375219777226448	0.0018383811693638563
120	0.9935057163238525	0.005577054340392351	0.0009171707206405699	0.12359924614429474	0.8670161962509155	0.00938453245908022
121	0.38815900683403015	0.012972946278750896	0.5988680720329285	0.8589993715286255	0.05201098695397377	0.08898966759443283
122	0.6475408673286438	0.03860735520720482	0.3138517737388611	0.837913453578949	0.037811826914548874	0.12427469342947006
123	0.9956543445587158	0.0029462261591106653	0.0013993566390126944	0.9950083494186401	0.003575481940060854	0.001416133251041174
124	0.9885203242301941	0.009939083829522133	0.0015406929887831211	0.9917973279953003	0.006765298545360565	0.0014373338781297207
125	0.9920286536216736	0.006500465329736471	0.0014709640527144074	0.9906594753265381	0.007841530255973339	0.001498977653682232
126	0.9961787462234497	0.0023304405622184277	0.0014908567536622286	0.9866970181465149	0.00446384446695447	0.008839188143610954
127	0.9881167411804199	0.008170926943421364	0.0037123863585293293	0.9635988473892212	0.029105836525559425	0.007295313756912947
128	0.18474209308624268	0.7920029163360596	0.023255059495568275	0.8482516407966614	0.14541420340538025	0.006334153935313225
129	0.5623894929885864	0.4314822554588318	0.0061282748356461525	0.7654523253440857	0.16609890758991241	0.06844877451658249
130	0.9956426620483398	0.0029663569293916225	0.0013909147819504142	0.9915590286254883	0.005558856762945652	0.0028821658343076706
131	0.9893020987510681	0.007069841958582401	0.0036281447391957045	0.9909494519233704	0.006766732316464186	0.0022838290315121412
132	0.982081949710846	0.013387721963226795	0.004530440084636211	0.9933445453643799	0.005222680047154427	0.0014327607350423932
133	0.984123170375824	0.010196014307439327	0.0056808036752045155	0.9827225208282471	0.010694650001823902	0.006582822650671005
134	0.9227925539016724	0.07454322278499603	0.002664263127371669	0.9089112281799316	0.08860144764184952	0.002487300196662545
135	0.9925922155380249	0.005305954720824957	0.002101792488247156	0.9875685572624207	0.009416953660547733	0.003014396410435438
136	0.988004207611084	0.008147899061441422	0.003847945248708129	0.9873003363609314	0.007135138381272554	0.00556453550234437
137	0.9873746037483215	0.010519647970795631	0.0021056928671896458	0.9866153001785278	0.011189676821231842	0.0021950379014015198
138	0.9912806153297424	0.007704203017055988	0.0010152066824957728	0.9032833576202393	0.09585777670145035	0.0008588751079514623
139	0.9901400208473206	0.005640469491481781	0.004219446796923876	0.9552208185195923	0.012894687242805958	0.03188447281718254
140	0.987886905670166	0.009671427309513092	0.002441602759063244	0.9914085268974304	0.006753555964678526	0.001837864168919623
141	0.9320983290672302	0.03292464092373848	0.03497704491019249	0.6534926295280457	0.03496924787759781	0.3115381598472595
142	0.9583433270454407	0.023476149886846542	0.01818053238093853	0.9749934673309326	0.0187538955360651	0.0062525952234864235
143	0.8518850803375244	0.050927259027957916	0.09718769043684006	0.7543126344680786	0.0732772946357727	0.17241013050079346
144	0.4815153479576111	0.18948601186275482	0.32899871468544006	0.3105733096599579	0.11216741055250168	0.5772592425346375
145	0.10482323914766312	0.012341522611677647	0.8828352689743042	0.7273247838020325	0.07235872000455856	0.20031645894050598
146	0.9921425580978394	0.00655791163444519	0.001299580791965127	0.9921258687973022	0.006214310880750418	0.0016598169459030032
147	0.002529160352423787	0.0027250368148088455	0.9947458505630493	0.0035984546411782503	0.0034761910792440176	0.9929254055023193
148	0.9880069494247437	0.009856179356575012	0.002136843279004097	0.9795778393745422	0.015235025435686111	0.0051871356554329395
149	0.994506299495697	0.004490761086344719	0.001002997625619173	0.9967347979545593	0.0022260253317654133	0.0010391919640824199
150	0.9896590113639832	0.007052294909954071	0.0032887468114495277	0.9854274392127991	0.009404515847563744	0.005168117582798004
151	0.981895387172699	0.014555755071341991	0.0035488882567733526	0.9820514917373657	0.014359559863805771	0.003589001717045903
152	0.9884145259857178	0.008284764364361763	0.0033007578458637	0.9612292051315308	0.021222421899437904	0.017548341304063797
153	0.9908686876296997	0.007749884855002165	0.0013814648846164346	0.9656279683113098	0.03243746608495712	0.001934547908604145
154	0.980143129825592	0.011419814079999924	0.008437085896730423	0.9726411700248718	0.015793215483427048	0.01156557071954012
155	0.9705402851104736	0.01679089106619358	0.012668749317526817	0.9496923685073853	0.020663803443312645	0.02964375913143158
156	0.9910508394241333	0.00724009657278657	0.0017090189503505826	0.9857568144798279	0.011184045113623142	0.003059147857129574
157	0.9701576828956604	0.02228357084095478	0.0075588165782392025	0.9557910561561584	0.028202008455991745	0.01600692979991436
158	0.9856093525886536	0.01099176425486803	0.00339888664893806	0.9760639667510986	0.020404035225510597	0.003531992668285966
159	0.9655429124832153	0.03050018660724163	0.003956858534365892	0.002711396897211671	0.9969922304153442	0.0002963948354590684
160	0.8646559715270996	0.01038236916065216	0.12496162950992584	0.9669988751411438	0.00868228543549776	0.02431882917881012
161	0.9874940514564514	0.006970928516238928	0.005535045638680458	0.9861018657684326	0.0075957817025482655	0.006302329711616039
162	0.5026758909225464	0.1362207978963852	0.3611033260822296	0.7664092779159546	0.06751123070716858	0.16607950627803802
163	0.9108328819274902	0.021587777882814407	0.06757929921150208	0.6937146186828613	0.04648708924651146	0.2597983181476593
164	0.9865778684616089	0.01219230331480503	0.0012298555811867118	0.9872800707817078	0.011365045793354511	0.0013548347633332014
165	0.9895203113555908	0.006072180811315775	0.0044074952602386475	0.9902158975601196	0.005870900582522154	0.003913191147148609
166	0.9898654818534851	0.007951133884489536	0.0021833456121385098	0.9934412240982056	0.0054883938282728195	0.0010703771840780973
167	0.9510919451713562	0.015413339249789715	0.03349480777978897	0.9429837465286255	0.021194498986005783	0.035821814090013504
168	0.6144521832466125	0.04091643542051315	0.34463146328926086	0.21231941878795624	0.023383529856801033	0.7642970681190491
169	0.9851195216178894	0.010057550854980946	0.0048229810781776905	0.9750077724456787	0.019430935382843018	0.005561244208365679
170	0.9805251359939575	0.015974972397089005	0.003499946091324091	0.9786816239356995	0.016894981265068054	0.004423303063958883
171	0.907303512096405	0.025893354788422585	0.06680307537317276	0.9851528406143188	0.00941014289855957	0.005436920560896397
172	0.9893792271614075	0.008323264308273792	0.0022975460160523653	0.9901824593544006	0.008479496464133263	0.0013380356831476092
173	0.907667338848114	0.08154366910457611	0.010788945481181145	0.9277963042259216	0.04016685485839844	0.03203682228922844
174	0.9956272840499878	0.0017561650602146983	0.0026165673043578863	0.9955995082855225	0.003085046773776412	0.0013154182815924287
175	0.9668318033218384	0.029050229117274284	0.004117916338145733	0.9537087678909302	0.04282962158322334	0.003461576532572508
176	0.9879974126815796	0.003460586303845048	0.008541980758309364	0.9962305426597595	0.0016475068405270576	0.0021218284964561462
177	0.985706090927124	0.011621203273534775	0.0026727847289294004	0.9927048087120056	0.006202503107488155	0.0010926304385066032
178	0.9863189458847046	0.01039095688611269	0.0032900520600378513	0.9903064966201782	0.00744497450068593	0.002248553093522787
179	0.9824855327606201	0.013982489705085754	0.003531962400302291	0.9825829267501831	0.013860459439456463	0.003556624986231327
180	0.9945816397666931	0.003649552818387747	0.00176883558742702	0.9947223663330078	0.0036861738190054893	0.0015914174728095531
181	0.9893388152122498	0.00785684771835804	0.002804385730996728	0.9893237948417664	0.007624048739671707	0.0030521871522068977
182	0.9801355600357056	0.014028911478817463	0.005835507530719042	0.8716389536857605	0.1266345977783203	0.0017264352645725012
183	0.9233347773551941	0.05416842922568321	0.02249682880938053	0.9309247732162476	0.037890419363975525	0.031184867024421692
184	0.7712429761886597	0.044785548001527786	0.18397146463394165	0.6970539689064026	0.0312035009264946	0.27174249291419983
185	0.9793796539306641	0.014711556024849415	0.005908828694373369	0.9553837180137634	0.03528498485684395	0.009331262670457363
186	0.7639974355697632	0.0800890177488327	0.15591347217559814	0.7505807280540466	0.0801764726638794	0.16924279928207397
187	0.9931584000587463	0.004664222244173288	0.0021773590706288815	0.9939125776290894	0.004015863407403231	0.002071540802717209
188	0.0061853681690990925	0.012361949309706688	0.9814527034759521	0.0010520557407289743	0.0018355021020397544	0.9971123933792114
189	0.9722394943237305	0.026569360867142677	0.0011911347974091768	0.9679610729217529	0.03075554035604	0.0012834025546908379
190	0.8849925398826599	0.10410778224468231	0.010899710468947887	0.8881661891937256	0.09829113632440567	0.01354270987212658
191	0.07466709613800049	0.03478359803557396	0.8905492424964905	0.47960394620895386	0.09644928574562073	0.4239467978477478
192	0.0027893122751265764	0.004006045404821634	0.9932045936584473	0.0012948259245604277	0.014922390691936016	0.9837828278541565
193	0.9848458766937256	0.011965392157435417	0.003188767936080694	0.9821310043334961	0.012919560074806213	0.004949389025568962
194	0.9842981100082397	0.009579035453498363	0.006122840568423271	0.9895288348197937	0.0074653238989412785	0.0030059372074902058
195	0.9629018306732178	0.034148894250392914	0.0029493370093405247	0.981705904006958	0.013864565640687943	0.004429548047482967
196	0.9902698993682861	0.007452388759702444	0.0022777444683015347	0.9875592589378357	0.009455074556171894	0.0029856436885893345
197	0.9921693205833435	0.004431212320923805	0.0033994666300714016	0.4860469102859497	0.5119501352310181	0.0020030071027576923
198	0.9807023406028748	0.015045294538140297	0.004252373706549406	0.9830332398414612	0.01497169304639101	0.0019950696732848883
199	0.9964273571968079	0.0025216559879481792	0.0010510031133890152	0.98450767993927	0.014592560939490795	0.0008996755350381136
