0	0.9532350897789001	0.03184927627444267	0.014915705658495426	0.001353201805613935	0.9981868863105774	0.00045992189552634954
1	0.9846441745758057	0.013709813356399536	0.0016460500191897154	0.19815702736377716	0.797117292881012	0.004725696053355932
2	0.9770480394363403	0.014164728112518787	0.008787182159721851	0.3823032081127167	0.6045288443565369	0.013167934492230415
3	0.917686402797699	0.03014368750154972	0.052169885486364365	0.1258014738559723	0.8436615467071533	0.030536942183971405
4	0.9792777895927429	0.014528822153806686	0.006193341221660376	0.01437806524336338	0.9804129004478455	0.005209024529904127
5	0.9871921539306641	0.009222595021128654	0.003585350001230836	0.018401477485895157	0.9781782031059265	0.0034203024115413427
6	0.985771656036377	0.011996393091976643	0.0022319513373076916	0.8825281262397766	0.11418215930461884	0.0032897344790399075
7	0.9390131235122681	0.036719854921102524	0.02426699921488762	0.21483595669269562	0.7750446796417236	0.010119377635419369
8	0.9831587076187134	0.007797785568982363	0.009043458849191666	0.2802068293094635	0.7048097252845764	0.014983445405960083
9	0.9857833385467529	0.010626663453876972	0.0035900049842894077	0.012037538923323154	0.985519528388977	0.002442902885377407
10	0.9642104506492615	0.029366960749030113	0.006422505248337984	0.13161468505859375	0.8649206757545471	0.0034645425621420145
11	0.32438018918037415	0.032328344881534576	0.6432914733886719	0.05156460776925087	0.5710024237632751	0.3774329721927643
12	0.9394180774688721	0.039932731539011	0.020649287849664688	0.24226386845111847	0.7379518151283264	0.01978430710732937
13	0.9672107100486755	0.020098155364394188	0.012691175565123558	0.26601076126098633	0.5365325212478638	0.1974567174911499
14	0.9594861268997192	0.023640615865588188	0.016873279586434364	0.26285213232040405	0.5613069534301758	0.17584088444709778
15	0.39273011684417725	0.03997120261192322	0.5672986507415771	0.03898650407791138	0.5823682546615601	0.37864527106285095
16	0.9915546774864197	0.004243393428623676	0.004201947245746851	0.00039347363053821027	0.9991682767868042	0.00043827894842252135
17	0.9704303741455078	0.01736600138247013	0.012203613296151161	0.17238400876522064	0.8241869807243347	0.003429064294323325
18	0.6093522906303406	0.043323665857315063	0.34732407331466675	0.04902871325612068	0.9383352398872375	0.012636064551770687
19	0.9723221063613892	0.01669245772063732	0.010985426604747772	0.9400908350944519	0.05548124015331268	0.004427859093993902
20	0.9643505811691284	0.02070745825767517	0.014941987581551075	0.005856385454535484	0.9930934906005859	0.0010501232463866472
21	0.8922421336174011	0.05350377410650253	0.05425410717725754	0.015508952550590038	0.7611929178237915	0.22329814732074738
22	0.9807348847389221	0.012876838445663452	0.006388230249285698	0.9717952013015747	0.02580888383090496	0.002395899500697851
23	0.9567670226097107	0.034196946769952774	0.009036011062562466	0.9915677905082703	0.006708361674100161	0.001723934430629015
24	0.8700963258743286	0.015354744158685207	0.11454897373914719	0.009823337197303772	0.9885504841804504	0.0016261659329757094
25	0.20147359371185303	0.033887408673763275	0.7646389603614807	0.14462769031524658	0.8501700758934021	0.0052021644078195095
26	0.8628206253051758	0.03257078677415848	0.10460860282182693	0.005771830677986145	0.968186616897583	0.02604144625365734
27	0.9832175970077515	0.014217989519238472	0.0025644360575824976	0.006765390280634165	0.8242062330245972	0.16902831196784973
28	0.9952432513237	0.0033710456918925047	0.001385604846291244	0.9314989447593689	0.06748341023921967	0.001017698785290122
29	0.9717075824737549	0.019966429099440575	0.008325949311256409	0.1060178279876709	0.8925657868385315	0.0014164592139422894
30	0.9692655801773071	0.02031049318611622	0.010423915460705757	0.6637087464332581	0.3316107988357544	0.004680476617068052
31	0.978521466255188	0.016564028337597847	0.00491450447589159	0.01979321986436844	0.9791545271873474	0.0010522559750825167
32	0.9781322479248047	0.016347235068678856	0.005520520731806755	0.0005703584174625576	0.9984861016273499	0.0009435988031327724
33	0.9543350338935852	0.021964414045214653	0.02370058372616768	0.025075329467654228	0.9723324775695801	0.0025922125205397606
34	0.9225829839706421	0.0422537699341774	0.03516329079866409	0.0027617940213531256	0.9968003034591675	0.0004379267047625035
35	0.9773632287979126	0.016459928825497627	0.006176810245960951	0.424439013004303	0.5687687993049622	0.006792090367525816
36	0.9719790816307068	0.02027238719165325	0.007748476229608059	0.4130978286266327	0.5274526476860046	0.05944955721497536
37	0.9469237327575684	0.047860801219940186	0.005215443670749664	0.018237298354506493	0.9796776175498962	0.0020851597655564547
38	0.9693547487258911	0.010026436299085617	0.020618828013539314	0.004615162964910269	0.990443766117096	0.004941141698509455
39	0.9939087629318237	0.0044322507455945015	0.001658950699493289	0.027876118198037148	0.9712396860122681	0.0008842722163535655
40	0.9836840629577637	0.01161032821983099	0.0047055925242602825	0.08460747450590134	0.9144493937492371	0.0009431149228475988
41	0.9798123836517334	0.014200267381966114	0.0059873140417039394	0.9381658434867859	0.03284011036157608	0.028994055464863777
42	0.9104028940200806	0.0187700055539608	0.07082706689834595	0.004925983492285013	0.9601942300796509	0.034879863262176514
43	0.92782062292099	0.027560384944081306	0.04461895674467087	0.8059002757072449	0.15707215666770935	0.037027571350336075
44	0.8381609320640564	0.03721731901168823	0.1246216893196106	0.04161817580461502	0.9553307294845581	0.003051097271963954
45	0.9711316227912903	0.010868914425373077	0.017999421805143356	0.0003663867828436196	0.9994350075721741	0.00019856091239489615
46	0.9746273756027222	0.013515928760170937	0.011856768280267715	0.05501106008887291	0.9388580322265625	0.0061309365555644035
47	0.9866368174552917	0.01046957727521658	0.002893630648031831	0.03564164787530899	0.9604175686836243	0.003940725699067116
48	0.7399750351905823	0.028911443427205086	0.2311134934425354	0.006452309899032116	0.9820520281791687	0.011495637707412243
49	0.9676552414894104	0.026434211060404778	0.005910634994506836	0.14693640172481537	0.8468591570854187	0.006204451434314251
50	0.9493336081504822	0.016785234212875366	0.03388109803199768	0.6467021703720093	0.12040841579437256	0.23288944363594055
51	0.807560384273529	0.04877079278230667	0.1436687558889389	0.030285263434052467	0.8188953399658203	0.15081948041915894
52	0.9828683137893677	0.009236407466232777	0.007895308546721935	0.025874746963381767	0.9715178608894348	0.002607473637908697
53	0.9737693071365356	0.015807418152689934	0.010423318482935429	0.2730400562286377	0.7222331762313843	0.004726782441139221
54	0.8501207232475281	0.047787219285964966	0.10209205001592636	0.3461236357688904	0.6469517350196838	0.006924586836248636
55	0.9785207509994507	0.01621915213763714	0.0052600037306547165	0.0037101770285516977	0.9958199262619019	0.0004698949633166194
56	0.836405873298645	0.04270157963037491	0.12089256942272186	0.017426740378141403	0.9809644818305969	0.001608769060112536
57	0.9573164582252502	0.013788018375635147	0.028895525261759758	0.009506217204034328	0.9893452525138855	0.001148447161540389
58	0.986842691898346	0.010568805038928986	0.00258847838267684	0.0073697324842214584	0.9902458190917969	0.0023843718226999044
59	0.9845276474952698	0.010103212669491768	0.0053690518252551556	0.0429471917450428	0.9448691606521606	0.012183590792119503
60	0.9621513485908508	0.008823317475616932	0.029025359079241753	0.0007435180013999343	0.9953793287277222	0.00387722160667181
61	0.9879992008209229	0.009898792020976543	0.0021020022686570883	0.9756240844726562	0.02300058677792549	0.0013752554077655077
62	0.9111489653587341	0.05218089744448662	0.03667015954852104	0.0041163284331560135	0.9443204402923584	0.05156324431300163
63	0.9051671028137207	0.05390092357993126	0.040932003408670425	0.16005939245224	0.8280355334281921	0.011905030347406864
64	0.9896341562271118	0.008533058688044548	0.0018328828737139702	0.06096891313791275	0.9377014636993408	0.0013296453980728984
65	0.8352360129356384	0.06252777576446533	0.10223624110221863	0.005154544021934271	0.994452178478241	0.0003931690298486501
66	0.7559409141540527	0.10932015627622604	0.13473893702030182	0.14806988835334778	0.8308579921722412	0.021072139963507652
67	0.9857682585716248	0.012790794484317303	0.0014409500872716308	0.019891997799277306	0.9790118336677551	0.0010961886728182435
68	0.7243001461029053	0.05937500670552254	0.2163248211145401	0.02295777201652527	0.9717153906822205	0.0053269327618181705
69	0.9859243035316467	0.011025359854102135	0.0030502716545015574	0.4493635892868042	0.5389671921730042	0.011669185012578964
70	0.9798852801322937	0.017858996987342834	0.002255714265629649	0.5157037377357483	0.47837433218955994	0.005921866279095411
71	0.9937226176261902	0.004579254426062107	0.001698093255981803	0.001014003180898726	0.9985007047653198	0.00048530648928135633
72	0.050790175795555115	0.01720917783677578	0.9320006370544434	0.005130622070282698	0.9777692556381226	0.017100173979997635
73	0.9797362089157104	0.015405440703034401	0.0048583438619971275	0.1698385328054428	0.8256372809410095	0.004524135962128639
74	0.9579357504844666	0.03230474889278412	0.009759409353137016	0.2708420753479004	0.7014959454536438	0.027661895379424095
75	0.9898471236228943	0.006864822003990412	0.003288048319518566	0.8375597596168518	0.16084405779838562	0.0015962317120283842
76	0.9783322215080261	0.01691749133169651	0.004750263877213001	0.2091749906539917	0.781899631023407	0.008925346657633781
77	0.996528685092926	0.002127664862200618	0.0013437307206913829	0.004310919437557459	0.995287299156189	0.0004017695609945804
78	0.8845446109771729	0.029849443584680557	0.08560597896575928	0.1995844841003418	0.621319591999054	0.17909587919712067
79	0.9779316782951355	0.014660939574241638	0.007407392840832472	0.017472190782427788	0.9813025593757629	0.0012252858141437173
80	0.9910049438476562	0.0042824107222259045	0.004712553229182959	0.003934310749173164	0.994729220867157	0.0013364821206778288
81	0.9800623059272766	0.014344434253871441	0.005593278910964727	0.005499320104718208	0.9910745024681091	0.0034262114204466343
82	0.6705717444419861	0.042612332850694656	0.286815881729126	0.6652761101722717	0.16505545377731323	0.16966846585273743
83	0.9100444912910461	0.05150929093360901	0.03844628855586052	0.001262003555893898	0.9970225691795349	0.0017154777888208628
84	0.9725840091705322	0.018732471391558647	0.008683505468070507	0.14196255803108215	0.8532710075378418	0.00476641021668911
85	0.032305605709552765	0.07121196389198303	0.8964824080467224	0.007586090825498104	0.8876748085021973	0.10473906248807907
86	0.9738857746124268	0.020573262125253677	0.005540895275771618	0.44786593317985535	0.5480815768241882	0.004052451811730862
87	0.9359915256500244	0.043813783675432205	0.020194657146930695	0.008186757564544678	0.9864305257797241	0.005382774863392115
88	0.8652911186218262	0.025307027623057365	0.10940184444189072	0.08495553582906723	0.061013925820589066	0.8540304899215698
89	0.9763293266296387	0.017514890059828758	0.0061557115986943245	0.012854074127972126	0.9841885566711426	0.002957361750304699
90	0.9596560597419739	0.027733223512768745	0.012610728852450848	0.6801790595054626	0.3154633641242981	0.004357595928013325
91	0.9925432205200195	0.00463689211755991	0.0028199267107993364	0.008487507700920105	0.9903851747512817	0.001127314753830433
92	0.9867150187492371	0.01081892941147089	0.002466001780703664	0.015311066061258316	0.9833021759986877	0.0013866960071027279
93	0.8840973973274231	0.02928883023560047	0.0866137444972992	0.019634874537587166	0.9782001376152039	0.0021649966947734356
94	0.03383665904402733	0.0061911046504974365	0.9599722623825073	0.025353990495204926	0.5140454769134521	0.4606005549430847
95	0.9832278490066528	0.007423927076160908	0.009348216466605663	0.0008557853288948536	0.9986365437507629	0.0005076739471405745
96	0.9834204316139221	0.010502028279006481	0.006077444646507502	0.9894529581069946	0.00749558350071311	0.0030514097306877375
97	0.04250308498740196	0.020189300179481506	0.937307596206665	0.007585343439131975	0.985275149345398	0.007139504421502352
98	0.9284732341766357	0.022510886192321777	0.049015965312719345	0.8833226561546326	0.1090618222951889	0.007615493610501289
99	0.9745409488677979	0.021420234814286232	0.004038756713271141	0.8822776675224304	0.10856542736291885	0.009156955406069756
100	0.9607537388801575	0.025257544592022896	0.013988618738949299	0.32647642493247986	0.665924072265625	0.007599570322781801
101	0.9876673221588135	0.00853172317147255	0.003800952108576894	0.01878662221133709	0.9778995513916016	0.003313914407044649
102	0.9370909929275513	0.017550824210047722	0.04535819962620735	0.00869892630726099	0.989725649356842	0.001575397327542305
103	0.9891811013221741	0.00660371920093894	0.0042151715606451035	0.0019355060067027807	0.9973451495170593	0.000719385570846498
104	0.9851059913635254	0.010353301651775837	0.0045407298021018505	0.9753844738006592	0.018763016909360886	0.005852437578141689
105	0.9653543829917908	0.011967047117650509	0.022678593173623085	0.00234718038700521	0.9971954822540283	0.00045726654934696853
106	0.9813557267189026	0.01635785400867462	0.0022864416241645813	0.003058168338611722	0.9874120950698853	0.009529723785817623
107	0.9762848019599915	0.01254534162580967	0.011169944889843464	0.006518188398331404	0.9843199849128723	0.009161780588328838
108	0.951481282711029	0.024756062775850296	0.023762669414281845	0.20192191004753113	0.7940666079521179	0.004011394921690226
109	0.9834729433059692	0.01178665366023779	0.004740497563034296	0.0032682358287274837	0.994459867477417	0.0022718918044120073
110	0.5848948955535889	0.06489825248718262	0.35020682215690613	0.0142092015594244	0.9738925695419312	0.011898210272192955
111	0.9304584860801697	0.04014812782406807	0.029393412172794342	0.8869330286979675	0.1092115193605423	0.0038554819766432047
112	0.8967293500900269	0.06006447225809097	0.043206214904785156	0.006840929388999939	0.9912996888160706	0.0018593366257846355
113	0.9464080333709717	0.034301530569791794	0.019290423020720482	0.2393990010023117	0.757940948009491	0.0026599757838994265
114	0.9679015278816223	0.015449190512299538	0.016649315133690834	0.9324884414672852	0.06444067507982254	0.003070908598601818
115	0.9764469861984253	0.01877806894481182	0.004775056149810553	0.0058162822388112545	0.9841779470443726	0.010005753487348557
116	0.8873785734176636	0.025423262268304825	0.08719824999570847	0.08200035244226456	0.7991252541542053	0.11887438595294952
117	0.9429743885993958	0.037078458815813065	0.01994720846414566	0.03701742738485336	0.9535987377166748	0.009383772499859333
118	0.9816554188728333	0.014901208691298962	0.0034433885011821985	0.01464296318590641	0.984296977519989	0.0010600738460198045
119	0.9843840599060059	0.013279049657285213	0.002336912089958787	0.01181401964277029	0.9848735332489014	0.003312491113319993
120	0.9885081648826599	0.009757056832313538	0.0017347376560792327	0.002715393202379346	0.9968756437301636	0.00040890570380724967
121	0.8369505405426025	0.020379038527607918	0.14267036318778992	0.0030314219184219837	0.9924505352973938	0.004518046509474516
122	0.90125972032547	0.05709598585963249	0.04164432734251022	0.09492325782775879	0.8946923017501831	0.010384432971477509
123	0.9895488023757935	0.007641365751624107	0.0028099259361624718	0.9917719960212708	0.007367998827248812	0.0008600412402302027
124	0.9378508925437927	0.02955307438969612	0.03259597346186638	0.06295309215784073	0.9140937328338623	0.02295326255261898
125	0.010395434685051441	0.003221462480723858	0.9863830804824829	0.07870472222566605	0.027596337720751762	0.8936989903450012
126	0.9916123151779175	0.004404934123158455	0.003982683178037405	0.018820177763700485	0.9793675541877747	0.0018122905166819692
127	0.9406284093856812	0.044062722474336624	0.01530883926898241	0.007962257601320744	0.9879476428031921	0.004090124275535345
128	0.9937090873718262	0.004824596922844648	0.0014663408510386944	0.013117557391524315	0.9484026432037354	0.0384797677397728
129	0.972068727016449	0.016870375722646713	0.011060908436775208	0.006860461551696062	0.9706019759178162	0.022537607699632645
130	0.989099383354187	0.00781492330133915	0.0030856693629175425	0.008164393715560436	0.9891993403434753	0.002636238932609558
131	0.9324073791503906	0.04812433570623398	0.019468272104859352	0.003000306198373437	0.9893724322319031	0.007627238053828478
132	0.011972720734775066	0.002561264904215932	0.9854660034179688	0.020330877974629402	0.9443666934967041	0.03530247509479523
133	0.7269517183303833	0.025569256395101547	0.24747897684574127	0.2301112413406372	0.5964218974113464	0.17346693575382233
134	0.9659697413444519	0.025246741250157356	0.008783509954810143	0.03142404183745384	0.9671282172203064	0.0014477311633527279
135	0.9756701588630676	0.008949735201895237	0.015380099415779114	0.003570736851543188	0.9930720925331116	0.003357277251780033
136	0.9743129014968872	0.008250780403614044	0.01743633672595024	0.0228755921125412	0.9537296295166016	0.023394862189888954
137	0.9894130825996399	0.008275480940937996	0.0023114089854061604	0.036292076110839844	0.9551740884780884	0.008533885702490807
138	0.9896950721740723	0.007764928042888641	0.0025400579907000065	0.9466188549995422	0.05216896906495094	0.001212205970659852
139	0.7027387619018555	0.08659721165895462	0.2106640338897705	0.2327726036310196	0.49294760823249817	0.27427977323532104
140	0.9730334281921387	0.015300177037715912	0.01166634913533926	0.2644156217575073	0.7022229433059692	0.03336133807897568
141	0.9588119387626648	0.03533988445997238	0.005848282482475042	0.038807373493909836	0.9524089097976685	0.008783658966422081
142	0.9461513161659241	0.020026344805955887	0.03382230922579765	0.8225048184394836	0.16800397634506226	0.009491252712905407
143	0.9435710310935974	0.018387656658887863	0.03804128244519234	0.29449138045310974	0.31283190846443176	0.39267662167549133
144	0.8930954337120056	0.06081283837556839	0.0460917204618454	0.935002326965332	0.049841683357954025	0.015156025066971779
145	0.9819231629371643	0.007532637100666761	0.010544151067733765	0.030325721949338913	0.955687940120697	0.013986398465931416
146	0.9947524070739746	0.0042730290442705154	0.0009745236020535231	0.012251060456037521	0.9869813323020935	0.0007676262757740915
147	0.9583935737609863	0.02871270477771759	0.012893686071038246	0.019796043634414673	0.9789100289344788	0.0012938929721713066
148	0.9615491032600403	0.02692835032939911	0.011522621847689152	0.002724079415202141	0.9928205609321594	0.004455459304153919
149	0.9796978235244751	0.01191074401140213	0.008391470648348331	0.004644875880330801	0.9924957752227783	0.0028592899907380342
150	0.9636933207511902	0.01954541727900505	0.016761336475610733	0.13288891315460205	0.8516689538955688	0.015442137606441975
151	0.9816704988479614	0.014140995219349861	0.004188485909253359	0.024018945172429085	0.9729728698730469	0.003008273895829916
152	0.987173318862915	0.009500875137746334	0.003325721016153693	0.2558758854866028	0.7381314039230347	0.005992718506604433
153	0.9774346351623535	0.018915295600891113	0.003650109516456723	0.9109216928482056	0.08822318911552429	0.0008549921913072467
154	0.963927149772644	0.021113615483045578	0.014959153719246387	0.2817709445953369	0.7102744579315186	0.007954498752951622
155	0.9847180247306824	0.012819275259971619	0.002462621545419097	0.014798766933381557	0.9836645722389221	0.0015366211300715804
156	0.9763072729110718	0.018109409138560295	0.005583303514868021	0.00856778398156166	0.9891756176948547	0.0022566388361155987
157	0.9325810670852661	0.0318409763276577	0.035577911883592606	0.17040430009365082	0.2925863564014435	0.5370093584060669
158	0.21556106209754944	0.10254745185375214	0.6818914413452148	0.25182509422302246	0.6370916962623596	0.11108318716287613
159	0.9036341309547424	0.029641414061188698	0.06672448664903641	0.03971722349524498	0.9527337551116943	0.007549094967544079
160	0.7858669757843018	0.046623751521110535	0.1675092577934265	0.0008834228501655161	0.9970320463180542	0.0020844675600528717
161	0.02055123634636402	0.0022234723437577486	0.9772252440452576	0.006064247339963913	0.038462456315755844	0.9554732441902161
162	0.975618839263916	0.01616748422384262	0.008213615044951439	0.7781155109405518	0.21046237647533417	0.011422100476920605
163	0.8474982380867004	0.038969844579696655	0.11353185772895813	0.022927772253751755	0.34491199254989624	0.6321601867675781
164	0.9692243933677673	0.02612142078578472	0.0046542249619960785	0.09953831881284714	0.8974448442459106	0.003016882110387087
165	0.9912135004997253	0.005932705011218786	0.0028538943734019995	0.00972677581012249	0.9825968146324158	0.007676409557461739
166	0.9857037663459778	0.01051169540733099	0.003784562461078167	0.002080298727378249	0.9976268410682678	0.00029291221289895475
167	0.9910422563552856	0.006740837823599577	0.0022168850991874933	0.10257504880428314	0.886824369430542	0.010600640438497066
168	0.9588540196418762	0.023617642000317574	0.01752837374806404	0.02474942058324814	0.9676822423934937	0.007568277418613434
169	0.8690009713172913	0.07986749708652496	0.05113157629966736	0.04511402174830437	0.9496344327926636	0.005251591093838215
170	0.9769823551177979	0.018049752339720726	0.0049677821807563305	0.691299557685852	0.2927987575531006	0.015901699662208557
171	0.9655908346176147	0.014954769983887672	0.01945437304675579	0.9175093173980713	0.08169247210025787	0.0007982199313119054
172	0.932307243347168	0.03709806129336357	0.03059462271630764	0.016780998557806015	0.9826186895370483	0.0006003039306961
173	0.9814497232437134	0.010790593922138214	0.007759686093777418	0.7179186344146729	0.2796221673488617	0.00245922664180398
174	0.9824052453041077	0.00468761520460248	0.012907156720757484	0.001600505318492651	0.9976550340652466	0.0007444244110956788
175	0.9728675484657288	0.015813063830137253	0.011319397017359734	0.004647709429264069	0.9936762452125549	0.001676045241765678
176	0.988051176071167	0.0023501014802604914	0.00959876086562872	0.0005976097891107202	0.997232973575592	0.0021694654133170843
177	0.9782825112342834	0.01795046404004097	0.0037670352030545473	0.5031547546386719	0.4941033124923706	0.002741978969424963
178	0.8820549249649048	0.024052083492279053	0.09389296174049377	0.01923852413892746	0.9725576043128967	0.008203841745853424
179	0.9513508081436157	0.025889938697218895	0.022759344428777695	0.9576869606971741	0.03832278773188591	0.003990266937762499
180	0.9918608069419861	0.005004202481359243	0.003134959377348423	0.06280893087387085	0.624736487865448	0.31245455145835876
181	0.980008602142334	0.015782536938786507	0.004208846483379602	0.05823088809847832	0.9393674731254578	0.0024017139803618193
182	0.9853941202163696	0.012001609429717064	0.0026042500976473093	0.001972551690414548	0.9975773692131042	0.00045013605267740786
183	0.9425665140151978	0.03867027536034584	0.01876324601471424	0.9270339608192444	0.06572648882865906	0.007239624857902527
184	0.0020606154575943947	0.001390959951095283	0.9965484738349915	0.0002899918763432652	0.006483933422714472	0.9932261109352112
185	0.9171125292778015	0.05836672708392143	0.02452080138027668	0.03172595798969269	0.9640340805053711	0.0042398832738399506
186	0.6251035928726196	0.052647821605205536	0.32224851846694946	0.001852376852184534	0.9848484396934509	0.013299225829541683
187	0.9838160872459412	0.012545747682452202	0.0036381552927196026	0.9085006713867188	0.09009237587451935	0.0014070011675357819
188	0.9852479696273804	0.011965317651629448	0.0027867809403687716	0.8871195912361145	0.1117473766207695	0.001133063924498856
189	0.980838418006897	0.016127774491906166	0.003033787477761507	0.012305467389523983	0.9854391813278198	0.0022553675808012486
190	0.1855379045009613	0.008321687579154968	0.8061403632164001	0.01966373808681965	0.9229903817176819	0.05734587088227272
191	0.021308021619915962	0.010299209505319595	0.9683927297592163	0.005609401501715183	0.13501252233982086	0.8593780994415283
192	0.9247558116912842	0.025974879041314125	0.04926929622888565	0.0042348443530499935	0.9942072629928589	0.001557967159897089
193	0.9862812161445618	0.011524357832968235	0.0021943680476397276	0.009174421429634094	0.9900352358818054	0.00079043407458812
194	0.7344996929168701	0.0727827325463295	0.1927175670862198	0.008725425228476524	0.9899954795837402	0.0012791232438758016
195	0.9698505401611328	0.015771077945828438	0.014378407970070839	0.9700289964675903	0.02355017326772213	0.0064208065159618855
196	0.9857252836227417	0.009570336900651455	0.004704437218606472	0.0006067904178053141	0.999208390712738	0.00018485495820641518
197	0.9266124963760376	0.014104226604104042	0.05928331986069679	0.3894513249397278	0.4295480251312256	0.1810006946325302
198	0.950293779373169	0.0134140495210886	0.036292195320129395	0.0005743098445236683	0.9991028308868408	0.000322849431540817
199	0.9947859644889832	0.0035356134176254272	0.0016785275656729937	0.0018044904572889209	0.9979400038719177	0.00025547968107275665
