0	0.9908856749534607	0.007888141088187695	0.0012262397212907672	0.987054169178009	0.011595497839152813	0.0013502937508746982
1	0.35495293140411377	0.06350364536046982	0.5815434455871582	0.12211465835571289	0.022821953520178795	0.8550633788108826
2	0.9912198185920715	0.005786656867712736	0.0029935326892882586	0.990947425365448	0.00636459281668067	0.0026879466604441404
3	0.890564501285553	0.09868921339511871	0.010746345855295658	0.80498206615448	0.17436639964580536	0.020651519298553467
4	0.9821596741676331	0.011163662187755108	0.006676602642983198	0.9737526178359985	0.012845801189541817	0.013401636853814125
5	0.9892125129699707	0.009119980968534946	0.0016676094383001328	0.9858216643333435	0.011895055882632732	0.0022832308895885944
6	0.9842661619186401	0.011962631717324257	0.003771269926801324	0.9820700883865356	0.012268630787730217	0.005661226809024811
7	0.9873784184455872	0.005686257965862751	0.006935245357453823	0.985755980014801	0.006622427608817816	0.007621523924171925
8	0.9866557121276855	0.008098318241536617	0.005246079061180353	0.9762159585952759	0.010373104363679886	0.013410992920398712
9	0.9902538657188416	0.007269171066582203	0.002476968802511692	0.9775953888893127	0.015928098931908607	0.006476511247456074
10	0.9829562902450562	0.01324606966227293	0.003797573270276189	0.9811168313026428	0.016068782657384872	0.0028143678791821003
11	0.31431710720062256	0.10675709694623947	0.5789258480072021	0.34383347630500793	0.06768498569726944	0.5884814858436584
12	0.995993971824646	0.0031024289783090353	0.0009035331313498318	0.9965500831604004	0.0024745874106884003	0.0009752894402481616
13	0.8500754237174988	0.0258516613394022	0.12407294660806656	0.975288450717926	0.009748992510139942	0.014962502755224705
14	0.9903869032859802	0.008028184063732624	0.0015848289476707578	0.991671621799469	0.006909521296620369	0.0014187926426529884
15	0.9886537194252014	0.008315653540194035	0.003030704567208886	0.9888643026351929	0.007804638706147671	0.0033311541192233562
16	0.972719669342041	0.014057694002985954	0.013222641311585903	0.8787750005722046	0.026861190795898438	0.09436384588479996
17	0.982678234577179	0.013285578228533268	0.004036196507513523	0.9849953055381775	0.013060159049928188	0.0019446028163656592
18	0.9945788383483887	0.0030278905760496855	0.0023933646734803915	0.9943721294403076	0.0032794817816466093	0.0023483780678361654
19	0.9955633878707886	0.0031804959289729595	0.0012561518233269453	0.9937787652015686	0.004925264976918697	0.001295861671678722
20	0.9555533528327942	0.0402798168361187	0.004166890401393175	0.9540992975234985	0.04206587001681328	0.0038349360693246126
21	0.9697896838188171	0.02686554566025734	0.0033447882160544395	0.8834123611450195	0.09722451120615005	0.01936314068734646
22	0.7694962024688721	0.05547597259283066	0.17502786219120026	0.4609878659248352	0.08809155225753784	0.45092058181762695
23	0.9868237972259521	0.009088133461773396	0.00408807722851634	0.9881845712661743	0.008945221081376076	0.002870224416255951
24	0.596718966960907	0.06115832179784775	0.3421226739883423	0.895969569683075	0.046038731932640076	0.057991787791252136
25	0.004682290833443403	0.016001449897885323	0.9793162941932678	0.1454917937517166	0.016800353303551674	0.8377078771591187
26	0.9862290620803833	0.009267671965062618	0.0045032743364572525	0.9850613474845886	0.011236521415412426	0.0037021583411842585
27	0.6450879573822021	0.1464545726776123	0.20845746994018555	0.8418657779693604	0.10380470007658005	0.05432957038283348
28	0.9790924787521362	0.01785070076584816	0.0030567925423383713	0.9603330492973328	0.03740375116467476	0.0022631415631622076
29	0.6105502843856812	0.1525147259235382	0.23693500459194183	0.3949524164199829	0.09842178970575333	0.5066258311271667
30	0.9504677653312683	0.0423300676047802	0.007202243432402611	0.9812507629394531	0.0167640782892704	0.0019851727411150932
31	0.9850767254829407	0.011273830197751522	0.0036494950763881207	0.9861066341400146	0.009721506386995316	0.004171807784587145
32	0.9881213903427124	0.005940811708569527	0.005937801208347082	0.9879191517829895	0.005886296276003122	0.006194491405040026
33	0.9895806908607483	0.008537725545465946	0.0018815321382135153	0.9887839555740356	0.008813661523163319	0.002402372658252716
34	0.9692967534065247	0.02680138871073723	0.00390182388946414	0.9701999425888062	0.027120614424347878	0.0026794427540153265
35	0.9865432977676392	0.011221318505704403	0.00223544891923666	0.7416489720344543	0.24261653423309326	0.015734508633613586
36	0.025999149307608604	0.21626639366149902	0.757734477519989	0.25522321462631226	0.1629401296377182	0.5818366408348083
37	0.9884351491928101	0.010295752435922623	0.0012690916191786528	0.9878255724906921	0.011278427205979824	0.0008960196282714605
38	0.987644612789154	0.009451396763324738	0.002903992310166359	0.9858109951019287	0.01186167262494564	0.002327344845980406
39	0.9894924163818359	0.008031399920582771	0.0024761559907346964	0.9875338077545166	0.009573102928698063	0.0028930839616805315
40	0.9910140633583069	0.0068663377314805984	0.002119657350704074	0.9811935424804688	0.014029905200004578	0.004776572342962027
41	0.9768387675285339	0.017276061698794365	0.005885197781026363	0.9618489742279053	0.033981502056121826	0.0041695209220051765
42	0.9850773215293884	0.012759316712617874	0.002163414843380451	0.04230845347046852	0.9572018980979919	0.0004896766040474176
43	0.69870525598526	0.10634837299585342	0.19494639337062836	0.4585520327091217	0.2540741264820099	0.28737378120422363
44	0.976056694984436	0.02077007107436657	0.0031731768976897	0.9915447235107422	0.00691518560051918	0.00154012197162956
45	0.991775631904602	0.005578362848609686	0.0026459330692887306	0.9916166663169861	0.006032104603946209	0.0023511911276727915
46	0.9942295551300049	0.003737527644261718	0.0020328920800238848	0.9918885827064514	0.005139635875821114	0.0029717320576310158
47	0.9929551482200623	0.005247978027909994	0.0017968472093343735	0.9914458990097046	0.004762719850987196	0.0037913923151791096
48	0.9839630722999573	0.012551008723676205	0.003486020490527153	0.9773967266082764	0.01996941864490509	0.0026338305324316025
49	0.0013316471595317125	0.002200990915298462	0.9964673519134521	0.0020662012975662947	0.005816095508635044	0.992117702960968
50	0.979144811630249	0.015391685999929905	0.005463434383273125	0.9790023565292358	0.015393630601465702	0.0056039937771856785
51	0.7725546956062317	0.07223639637231827	0.15520896017551422	0.8149453401565552	0.11703027784824371	0.0680243968963623
52	0.9074777364730835	0.04223497956991196	0.050287265330553055	0.7947558164596558	0.10838150233030319	0.09686274826526642
53	0.968224048614502	0.014187528751790524	0.017588356509804726	0.9751794934272766	0.015203888528048992	0.009616633877158165
54	0.988751232624054	0.006701511796563864	0.004547294229269028	0.9720883369445801	0.018485931679606438	0.009425765834748745
55	0.9641755819320679	0.022631047293543816	0.013193361461162567	0.9799847602844238	0.016316654160618782	0.003698495915159583
56	0.9764974117279053	0.015685563907027245	0.00781702809035778	0.9842137098312378	0.012803543359041214	0.002982677426189184
57	0.8940725326538086	0.043934550136327744	0.0619928278028965	0.39249110221862793	0.132515087723732	0.4749937355518341
58	0.9884613752365112	0.009556733071804047	0.0019819012377411127	0.9899189472198486	0.007985836826264858	0.002095249481499195
59	0.9927856922149658	0.004413087386637926	0.0028012513648718596	0.9921924471855164	0.004897465929389	0.0029100936371833086
60	0.9909787178039551	0.0046049971133470535	0.004416273441165686	0.9914432168006897	0.004304585512727499	0.004252202808856964
61	0.5425020456314087	0.07959777116775513	0.3779001533985138	0.14535176753997803	0.22831031680107117	0.6263378858566284
62	0.014454800635576248	0.025349821895360947	0.9601954221725464	0.02405126765370369	0.03973579406738281	0.9362128973007202
63	0.9935057163238525	0.005577054340392351	0.0009171707206405699	0.12359924614429474	0.8670161962509155	0.00938453245908022
64	0.8131735920906067	0.04390934109687805	0.14291703701019287	0.8578646183013916	0.04630438983440399	0.09583102911710739
65	0.9956543445587158	0.0029462261591106653	0.0013993566390126944	0.9950083494186401	0.003575481940060854	0.001416133251041174
66	0.9885203242301941	0.009939083829522133	0.0015406929887831211	0.9917973279953003	0.006765298545360565	0.0014373338781297207
67	0.9961787462234497	0.0023304405622184277	0.0014908567536622286	0.9866970181465149	0.00446384446695447	0.008839188143610954
68	0.5623894929885864	0.4314822554588318	0.0061282748356461525	0.7654523253440857	0.16609890758991241	0.06844877451658249
69	0.9322944283485413	0.06559430062770844	0.0021112665999680758	0.9139206409454346	0.08398955315351486	0.002089874353259802
70	0.9873746037483215	0.010519647970795631	0.0021056928671896458	0.9866153001785278	0.011189676821231842	0.0021950379014015198
71	0.987886905670166	0.009671427309513092	0.002441602759063244	0.9914085268974304	0.006753555964678526	0.001837864168919623
72	0.9320983290672302	0.03292464092373848	0.03497704491019249	0.6534926295280457	0.03496924787759781	0.3115381598472595
73	0.8518850803375244	0.050927259027957916	0.09718769043684006	0.7543126344680786	0.0732772946357727	0.17241013050079346
74	0.10482323914766312	0.012341522611677647	0.8828352689743042	0.7273247838020325	0.07235872000455856	0.20031645894050598
75	0.9967092275619507	0.002700360957533121	0.0005903729470446706	0.9974849224090576	0.001844828831963241	0.0006701638922095299
76	0.9896590113639832	0.007052294909954071	0.0032887468114495277	0.9854274392127991	0.009404515847563744	0.005168117582798004
77	0.9574396014213562	0.019034486263990402	0.023525919765233994	0.9167162179946899	0.024237142875790596	0.059046655893325806
78	0.9655429124832153	0.03050018660724163	0.003956858534365892	0.002711396897211671	0.9969922304153442	0.0002963948354590684
79	0.8646559715270996	0.01038236916065216	0.12496162950992584	0.9669988751411438	0.00868228543549776	0.02431882917881012
80	0.5026758909225464	0.1362207978963852	0.3611033260822296	0.7664092779159546	0.06751123070716858	0.16607950627803802
81	0.9510919451713562	0.015413339249789715	0.03349480777978897	0.9429837465286255	0.021194498986005783	0.035821814090013504
82	0.6144521832466125	0.04091643542051315	0.34463146328926086	0.21231941878795624	0.023383529856801033	0.7642970681190491
83	0.9805251359939575	0.015974972397089005	0.003499946091324091	0.9786816239356995	0.016894981265068054	0.004423303063958883
84	0.907667338848114	0.08154366910457611	0.010788945481181145	0.9277963042259216	0.04016685485839844	0.03203682228922844
85	0.9879974126815796	0.003460586303845048	0.008541980758309364	0.9962305426597595	0.0016475068405270576	0.0021218284964561462
86	0.985706090927124	0.011621203273534775	0.0026727847289294004	0.9927048087120056	0.006202503107488155	0.0010926304385066032
87	0.9945816397666931	0.003649552818387747	0.00176883558742702	0.9947223663330078	0.0036861738190054893	0.0015914174728095531
88	0.9893388152122498	0.00785684771835804	0.002804385730996728	0.9893237948417664	0.007624048739671707	0.0030521871522068977
89	0.9815921783447266	0.012281140312552452	0.006126628257334232	0.7383774518966675	0.25939252972602844	0.0022300437558442354
90	0.9787301421165466	0.012878102250397205	0.008391785435378551	0.9738924503326416	0.012777850031852722	0.013329658657312393
91	0.7712429761886597	0.044785548001527786	0.18397146463394165	0.6970539689064026	0.0312035009264946	0.27174249291419983
92	0.7639974355697632	0.0800890177488327	0.15591347217559814	0.7505807280540466	0.0801764726638794	0.16924279928207397
93	0.9722394943237305	0.026569360867142677	0.0011911347974091768	0.9679610729217529	0.03075554035604	0.0012834025546908379
94	0.07466709613800049	0.03478359803557396	0.8905492424964905	0.47960394620895386	0.09644928574562073	0.4239467978477478
95	0.0027893122751265764	0.004006045404821634	0.9932045936584473	0.0012948259245604277	0.014922390691936016	0.9837828278541565
96	0.9848458766937256	0.011965392157435417	0.003188767936080694	0.9821310043334961	0.012919560074806213	0.004949389025568962
97	0.9792518019676208	0.018430769443511963	0.0023173969238996506	0.7720632553100586	0.20085236430168152	0.027084270492196083
98	0.9842981100082397	0.009579035453498363	0.006122840568423271	0.9895288348197937	0.0074653238989412785	0.0030059372074902058
99	0.9629018306732178	0.034148894250392914	0.0029493370093405247	0.981705904006958	0.013864565640687943	0.004429548047482967
100	0.9921693205833435	0.004431212320923805	0.0033994666300714016	0.4860469102859497	0.5119501352310181	0.0020030071027576923
101	0.987788736820221	0.005586155690252781	0.0066251507960259914	0.008944543078541756	0.988976001739502	0.002079405589029193
102	0.4665001630783081	0.0966133400797844	0.4368864893913269	0.08205361664295197	0.2021728903055191	0.7157734632492065
103	0.9842422604560852	0.013341030105948448	0.0024167820811271667	0.9758771657943726	0.020097726956009865	0.004025166854262352
104	0.03582962974905968	0.026425007730722427	0.9377453923225403	0.06723882257938385	0.03968500345945358	0.8930761218070984
105	0.9804338812828064	0.016845976933836937	0.0027201969642192125	0.9801219701766968	0.014127605594694614	0.005750465206801891
106	0.9680886268615723	0.02615589089691639	0.005755438469350338	0.8796272277832031	0.05712723731994629	0.06324554979801178
107	0.9764593243598938	0.020408358424901962	0.003132323734462261	0.9868360757827759	0.010156589560210705	0.003007367253303528
108	0.9956234097480774	0.0034657635260373354	0.0009108057711273432	0.9953896999359131	0.003472411073744297	0.0011378112249076366
109	0.9662118554115295	0.028489816933870316	0.005298353731632233	0.9105148315429688	0.08447255194187164	0.005012582987546921
110	0.9769430160522461	0.01935815066099167	0.0036988549400120974	0.9737900495529175	0.020278554409742355	0.00593145377933979
111	0.9785307049751282	0.017021875828504562	0.0044473763555288315	0.9715570211410522	0.02548765204846859	0.002955326111987233
112	0.004257225897163153	0.9944663643836975	0.0012764651328325272	0.6464770436286926	0.34728071093559265	0.006242269184440374
113	0.9767085909843445	0.018607815727591515	0.0046836803667247295	0.9773398041725159	0.014994088560342789	0.007666129618883133
114	0.9646385908126831	0.03332732990384102	0.002034087898209691	0.9686711430549622	0.03044142760336399	0.000887380912899971
115	0.5116881132125854	0.0468674972653389	0.44144436717033386	0.234330952167511	0.0993419885635376	0.6663269996643066
116	0.9903621673583984	0.007587694562971592	0.0020500856917351484	0.9925187826156616	0.005865792743861675	0.0016153760952875018
117	0.9843072295188904	0.010704823769629002	0.004987895023077726	0.7813674807548523	0.1741439551115036	0.0444885715842247
118	0.9779792428016663	0.016705302521586418	0.0053153932094573975	0.9323115944862366	0.063837431371212	0.0038510409649461508
119	0.9774219989776611	0.015353634022176266	0.007224371191114187	0.016447527334094048	0.980492353439331	0.0030601751059293747
120	0.10302577912807465	0.11948173493146896	0.7774925231933594	0.5997747778892517	0.23093484342098236	0.16929033398628235
121	0.9919795989990234	0.00703962380066514	0.000980832614004612	0.9935830235481262	0.005126818083226681	0.0012901258887723088
122	0.9821746349334717	0.012420178391039371	0.005405250936746597	0.9678577780723572	0.018355080857872963	0.013787138275802135
123	0.9132232666015625	0.08449319750070572	0.0022835892159491777	0.9489348530769348	0.04599827527999878	0.0050668432377278805
124	0.9892694354057312	0.005793747957795858	0.004936782643198967	0.9918823838233948	0.004458469804376364	0.003659265348687768
125	0.9896482825279236	0.009257853962481022	0.0010938136838376522	0.991434633731842	0.007370260078459978	0.0011950706830248237
126	0.9905321598052979	0.007380790077149868	0.002087095519527793	0.990865170955658	0.007225662935525179	0.0019091529538854957
127	0.9904332160949707	0.007723110727965832	0.0018436659593135118	0.9832831621170044	0.011954988352954388	0.004761812277138233
128	0.25637272000312805	0.12048513442277908	0.6231420636177063	0.3946458399295807	0.03482213243842125	0.5705320239067078
129	0.8654441237449646	0.10782694071531296	0.026728933677077293	0.8888377547264099	0.10694431513547897	0.004217992536723614
130	0.9746007323265076	0.013750890269875526	0.01164834015071392	0.9783849716186523	0.01652957685291767	0.005085414275527
131	0.9886865615844727	0.009147527627646923	0.002165891695767641	0.9829177260398865	0.014198249205946922	0.0028840817976742983
132	0.9784700870513916	0.013496184721589088	0.00803374033421278	0.22575871646404266	0.7619351148605347	0.0123061528429389
133	0.9881083369255066	0.005888580344617367	0.0060030813328921795	0.9865311980247498	0.006677136290818453	0.006791564170271158
134	0.9859737157821655	0.009428714402019978	0.0045975930988788605	0.9843308329582214	0.011540028266608715	0.004129067994654179
135	0.01756959594786167	0.007415800355374813	0.9750145673751831	0.004595428705215454	0.0024244769010692835	0.9929800629615784
136	0.9783053994178772	0.01687166467308998	0.004822950344532728	0.9835847616195679	0.011990967206656933	0.004424303770065308
137	0.9936352968215942	0.004549805074930191	0.0018149520037695765	0.9907195568084717	0.006723420228809118	0.002557063940912485
138	0.9872640371322632	0.00626670615747571	0.0064692990854382515	0.9888098835945129	0.005709368269890547	0.005480763502418995
139	0.9817647933959961	0.014091484248638153	0.004143605940043926	0.9655224680900574	0.022865179926156998	0.01161233615130186
140	0.9607546329498291	0.014533409848809242	0.024712026119232178	0.9817315936088562	0.011442440561950207	0.006825972348451614
141	0.9740310907363892	0.019185809418559074	0.006783118937164545	0.9405295848846436	0.03863351419568062	0.020836925134062767
142	0.9871067404747009	0.008805734105408192	0.004087432287633419	0.9870727062225342	0.008804846554994583	0.004122441168874502
143	0.9908628463745117	0.004506278317421675	0.0046309358440339565	0.9863026738166809	0.00943528302013874	0.0042619891464710236
144	0.9425418376922607	0.029517140239477158	0.027941014617681503	0.9481279850006104	0.037033192813396454	0.014838848263025284
145	0.9845235347747803	0.012983155436813831	0.002493318635970354	0.9851272702217102	0.012623067013919353	0.002249566838145256
146	0.04501824453473091	0.05617646872997284	0.8988052606582642	0.0038476295303553343	0.016805483028292656	0.9793469309806824
147	0.9913700819015503	0.005617264658212662	0.0030126122292131186	0.9920661449432373	0.006361814681440592	0.0015719594666734338
148	0.9594041705131531	0.035211801528930664	0.005384079646319151	0.9807428121566772	0.01751570589840412	0.0017415524926036596
149	0.990510880947113	0.005955879110842943	0.003533270675688982	0.9864926934242249	0.010729395784437656	0.0027779643423855305
150	0.9904783964157104	0.008313330821692944	0.0012082559987902641	0.9906807541847229	0.008128730580210686	0.0011905276915058494
151	0.9915919303894043	0.005775189958512783	0.0026328398380428553	0.9915353059768677	0.005835806950926781	0.0026288831140846014
152	0.36798274517059326	0.005751567892730236	0.6262657642364502	0.7782161235809326	0.00812365673482418	0.21366022527217865
153	0.8291547298431396	0.030651843175292015	0.14019334316253662	0.9105449914932251	0.03841852396726608	0.05103645473718643
154	0.742019772529602	0.027230985462665558	0.230749249458313	0.9848417043685913	0.009379159659147263	0.005779150873422623
155	0.8496028184890747	0.050122980028390884	0.10027419030666351	0.6438761353492737	0.04771901294589043	0.3084048926830292
156	0.547250509262085	0.2435353845357895	0.20921409130096436	0.8519936800003052	0.09583406895399094	0.05217215046286583
157	0.9592531323432922	0.03357633203268051	0.0071705542504787445	0.982395350933075	0.014080667868256569	0.003523945575580001
158	0.9896575808525085	0.008382809348404408	0.0019595713820308447	0.9843871593475342	0.0137552535161376	0.0018575615249574184
159	0.9839475154876709	0.011727813631296158	0.004324737004935741	0.9818028807640076	0.014437616802752018	0.003759609768167138
160	0.9124972224235535	0.02444980852305889	0.06305288523435593	0.8825089931488037	0.02591998130083084	0.09157102555036545
161	0.9810945987701416	0.016348564997315407	0.002556881168857217	0.9478824734687805	0.046538710594177246	0.005578826647251844
162	0.01931329257786274	0.011718258261680603	0.9689684510231018	0.04749386012554169	0.023325709626078606	0.929180383682251
163	0.9898099899291992	0.009014565497636795	0.0011754995211958885	0.9928474426269531	0.006148641463369131	0.001003958284854889
164	0.477413147687912	0.03438665717840195	0.48820018768310547	0.5780702829360962	0.03725005313754082	0.3846797049045563
165	0.9350833296775818	0.013846428133547306	0.05107027292251587	0.685799777507782	0.034028228372335434	0.2801720201969147
166	0.9910857081413269	0.006246235687285662	0.002667982131242752	0.8557219505310059	0.14245522022247314	0.0018228677799925208
167	0.9928556084632874	0.005030645057559013	0.002113712951540947	0.9929454922676086	0.005119189154356718	0.0019353124080225825
168	0.9846826791763306	0.012301093898713589	0.003016252303496003	0.22457276284694672	0.7679280638694763	0.007499236613512039
169	0.5218199491500854	0.35584673285484314	0.12233339995145798	0.7536100149154663	0.1961110383272171	0.05027889087796211
170	0.9892241358757019	0.008982192724943161	0.0017936165677383542	0.9885058403015137	0.009555336087942123	0.0019388068467378616
171	0.8875160217285156	0.04572394862771034	0.06676003336906433	0.9371586441993713	0.0313899852335453	0.03145136684179306
172	0.019211241975426674	0.07787489145994186	0.9029138684272766	0.878329336643219	0.05503236874938011	0.06663833558559418
173	0.9834977388381958	0.007100299932062626	0.009401961229741573	0.9684801697731018	0.006858336739242077	0.024661514908075333
174	0.9839068651199341	0.01368657872080803	0.002406576182693243	0.9637842774391174	0.0334845632314682	0.002731126733124256
175	0.9914349913597107	0.006882210727781057	0.0016827273648232222	0.9947029948234558	0.0029365336522459984	0.00236045871861279
176	0.049323100596666336	0.048281870782375336	0.9023950099945068	0.14989063143730164	0.06185983493924141	0.7882494926452637
177	0.991936445236206	0.004250362049788237	0.0038133079651743174	0.9904919266700745	0.0035680020228028297	0.005940075498074293
178	0.9026879668235779	0.021715616807341576	0.0755963996052742	0.9612906575202942	0.02386011742055416	0.014849204570055008
179	0.9773193001747131	0.011444585397839546	0.011236116290092468	0.9852910041809082	0.011177598498761654	0.0035314434207975864
180	0.5216989517211914	0.09530214220285416	0.38299885392189026	0.518949568271637	0.11471958458423615	0.3663308918476105
181	0.01768288016319275	0.0037918821908533573	0.9785252213478088	0.0016595995984971523	0.0012463157763704658	0.9970940351486206
182	0.9836048483848572	0.012672826647758484	0.003722325200214982	0.9895256757736206	0.009495650418102741	0.0009786899900063872
183	0.9829341769218445	0.013604184612631798	0.0034616028424352407	0.9411259889602661	0.05735264718532562	0.0015212667640298605
184	0.9929435849189758	0.005848168395459652	0.0012081274762749672	0.9929373860359192	0.006211249623447657	0.0008514050859957933
185	0.8961372375488281	0.10236648470163345	0.0014961821725592017	0.972531259059906	0.025599630549550056	0.0018691020086407661
186	0.9874676465988159	0.008278153836727142	0.004254100378602743	0.98676598072052	0.008727449923753738	0.004506533965468407
187	0.9909006357192993	0.007739189080893993	0.0013601859100162983	0.995989978313446	0.0030886197928339243	0.0009213768062181771
188	0.9865192770957947	0.00921308808028698	0.004267611540853977	0.6829596161842346	0.31503432989120483	0.0020060886163264513
189	0.9612594246864319	0.01225257944315672	0.02648801915347576	0.9840781688690186	0.00783827155828476	0.008083620108664036
190	0.988064706325531	0.009250584058463573	0.0026847394183278084	0.9727175235748291	0.023941224440932274	0.0033412619959563017
191	0.990835428237915	0.005481360945850611	0.003683213610202074	0.9891979098320007	0.006008147727698088	0.0047940341755747795
192	0.9108526110649109	0.074611596763134	0.014535830356180668	0.9248802065849304	0.02450956031680107	0.05061028152704239
193	0.610206663608551	0.03992239385843277	0.3498709201812744	0.49599096179008484	0.0903327688574791	0.41367626190185547
194	0.9891670942306519	0.0076472158543765545	0.0031857050489634275	0.9877539277076721	0.008014609105885029	0.004231463652104139
195	0.15012235939502716	0.07148229330778122	0.7783953547477722	0.11360697448253632	0.0624287873506546	0.8239641785621643
196	0.9179527163505554	0.011504068970680237	0.07054321467876434	0.961683452129364	0.010422009974718094	0.02789453975856304
197	0.9886515140533447	0.008529908023774624	0.0028186871204525232	0.9808130860328674	0.0167214497923851	0.002465428551658988
198	0.6481730937957764	0.02199690043926239	0.32983002066612244	0.45724478363990784	0.05647515878081322	0.48627999424934387
199	0.9721871018409729	0.02240152657032013	0.005411363672465086	0.987933337688446	0.010586192831397057	0.0014805515529587865
