0	0.33590298891067505	0.22154732048511505	0.4425496757030487	0.5577659606933594	0.1120118573307991	0.33022212982177734
1	0.06471189856529236	0.03327462077140808	0.9020134806632996	0.05926280841231346	0.029150446876883507	0.9115867614746094
2	0.3641296327114105	0.6013758778572083	0.034494537860155106	0.9325050115585327	0.06290905177593231	0.004585942253470421
3	0.5013514757156372	0.4713035523891449	0.027345046401023865	0.7490972876548767	0.23857559263706207	0.012327120639383793
4	0.43803170323371887	0.4956783652305603	0.06628988683223724	0.9138253927230835	0.04227364808320999	0.04390094801783562
5	0.4948011338710785	0.32693350315093994	0.17826533317565918	0.42586976289749146	0.2916621267795563	0.28246811032295227
6	0.23212210834026337	0.432162880897522	0.33571505546569824	0.6359940767288208	0.13278062641620636	0.23122529685497284
7	0.21306762099266052	0.023711849004030228	0.7632205486297607	0.16237913072109222	0.07324930280447006	0.7643715739250183
8	0.5467539429664612	0.448981374502182	0.004264670889824629	0.6235392689704895	0.3617904782295227	0.014670252799987793
9	0.4528994858264923	0.43128764629364014	0.1158127635717392	0.674308180809021	0.16187860071659088	0.1638132631778717
10	0.10413239151239395	0.5619935393333435	0.33387407660484314	0.767997145652771	0.150670126080513	0.08133266121149063
11	0.3578527867794037	0.32092368602752686	0.32122355699539185	0.07924595475196838	0.43699774146080017	0.4837563633918762
12	0.007953333668410778	0.9796566367149353	0.012390014715492725	0.729810893535614	0.20543107390403748	0.06475803256034851
13	0.21977151930332184	0.5352094173431396	0.2450190782546997	0.8720738291740417	0.0726892501115799	0.05523686483502388
14	0.19286474585533142	0.7568266987800598	0.05030857399106026	0.4054577350616455	0.5479689836502075	0.04657326266169548
15	0.16696076095104218	0.433544397354126	0.39949488639831543	0.5035691261291504	0.1514633446931839	0.3449675440788269
16	0.15508335828781128	0.6347726583480835	0.2101440131664276	0.5054409503936768	0.21199309825897217	0.2825659513473511
17	0.1283886730670929	0.03144450858235359	0.8401667475700378	0.23464928567409515	0.13113443553447723	0.63421630859375
18	0.47551727294921875	0.07525879889726639	0.44922390580177307	0.6152361035346985	0.03881783410906792	0.34594598412513733
19	0.1513228565454483	0.14294014871120453	0.7057369351387024	0.44007110595703125	0.17521214485168457	0.38471677899360657
20	0.362724244594574	0.59378582239151	0.043489862233400345	0.8704021573066711	0.07526755332946777	0.05433029681444168
21	0.1613295078277588	0.8031730055809021	0.03549756482243538	0.5678509473800659	0.21654334664344788	0.21560567617416382
22	0.18583571910858154	0.7997312545776367	0.014433018863201141	0.7882622480392456	0.20195458829402924	0.009783249348402023
23	0.3288668990135193	0.47886326909065247	0.19226984679698944	0.6367507576942444	0.16079580783843994	0.20245343446731567
24	0.011557969264686108	0.1766188144683838	0.8118231892585754	0.04412095248699188	0.2992548644542694	0.6566241383552551
25	0.9298436641693115	0.06469511240720749	0.005461161956191063	0.9866436123847961	0.011025819927453995	0.0023306114599108696
26	0.16054901480674744	0.5442833304405212	0.29516759514808655	0.2720610797405243	0.5157977342605591	0.21214118599891663
27	0.19192183017730713	0.4123987555503845	0.39567938446998596	0.34054017066955566	0.18016333878040314	0.47929656505584717
28	0.2701463997364044	0.7101120352745056	0.019741570577025414	0.8085779547691345	0.13308367133140564	0.058338381350040436
29	0.2816477417945862	0.3782181143760681	0.3401341140270233	0.5480629801750183	0.39806652069091797	0.05387045443058014
30	0.04011447727680206	0.9553254842758179	0.0045600091107189655	0.5358723402023315	0.14485053718090057	0.3192771077156067
31	0.7168468832969666	0.1514110267162323	0.13174211978912354	0.8339720368385315	0.0778462290763855	0.08818171918392181
32	0.6213645935058594	0.3482024371623993	0.03043293207883835	0.8960152864456177	0.10057543963193893	0.0034092830028384924
33	0.5644151568412781	0.39214274287223816	0.04344206675887108	0.9775865077972412	0.018062440678477287	0.004351089708507061
34	0.05617109313607216	0.8625572323799133	0.08127167820930481	0.43646320700645447	0.36713600158691406	0.19640079140663147
35	0.09701074659824371	0.6632742881774902	0.23971489071846008	0.2614190876483917	0.4904767870903015	0.24810412526130676
36	0.2949104607105255	0.39590492844581604	0.30918458104133606	0.31354859471321106	0.4753631353378296	0.21108826994895935
37	0.3510102331638336	0.5148595571517944	0.13413023948669434	0.6682602167129517	0.24260611832141876	0.08913367241621017
38	0.05686115473508835	0.7551526427268982	0.18798618018627167	0.23095588386058807	0.5918716192245483	0.1771724969148636
39	0.931731104850769	0.05806383490562439	0.010205059312283993	0.9873831868171692	0.010034080594778061	0.0025826962664723396
40	0.06383661180734634	0.11408309638500214	0.8220803141593933	0.0803939625620842	0.22804592549800873	0.6915600895881653
41	0.28479233384132385	0.5627341866493225	0.15247339010238647	0.9414646029472351	0.05143772438168526	0.007097674533724785
42	0.35660165548324585	0.6036980748176575	0.03970025107264519	0.9307720065116882	0.056431956589221954	0.01279602199792862
43	0.2587714195251465	0.247514009475708	0.4937145411968231	0.11564574390649796	0.6768144965171814	0.20753975212574005
44	0.06593319773674011	0.21705438196659088	0.7170124053955078	0.2827082574367523	0.569645881652832	0.14764586091041565
45	0.6852371692657471	0.12633831799030304	0.18842442333698273	0.9387363195419312	0.031044991686940193	0.030218683183193207
46	0.3160160779953003	0.20018748939037323	0.48379647731781006	0.9604585766792297	0.025834672152996063	0.013706700876355171
47	0.17126278579235077	0.43169236183166504	0.3970448672771454	0.1545785814523697	0.13135963678359985	0.7140617966651917
48	0.3417147397994995	0.439723402261734	0.2185618132352829	0.6268477439880371	0.14278945326805115	0.23036284744739532
49	0.14337295293807983	0.3689294755458832	0.4876975119113922	0.33991310000419617	0.493072509765625	0.16701443493366241
50	0.256599485874176	0.7395739555358887	0.0038266123738139868	0.5294181108474731	0.46704065799713135	0.003541183192282915
51	0.041178859770298004	0.9537184238433838	0.005102698225528002	0.9086834192276001	0.02757529728114605	0.0637412965297699
52	0.06833530962467194	0.1279023289680481	0.8037623763084412	0.35975587368011475	0.10395807772874832	0.5362861156463623
53	0.5353079438209534	0.1487082839012146	0.3159838318824768	0.3968498706817627	0.3735930621623993	0.22955700755119324
54	0.18499742448329926	0.47533029317855835	0.339672327041626	0.17376331984996796	0.45261794328689575	0.3736187219619751
55	0.18134702742099762	0.24144917726516724	0.5772038102149963	0.4907734990119934	0.2877531349658966	0.2214733064174652
56	0.09201335906982422	0.1791207492351532	0.728865921497345	0.2726147770881653	0.15711742639541626	0.5702677369117737
57	0.3992246687412262	0.3301341235637665	0.27064117789268494	0.601993978023529	0.20381447672843933	0.19419154524803162
58	0.3893154561519623	0.1429177075624466	0.4677668511867523	0.25520774722099304	0.21835851669311523	0.5264337658882141
59	0.9096781611442566	0.0693858340382576	0.02093599922955036	0.9883487224578857	0.009141148999333382	0.002510161604732275
60	0.012503172270953655	0.23610571026802063	0.7513911128044128	0.20386366546154022	0.15025560557842255	0.6458807587623596
61	0.06364767253398895	0.3912416696548462	0.5451105833053589	0.4903588891029358	0.28564050793647766	0.22400063276290894
62	0.08906970173120499	0.04686497896909714	0.8640653491020203	0.06507818400859833	0.0774199441075325	0.8575018644332886
63	0.24683746695518494	0.7097551822662354	0.04340736195445061	0.3097952902317047	0.64640873670578	0.04379596933722496
64	0.009423132985830307	0.14004148542881012	0.8505353927612305	0.029712561517953873	0.4583790898323059	0.5119083523750305
65	0.10107509046792984	0.15225259959697723	0.7466723322868347	0.190824493765831	0.1354452222585678	0.6737303137779236
66	0.8797057271003723	0.06728950887918472	0.053004831075668335	0.9870015382766724	0.009970448911190033	0.003028030041605234
67	0.7459366917610168	0.16116569936275482	0.09289761632680893	0.9636796712875366	0.030215900391340256	0.006104464642703533
68	0.38055184483528137	0.5889086127281189	0.030539533123373985	0.5659044981002808	0.33652278780937195	0.0975726842880249
69	0.20730803906917572	0.7420539259910583	0.05063802748918533	0.8749648332595825	0.11713515967130661	0.007899938151240349
70	0.03738665580749512	0.48055848479270935	0.48205485939979553	0.3058174252510071	0.3353166878223419	0.358865886926651
71	0.1609419584274292	0.32075920701026917	0.518298864364624	0.6613078117370605	0.18755586445331573	0.1511363387107849
72	0.22201980650424957	0.6260825395584106	0.15189769864082336	0.8208014369010925	0.04186194762587547	0.1373365968465805
73	0.6234007477760315	0.26532721519470215	0.11127208173274994	0.938017725944519	0.05896182730793953	0.003020527074113488
74	0.32790014147758484	0.46717342734336853	0.2049264907836914	0.8304876685142517	0.1613990217447281	0.008113282732665539
75	0.2720627784729004	0.5926254391670227	0.1353118121623993	0.9587488174438477	0.02441509999334812	0.016836082562804222
76	0.030406393110752106	0.9628525376319885	0.006741065066307783	0.8651460409164429	0.09787642955780029	0.03697758540511131
77	0.47683894634246826	0.43846067786216736	0.0847003310918808	0.9080628156661987	0.05786846950650215	0.0340687595307827
78	0.4865836799144745	0.48197141289711	0.031444888561964035	0.7761099338531494	0.0905880481004715	0.1333020180463791
79	0.04828575253486633	0.8996116518974304	0.052102554589509964	0.33377471566200256	0.418562650680542	0.24766260385513306
80	0.1740725338459015	0.5139714479446411	0.3119560182094574	0.4605376720428467	0.14110195636749268	0.39836040139198303
81	0.3306891918182373	0.6402615308761597	0.02904929220676422	0.7917128205299377	0.10211155563592911	0.10617561638355255
82	0.09942072629928589	0.38538306951522827	0.5151962041854858	0.20887619256973267	0.40217167139053345	0.3889520466327667
83	0.14477883279323578	0.19391785562038422	0.6613032817840576	0.29024559259414673	0.09829695522785187	0.6114574670791626
84	0.2918243408203125	0.1795349419116974	0.5286407470703125	0.7041669487953186	0.06962306797504425	0.22620996832847595
85	0.03110809624195099	0.7827587127685547	0.1861332207918167	0.24807515740394592	0.3894396126270294	0.36248525977134705
86	0.48010897636413574	0.5155705809593201	0.004320379812270403	0.9664148092269897	0.0230349600315094	0.010550319217145443
87	0.0012263646349310875	0.9801841378211975	0.018589569255709648	0.7957916259765625	0.15832029283046722	0.04588807001709938
88	0.6805022358894348	0.2826547622680664	0.03684300184249878	0.8248225450515747	0.1575712412595749	0.017606183886528015
89	0.3404728174209595	0.3410382568836212	0.3184889554977417	0.3525990843772888	0.18420228362083435	0.46319863200187683
90	0.2121664136648178	0.5936856865882874	0.194147989153862	0.5036925673484802	0.43075263500213623	0.06555483490228653
91	0.015502077527344227	0.21896396577358246	0.765533983707428	0.06406144797801971	0.09078947454690933	0.845149040222168
92	0.02281341329216957	0.18807195127010345	0.7891145944595337	0.15674112737178802	0.17779450118541718	0.6654643416404724
93	0.8957017660140991	0.09732653945684433	0.006971688475459814	0.9772083759307861	0.015554789453744888	0.007236902602016926
94	0.17079061269760132	0.8151679635047913	0.014041517861187458	0.9790619611740112	0.016766468062996864	0.004171538166701794
95	0.2969669997692108	0.3278702199459076	0.375162810087204	0.41814643144607544	0.34184449911117554	0.24000906944274902
96	0.06233353167772293	0.9308866858482361	0.006779889110475779	0.8397990465164185	0.102751724421978	0.05744931474328041
97	0.10658729076385498	0.36983609199523926	0.5235766768455505	0.14448513090610504	0.20561806857585907	0.6498968005180359
98	0.7598804831504822	0.2279709279537201	0.012148617766797543	0.9839056134223938	0.012555932626128197	0.0035384136717766523
99	0.237778902053833	0.7568010687828064	0.005419972352683544	0.9035577774047852	0.09376589208841324	0.002676323289051652
100	0.5750336050987244	0.13974535465240479	0.28522101044654846	0.7738291025161743	0.09339311718940735	0.13277773559093475
101	0.19251173734664917	0.6382209658622742	0.16926726698875427	0.3620239794254303	0.2484506070613861	0.389525443315506
102	0.13665300607681274	0.7783173322677612	0.08502963930368423	0.5152661800384521	0.46159979701042175	0.02313394472002983
103	0.0800677239894867	0.2560754120349884	0.6638569235801697	0.09386318176984787	0.3987770974636078	0.5073597431182861
104	0.24950924515724182	0.6445587873458862	0.10593191534280777	0.9503298401832581	0.03365011513233185	0.016020068898797035
105	0.9435688257217407	0.05105657875537872	0.005374659784138203	0.9508589506149292	0.03400108963251114	0.015140033327043056
106	0.3595438003540039	0.6317360997200012	0.008720011450350285	0.9315099120140076	0.0628499984741211	0.00564010301604867
107	0.018458271399140358	0.3494766652584076	0.6320650577545166	0.02372860349714756	0.7310064435005188	0.2452649474143982
108	0.5315141081809998	0.22894589602947235	0.23953993618488312	0.9788694977760315	0.018765676766633987	0.002364838495850563
109	0.14760038256645203	0.8331826329231262	0.01921692118048668	0.9864480495452881	0.010542461648583412	0.0030094748362898827
110	0.333207368850708	0.3548547327518463	0.31193798780441284	0.5325484275817871	0.1195492297410965	0.3479023575782776
111	0.1220586970448494	0.8577031493186951	0.020238077268004417	0.9166603088378906	0.057186681777238846	0.026152996346354485
112	0.06697306782007217	0.9313386082649231	0.0016883760690689087	0.9269287586212158	0.0670531615614891	0.006018028594553471
113	0.3141174912452698	0.29044586420059204	0.39543673396110535	0.8832032680511475	0.08797693997621536	0.028819821774959564
114	0.44392722845077515	0.24987758696079254	0.3061951994895935	0.6864661574363708	0.08812236040830612	0.22541150450706482
115	0.11894994974136353	0.32734283804893494	0.5537072420120239	0.48765403032302856	0.32347771525382996	0.18886831402778625
116	0.5516862869262695	0.30602437257766724	0.14228929579257965	0.5666247606277466	0.40817880630493164	0.02519635297358036
117	0.21933415532112122	0.7634645700454712	0.017201311886310577	0.8091337084770203	0.15516233444213867	0.035703953355550766
118	0.6128617525100708	0.37297672033309937	0.014161513186991215	0.3858884274959564	0.465212881565094	0.14889872074127197
119	0.12523390352725983	0.14218853414058685	0.7325775623321533	0.08773335069417953	0.2111625075340271	0.7011041641235352
120	0.2159108966588974	0.17636995017528534	0.6077191233634949	0.3643140494823456	0.3218376934528351	0.3138481676578522
121	0.17241625487804413	0.7982890605926514	0.029294760897755623	0.26552700996398926	0.6581801176071167	0.07629287242889404
122	0.8393356204032898	0.08051604777574539	0.0801483541727066	0.7816565632820129	0.111922487616539	0.10642086714506149
123	0.5081294178962708	0.3589321970939636	0.13293839991092682	0.5996370911598206	0.2585788369178772	0.14178411662578583
124	0.011362486518919468	0.4338683485984802	0.5547691583633423	0.013937488198280334	0.44204244017601013	0.5440200567245483
125	0.21030934154987335	0.4219438433647156	0.36774688959121704	0.7403699159622192	0.1478123962879181	0.11181765049695969
126	0.42484918236732483	0.2756485342979431	0.29950228333473206	0.6566238403320312	0.05118964612483978	0.2921864986419678
127	0.02011900022625923	0.9690402150154114	0.010840886272490025	0.7219321727752686	0.08872345089912415	0.18934433162212372
128	0.45135852694511414	0.4678446352481842	0.08079686015844345	0.9835442900657654	0.011507689021527767	0.004947991110384464
129	0.3370434641838074	0.6236719489097595	0.039284564554691315	0.6015334129333496	0.30915358662605286	0.08931300044059753
130	0.9280321598052979	0.0629335567355156	0.00903422012925148	0.9865950345993042	0.011790744960308075	0.0016142464010044932
131	0.24058914184570312	0.695803701877594	0.06360718607902527	0.13542242348194122	0.7405654191970825	0.12401216477155685
132	0.16989703476428986	0.45258644223213196	0.3775164783000946	0.46605417132377625	0.2685355544090271	0.2654102146625519
133	0.8012879490852356	0.19398577511310577	0.004726259969174862	0.9341238737106323	0.06402400135993958	0.0018520635785534978
134	0.04499654471874237	0.1527504324913025	0.802253007888794	0.12154887616634369	0.15659625828266144	0.7218549251556396
135	0.1701822578907013	0.7049173712730408	0.12490031123161316	0.46824100613594055	0.3619791269302368	0.16977988183498383
136	0.2867957651615143	0.684749186038971	0.028455115854740143	0.9808062314987183	0.01630890741944313	0.0028849346563220024
137	0.1877085268497467	0.24768777191638947	0.5646036863327026	0.20600338280200958	0.3597204089164734	0.43427616357803345
138	0.10278662294149399	0.3491609990596771	0.5480524301528931	0.24834051728248596	0.3509085178375244	0.400750994682312
139	0.24105939269065857	0.5252161622047424	0.2337244600057602	0.24725516140460968	0.588026225566864	0.1647186577320099
140	0.16413205862045288	0.6519299149513245	0.18393798172473907	0.5360248684883118	0.08356234431266785	0.38041284680366516
141	0.48015671968460083	0.491717666387558	0.028125690296292305	0.9661698341369629	0.027983717620372772	0.005846467334777117
142	0.40505746006965637	0.29309317469596863	0.301849365234375	0.15470099449157715	0.21979261934757233	0.6255064606666565
143	0.13154388964176178	0.8652347922325134	0.0032212568912655115	0.9474192261695862	0.04823365435004234	0.004347061738371849
144	0.14259518682956696	0.8348578214645386	0.022546986117959023	0.7255563735961914	0.18592894077301025	0.08851462602615356
145	0.42611974477767944	0.12927500903606415	0.4446052014827728	0.17682687938213348	0.3118934631347656	0.5112795829772949
146	0.7019056677818298	0.23816245794296265	0.05993182584643364	0.9498759508132935	0.04693586751818657	0.003188167465850711
147	0.053267702460289	0.14362579584121704	0.8031064867973328	0.17014823853969574	0.12070311605930328	0.709148645401001
148	0.23964130878448486	0.7014530301094055	0.05890566483139992	0.9044612646102905	0.063042052090168	0.03249673172831535
149	0.1887737214565277	0.42317336797714233	0.38805294036865234	0.6028579473495483	0.27901047468185425	0.11813151836395264
150	0.9355514645576477	0.05324160307645798	0.011206992901861668	0.9892129302024841	0.00690799904987216	0.0038790442049503326
151	0.6187224984169006	0.2712799310684204	0.10999755561351776	0.47713348269462585	0.37983953952789307	0.14302696287631989
152	0.33853304386138916	0.6188415884971619	0.042625389993190765	0.8140856623649597	0.06752444803714752	0.11838994175195694
153	0.39495059847831726	0.09848374128341675	0.5065656900405884	0.8065379858016968	0.06285208463668823	0.13060998916625977
154	0.2685965895652771	0.6300395131111145	0.10136398673057556	0.934499204158783	0.04644860327243805	0.01905217207968235
155	0.03749611973762512	0.0860624611377716	0.8764413595199585	0.16547252237796783	0.04260780289769173	0.7919195890426636
156	0.6332285404205322	0.3198874890804291	0.04688388854265213	0.017890267074108124	0.9776575565338135	0.004452112130820751
157	0.030651062726974487	0.5503365397453308	0.4190123975276947	0.3491223454475403	0.35593560338020325	0.2949419915676117
158	0.9583721160888672	0.03938579931855202	0.002242117188870907	0.9867652654647827	0.011772654950618744	0.0014621008886024356
159	0.04196982458233833	0.8635756373405457	0.09445451200008392	0.1602010726928711	0.25446435809135437	0.5853345990180969
160	0.12258097529411316	0.3437139391899109	0.5337051153182983	0.25944989919662476	0.12050653994083405	0.6200435161590576
161	0.6801746487617493	0.19765715301036835	0.12216819822788239	0.9049838185310364	0.0594119131565094	0.03560425713658333
162	0.22384113073349	0.6289423704147339	0.1472165286540985	0.9579547047615051	0.03009314462542534	0.011952219530940056
163	0.9177797436714172	0.07694542407989502	0.00527480524033308	0.9052611589431763	0.09154234081506729	0.0031964564695954323
164	0.7382306456565857	0.23163765668869019	0.030131641775369644	0.9364655017852783	0.04298146441578865	0.020553061738610268
165	0.05413222312927246	0.937631368637085	0.008236446417868137	0.9493448138237	0.03139691799879074	0.019258247688412666
166	0.8290539979934692	0.15946227312088013	0.011483779177069664	0.9807916283607483	0.016485728323459625	0.0027225534431636333
167	0.6572120189666748	0.15536555647850037	0.1874224692583084	0.8772451877593994	0.11579956859350204	0.006955269258469343
168	0.011155310086905956	0.9441889524459839	0.0446556881070137	0.537510097026825	0.4306432008743286	0.03184673562645912
169	0.5520306825637817	0.15244260430335999	0.2955267131328583	0.19365787506103516	0.05711411312222481	0.7492279410362244
170	0.17378096282482147	0.5966519713401794	0.22956708073616028	0.1902129054069519	0.6074538826942444	0.20233316719532013
171	0.31315910816192627	0.6489554047584534	0.03788544610142708	0.9762973189353943	0.016153495758771896	0.0075492351315915585
172	0.5943901538848877	0.34772762656211853	0.05788220837712288	0.5414397120475769	0.44158798456192017	0.016972364857792854
173	0.08528687804937363	0.882133960723877	0.03257918730378151	0.6382774710655212	0.2895309627056122	0.07219158858060837
174	0.4556599259376526	0.1597985178232193	0.3845416009426117	0.7862590551376343	0.14060227572917938	0.07313861697912216
175	0.7690587043762207	0.21687377989292145	0.014067498035728931	0.9432006478309631	0.052597396075725555	0.004201957024633884
176	0.11712972819805145	0.8411768674850464	0.04169340804219246	0.6893522143363953	0.19922512769699097	0.11142267286777496
177	0.28393790125846863	0.49494242668151855	0.22111959755420685	0.816947340965271	0.04376969859004021	0.1392829418182373
178	0.10584147274494171	0.8416844606399536	0.05247407779097557	0.06550011038780212	0.915307879447937	0.019192053005099297
179	0.43671613931655884	0.29238077998161316	0.2709030210971832	0.8040528893470764	0.07106736302375793	0.12487982213497162
180	0.017908526584506035	0.1823698878288269	0.7997215986251831	0.08539140224456787	0.3252333700656891	0.5893753170967102
181	0.139544278383255	0.23720096051692963	0.6232547760009766	0.799289345741272	0.04959551617503166	0.15111510455608368
182	0.8871639370918274	0.10456852614879608	0.008267541415989399	0.9893180727958679	0.00754921231418848	0.0031327593605965376
183	0.43290621042251587	0.3948906362056732	0.1722031831741333	0.9099706411361694	0.04433824494481087	0.04569115862250328
184	0.174346923828125	0.4058700203895569	0.4197830259799957	0.43729859590530396	0.3821848928928375	0.18051646649837494
185	0.19194263219833374	0.7913613319396973	0.016696065664291382	0.3932097256183624	0.32878077030181885	0.2780095040798187
186	0.2117016464471817	0.59114670753479	0.19715160131454468	0.9233827590942383	0.047183807939291	0.02943347580730915
187	0.3263889253139496	0.6574084758758545	0.016202619299292564	0.9926027655601501	0.006162293720990419	0.0012349400203675032
188	0.6374383568763733	0.16491173207759857	0.19764985144138336	0.4214027523994446	0.10310904681682587	0.47548818588256836
189	0.279173344373703	0.4668886065483093	0.25393810868263245	0.029291555285453796	0.142702117562294	0.8280063271522522
190	0.31546565890312195	0.662011981010437	0.02252240478992462	0.2608201801776886	0.7151307463645935	0.0240490660071373
191	0.33592092990875244	0.3837006092071533	0.28037846088409424	0.7750361561775208	0.10898042470216751	0.11598341912031174
192	0.4526333808898926	0.5236176252365112	0.02374895103275776	0.530663251876831	0.38868850469589233	0.08064832538366318
193	0.016517456620931625	0.17182017862796783	0.8116623759269714	0.04800791293382645	0.07527680695056915	0.8767152428627014
194	0.3114456832408905	0.6744264364242554	0.014127849601209164	0.9429647922515869	0.031813059002161026	0.02522210031747818
195	0.18874715268611908	0.3587999939918518	0.4524528384208679	0.22734567523002625	0.5568089485168457	0.21584533154964447
196	0.2354874312877655	0.5866991877555847	0.17781341075897217	0.3076108694076538	0.15592819452285767	0.5364609360694885
197	0.13884508609771729	0.6484856009483337	0.21266932785511017	0.5556111931800842	0.21609632670879364	0.22829248011112213
198	0.7784209251403809	0.19291356205940247	0.02866552211344242	0.893811821937561	0.08276033401489258	0.02342780865728855
199	0.559464156627655	0.11771520227193832	0.3228206932544708	0.637103259563446	0.24689339101314545	0.1160033568739891
