0	0.0009506469941698015	0.001222721766680479	0.9978266358375549	0.0014616481494158506	0.0023049721494317055	0.9962334036827087
1	0.00014005399134475738	0.0004098705539945513	0.9994500279426575	0.0002225977077614516	0.0004672531795222312	0.9993101358413696
2	0.0028607125859707594	0.005199847277253866	0.9919394850730896	0.0020666003692895174	0.004012072924524546	0.9939213991165161
3	0.00016506928659509867	0.0007155105122365057	0.9991194605827332	0.00016992547898553312	0.0009525044588372111	0.9988775849342346
4	0.00027110110386274755	0.0006729297456331551	0.9990559220314026	0.00028593791648745537	0.0006436309777200222	0.9990704655647278
5	0.0001589050079928711	0.0007630953914485872	0.9990780353546143	0.00017297404701821506	0.0006127557717263699	0.9992142915725708
6	0.0006606885581277311	0.0010664360597729683	0.9982728958129883	0.00046666519483551383	0.001025198376737535	0.9985081553459167
7	0.00561158312484622	0.004748042207211256	0.9896402955055237	0.001315007801167667	0.0034729288890957832	0.9952120780944824
8	0.00345137482509017	0.006095897872000933	0.990452766418457	0.0061386385932564735	0.005116408225148916	0.9887449145317078
9	0.0005748601397499442	0.0010965137043967843	0.9983286261558533	0.0006276037311181426	0.0009015366085804999	0.9984708428382874
10	0.0001628737081773579	0.00048199607408605516	0.999355137348175	0.00010269080667058006	0.0004794894775841385	0.999417781829834
11	0.0029612684156745672	0.0051238033920526505	0.9919149875640869	0.01424391195178032	0.033729102462530136	0.9520270228385925
12	0.000246299197897315	0.0005293727735988796	0.9992243051528931	0.00404735840857029	0.001985136652365327	0.9939675331115723
13	0.00011718594032572582	0.0006925034103915095	0.9991902709007263	0.0002357701596338302	0.0013951539294794202	0.998369038105011
14	0.0008915501530282199	0.004765974823385477	0.9943424463272095	0.002031633397564292	0.0069658998399972916	0.9910025000572205
15	0.007824198342859745	0.00443442864343524	0.9877413511276245	0.004244653508067131	0.0029361629858613014	0.9928191304206848
16	0.0009235399775207043	0.0025521614588797092	0.9965242743492126	0.000912669871468097	0.002121454570442438	0.9969658255577087
17	0.036933038383722305	0.013222792185842991	0.9498441815376282	0.04943638667464256	0.016440587118268013	0.9341230392456055
18	0.008212029002606869	0.0052404860034585	0.9865474700927734	0.0013230688637122512	0.002116018207743764	0.9965608716011047
19	0.05243447422981262	0.009829052723944187	0.9377365112304688	0.051681410521268845	0.004928524140268564	0.9433901309967041
20	0.0005308801191858947	0.0018278058851137757	0.9976413249969482	0.0005379556678235531	0.0016070640413090587	0.997855007648468
21	0.0017442286480218172	0.0009999941103160381	0.9972557425498962	0.001196170225739479	0.001290035666897893	0.9975137710571289
22	0.0011686977231875062	0.0025901198387145996	0.9962412118911743	0.0013360870070755482	0.004632789175957441	0.9940311312675476
23	0.0007886130479164422	0.0017618434503674507	0.9974495768547058	0.002735215937718749	0.003935621120035648	0.9933291673660278
24	0.0009888381464406848	0.0060636792331933975	0.9929474592208862	0.005199141800403595	0.013138189911842346	0.9816626906394958
25	0.0011194611433893442	0.0018347504083067179	0.9970458149909973	0.001335139968432486	0.0026291231624782085	0.9960357546806335
26	0.0037261287216097116	0.010942545719444752	0.9853312969207764	0.0011546853929758072	0.003718910738825798	0.9951263666152954
27	0.02427762560546398	0.004001741763204336	0.9717206954956055	0.16066037118434906	0.01212982926517725	0.8272097706794739
28	0.0005173770477995276	0.0013947628904134035	0.9980878233909607	0.0002874047204386443	0.0008334131562151015	0.9988791346549988
29	0.00024691130965948105	0.0008758926996961236	0.998877227306366	0.00017226836644113064	0.000577783037442714	0.9992498755455017
30	0.007572782225906849	0.008231041952967644	0.9841961860656738	0.009595150128006935	0.010067615658044815	0.9803372025489807
31	0.0004041195788886398	0.001768712536431849	0.9978271126747131	0.0005667599616572261	0.0018861106364056468	0.9975470900535583
32	0.008142550475895405	0.009808966889977455	0.9820484519004822	0.0017720891628414392	0.002735255751758814	0.9954925775527954
33	0.06941746175289154	0.12697407603263855	0.8036084175109863	0.2393203228712082	0.10688652843236923	0.6537931561470032
34	0.00020157560356892645	0.0007516385521739721	0.9990467429161072	0.00024717929773032665	0.0007340966840274632	0.999018669128418
35	0.00011322114733047783	0.0007249087793752551	0.9991618394851685	9.235276229446754e-05	0.000556766171939671	0.9993508458137512
36	0.0014219636796042323	0.0015395840164273977	0.9970384836196899	0.0011563773732632399	0.001992061035707593	0.9968516230583191
37	0.00012190929555799812	0.00039438746171072125	0.9994837045669556	8.18401895230636e-05	0.000278847583103925	0.9996392726898193
38	0.0019060346530750394	0.006674970034509897	0.9914189577102661	0.0007981903036125004	0.003196949139237404	0.9960048794746399
39	0.00010514319728827104	0.000499793968629092	0.9993950128555298	0.00016940731438808143	0.0007351613021455705	0.9990954399108887
40	0.022080469876527786	0.014365134760737419	0.9635543823242188	0.012847102247178555	0.012605755589902401	0.9745470881462097
41	0.00400711502879858	0.0023354177828878164	0.9936574101448059	0.007723085582256317	0.0030046592000871897	0.9892722368240356
42	0.0030246202368289232	0.003935884218662977	0.9930395483970642	0.0022077083121985197	0.0035362769849598408	0.9942560791969299
43	0.000545244722161442	0.0008097139070741832	0.998645007610321	0.0005533908260986209	0.000766253040637821	0.9986802935600281
44	0.0018803902203217149	0.0015476838452741504	0.9965718984603882	0.0019815440755337477	0.0012534819543361664	0.9967650175094604
45	0.00018136334256269038	0.0010050669079646468	0.9988136291503906	0.0004798799054697156	0.0015372238121926785	0.9979828596115112
46	0.0060082594864070415	0.005647656973451376	0.9883440732955933	0.024186894297599792	0.009968389756977558	0.9658447504043579
47	0.0009092362597584724	0.003838005242869258	0.9952527284622192	0.003360861213877797	0.00605829106643796	0.9905808568000793
48	0.00039258107426576316	0.0010028983233496547	0.9986045956611633	0.0028458794113248587	0.0029541358817368746	0.9941999912261963
49	0.0003051044186577201	0.0009436486870981753	0.9987512826919556	0.0004385989741422236	0.0012846584431827068	0.9982767105102539
50	0.00024768023286014795	0.0009308409644290805	0.9988214373588562	0.0001930416765389964	0.0013590729795396328	0.9984478950500488
51	0.000373551418306306	0.0007671519997529685	0.9988592863082886	0.000368998822523281	0.0006805415614508092	0.9989504814147949
52	0.95730060338974	0.008523880504071712	0.03417551517486572	0.9948154091835022	0.003350193379446864	0.0018343684496358037
53	0.011631980538368225	0.015281406231224537	0.9730865955352783	0.008100518025457859	0.015115571208298206	0.9767838716506958
54	0.004982216749340296	0.005024343729019165	0.9899933934211731	0.0925416648387909	0.024962307885289192	0.8824959993362427
55	0.0001299922150792554	0.0007811703835614026	0.9990888833999634	0.00018778786761686206	0.0009495697449892759	0.998862624168396
56	0.0013922530924901366	0.001593052176758647	0.9970146417617798	0.0022953986190259457	0.0030682801734656096	0.9946363568305969
57	0.00034506249357946217	0.0025931631680577993	0.9970617890357971	0.00026436836924403906	0.002043019747361541	0.9976925849914551
58	7.939608622109517e-05	0.000466425612103194	0.9994542002677917	7.07363651599735e-05	0.0004534902691375464	0.9994757771492004
59	0.002390795387327671	0.003980445209890604	0.9936286807060242	0.006520509719848633	0.01091027446091175	0.9825692176818848
60	0.011076007038354874	0.01648317091166973	0.9724408388137817	0.009136421605944633	0.015276373364031315	0.9755871891975403
61	0.612327516078949	0.010709809139370918	0.3769626021385193	0.8981696367263794	0.012371930293738842	0.0894584134221077
62	0.0016589323058724403	0.007741169072687626	0.9905999302864075	0.001195272314362228	0.004973646719008684	0.9938310384750366
63	0.0008361191721633077	0.0016402993351221085	0.9975236058235168	0.0016116936458274722	0.0021493081003427505	0.9962389469146729
64	0.00034452660474926233	0.0007298801792785525	0.9989256262779236	0.0006913675460964441	0.001062532071955502	0.9982460737228394
65	0.00015947634528856725	0.0004981621168553829	0.9993423819541931	0.00029837730107828975	0.0006667959387414157	0.9990348815917969
66	0.0004314286634325981	0.0014261321630328894	0.9981424808502197	0.0006252874154597521	0.0017016683705151081	0.9976730942726135
67	0.00021005641610827297	0.00110366300214082	0.9986862540245056	0.0007962827221490443	0.0024666194804012775	0.9967370629310608
68	0.00012218939082231373	0.000951052235905081	0.9989266991615295	0.0004437955794855952	0.0008288304088637233	0.9987273812294006
69	0.006712701171636581	0.0038589509204030037	0.9894283413887024	0.005475605372339487	0.00410612253472209	0.9904182553291321
70	0.00022105623793322593	0.001839759061113	0.9979391694068909	0.00016226238221861422	0.0016294135712087154	0.9982082843780518
71	0.004971478600054979	0.009436633437871933	0.9855918884277344	0.0039927782490849495	0.009322470985352993	0.9866847395896912
72	0.0019530979916453362	0.008022771216928959	0.9900240898132324	0.002910849405452609	0.007997148670256138	0.9890919923782349
73	0.0011723435018211603	0.0012887929333373904	0.9975389242172241	0.0063820513896644115	0.004020730033516884	0.9895972609519958
74	0.00014610428479500115	0.0005038490635342896	0.9993500113487244	0.00020872463937848806	0.0005451617762446404	0.9992461204528809
75	0.010104585438966751	0.0032027203124016523	0.9866927266120911	0.05596814677119255	0.009718279354274273	0.9343135356903076
76	9.556957229506224e-05	0.001560417702421546	0.9983440637588501	7.76124870753847e-05	0.0010632327757775784	0.998859167098999
77	0.0011977518443018198	0.0016504008090123534	0.9971518516540527	0.0007546097622253001	0.0011720401234924793	0.9980733394622803
78	0.00016108494310174137	0.0007378882728517056	0.9991010427474976	0.0005424181581474841	0.001691265613771975	0.997766375541687
79	0.0003646305704023689	0.001597853028215468	0.9980375170707703	0.0014201508602127433	0.0035741887986660004	0.9950056672096252
80	0.0684279128909111	0.013150785118341446	0.9184213280677795	0.03044951893389225	0.0050016227178275585	0.9645488262176514
81	0.005023937206715345	0.0171936247497797	0.9777824878692627	0.0032971578184515238	0.01259826123714447	0.984104573726654
82	0.0009826715104281902	0.006196422502398491	0.9928209185600281	0.0005345745012164116	0.004830540623515844	0.9946348667144775
83	0.00025829748483374715	0.0010370927629992366	0.9987045526504517	0.0007606401341035962	0.001729620504193008	0.9975097179412842
84	0.006964740809053183	0.0022245836444199085	0.9908106327056885	0.021353375166654587	0.004924917593598366	0.9737217426300049
85	0.0025349343195557594	0.0038047756534069777	0.9936602711677551	0.007806651759892702	0.008231149055063725	0.9839621782302856
86	0.0015156827867031097	0.003159945597872138	0.9953243732452393	0.0005532128852792084	0.0016748964553698897	0.9977719187736511
87	0.0023960869293659925	0.015132410451769829	0.9824715256690979	0.010087959468364716	0.01607024297118187	0.9738417863845825
88	0.006551433354616165	0.0054320357739925385	0.9880164861679077	0.02069397084414959	0.01045992597937584	0.9688461422920227
89	0.0018826751038432121	0.00574367493391037	0.9923736453056335	0.005800854414701462	0.005942167714238167	0.9882569909095764
90	0.0003333140630275011	0.00162791321054101	0.9980388283729553	0.0001542568497825414	0.0011217336868867278	0.9987240433692932
91	0.01751331239938736	0.009309121407568455	0.9731776118278503	0.03752915561199188	0.022386780008673668	0.9400840997695923
92	0.002855088096112013	0.0021349205635488033	0.9950100183486938	0.0059976279735565186	0.0031357440166175365	0.9908666610717773
93	0.005878052674233913	0.015545951202511787	0.9785760045051575	0.0027740912046283484	0.009593263268470764	0.9876326322555542
94	0.00029696320416405797	0.0005256684962660074	0.9991773962974548	0.00016593710461165756	0.0005180881125852466	0.9993159770965576
95	0.0020728169474750757	0.003451338969171047	0.9944759011268616	0.0010003005154430866	0.0025594483595341444	0.9964402318000793
96	0.1910851001739502	0.019890835508704185	0.7890240550041199	0.11107423156499863	0.013909301720559597	0.8750165104866028
97	0.0013215078506618738	0.0017193371895700693	0.9969592094421387	0.038961902260780334	0.011456359177827835	0.9495817422866821
98	0.3051600456237793	0.028401583433151245	0.6664384007453918	0.028208862990140915	0.009045042097568512	0.9627460837364197
99	0.0002606626658234745	0.000986285856924951	0.9987530708312988	0.00016968681302387267	0.0005247526569291949	0.9993056058883667
100	0.0005004071863368154	0.0013791718520224094	0.9981203675270081	0.000512959435582161	0.0016520789358764887	0.9978349804878235
101	0.018410038203001022	0.008740444667637348	0.9728494882583618	0.006360964383929968	0.005580591969192028	0.9880583882331848
102	0.0008627992356196046	0.004318625200539827	0.9948186278343201	0.0017304983921349049	0.0043017687276005745	0.9939677715301514
103	0.0016221757978200912	0.0032378281466662884	0.9951399564743042	0.02293282188475132	0.01496891025453806	0.9620983004570007
104	0.0003837167168967426	0.0008587812189944088	0.9987574815750122	0.0003601398493628949	0.0006741626420989633	0.9989657402038574
105	0.0003690141602419317	0.0017945304280146956	0.9978365302085876	0.00015648581029381603	0.0012812435161322355	0.9985622763633728
106	0.0010068932315334678	0.0009773612255230546	0.9980157613754272	0.00107019511051476	0.0009506423375569284	0.9979792237281799
107	0.0022576486226171255	0.0074519142508506775	0.9902904629707336	0.004454493522644043	0.009411848150193691	0.9861336350440979
108	0.0003064235206693411	0.0006111725233495235	0.9990824460983276	0.0003325130674056709	0.0006419986602850258	0.9990254640579224
109	0.0004226473392918706	0.0007893181755207479	0.998788058757782	0.0005042539560236037	0.001197025878354907	0.998298704624176
110	0.005441389046609402	0.0025049573741853237	0.9920536279678345	0.006214190274477005	0.0035928550641983747	0.9901930093765259
111	0.00033650800469331443	0.000741072406526655	0.9989224672317505	0.00018406566232442856	0.000576835940591991	0.9992390871047974
112	0.00018378488312009722	0.0004643914580810815	0.9993517994880676	0.0007376077701337636	0.0018475549295544624	0.9974148273468018
113	0.0002661120961420238	0.001120242290198803	0.9986135959625244	0.0004293967504054308	0.0013288523769006133	0.9982417821884155
114	0.0033541053999215364	0.0063439421355724335	0.9903019070625305	0.0021180773619562387	0.004433991387486458	0.9934479594230652
115	0.0007639673422090709	0.0011070802574977279	0.9981289505958557	0.00039136235136538744	0.0006971833063289523	0.9989114999771118
116	5.728140604333021e-05	0.0007770677912048995	0.9991656541824341	0.00023039722873363644	0.002126219216734171	0.9976434111595154
117	0.0008549144258722663	0.0019323609303683043	0.9972127079963684	0.0015743108233436942	0.0021544366609305143	0.9962712526321411
118	0.0004115614283364266	0.0006531149265356362	0.9989352822303772	0.0004101245431229472	0.0006215273751877248	0.9989683628082275
119	0.0038785883225500584	0.006680421065539122	0.9894409775733948	0.0036478498950600624	0.010070514865219593	0.9862815737724304
120	0.0002525043673813343	0.0015421562129631639	0.998205304145813	0.00019937209435738623	0.0014639770379289985	0.998336672782898
121	0.000576333433855325	0.0011516297236084938	0.9982720613479614	0.0020910303574055433	0.0024856985546648502	0.9954232573509216
122	0.00018890226783696562	0.0016072103753685951	0.9982038736343384	0.00017283190391026437	0.0011808016570284963	0.9986464381217957
123	0.0003605860110837966	0.0010382935870438814	0.9986011385917664	0.0002023103297688067	0.0006527628283947706	0.9991449117660522
124	0.00010073124576592818	0.0014622175367549062	0.9984371066093445	0.00016989029245451093	0.0012431610375642776	0.9985870122909546
125	0.00030991624225862324	0.001001552096568048	0.9986885190010071	0.0002587403287179768	0.0009154732106253505	0.99882572889328
126	0.00038708484498783946	0.0005944846197962761	0.9990184307098389	0.001382692251354456	0.00045449892058968544	0.9981628060340881
127	0.0007565549458377063	0.001430908334441483	0.9978125095367432	0.0026750657707452774	0.00293240905739367	0.9943925738334656
128	8.920568507164717e-05	0.0010296684922650456	0.9988811612129211	0.00015851350326556712	0.002084679203107953	0.9977567791938782
129	0.00022649926540907472	0.0009276639902964234	0.9988458156585693	0.0004900596686638892	0.001155850593931973	0.9983540773391724
130	0.0011216207640245557	0.004394714254885912	0.9944836497306824	0.0014436509227380157	0.004706450738012791	0.9938499331474304
131	0.0001859751937445253	0.0031549984123557806	0.9966590404510498	0.0001085203984985128	0.0027692620642483234	0.9971222281455994
132	0.0004925999091938138	0.000573093187995255	0.9989343285560608	0.0003407191834412515	0.0004941088845953345	0.9991651773452759
133	0.0016650676261633635	0.002837503096088767	0.995497465133667	0.0019972221925854683	0.0017763422802090645	0.99622642993927
134	0.0009926819475367665	0.0010700102429836988	0.9979373216629028	0.002324892906472087	0.0014437019126489758	0.9962313771247864
135	0.004406064283102751	0.009598138742148876	0.9859958291053772	0.006424308754503727	0.012067126110196114	0.9815085530281067
136	0.002348947338759899	0.0019398111617192626	0.9957112073898315	0.002378956414759159	0.001825109706260264	0.9957959651947021
137	0.0001170921023003757	0.00044000818161293864	0.9994428753852844	0.00015292750322259963	0.00036499835550785065	0.9994820952415466
138	0.00624347198754549	0.011381327174603939	0.9823752045631409	0.007316714618355036	0.01325023639947176	0.9794330596923828
139	0.9338708519935608	0.017931360751390457	0.04819769784808159	0.7341282963752747	0.03909048065543175	0.2267812043428421
140	0.0009516667341813445	0.0011348541593179107	0.9979134202003479	0.0008162555750459433	0.0012395564699545503	0.997944176197052
141	0.00409890478476882	0.003560690674930811	0.9923404455184937	0.009382642805576324	0.0095020467415452	0.9811152219772339
142	0.001456727273762226	0.004740286618471146	0.9938030242919922	0.002815782791003585	0.005873617250472307	0.9913105964660645
143	0.003066917648538947	0.00721816997975111	0.9897149205207825	0.0011209440417587757	0.004087959881871939	0.9947911500930786
144	0.002102999947965145	0.0024668481200933456	0.9954301118850708	0.002424512291327119	0.002830361947417259	0.994745135307312
145	0.0002555279934313148	0.0006500474410131574	0.9990944862365723	0.0017696286085993052	0.0019067414104938507	0.9963237047195435
146	0.00017471662431489676	0.0009437267435714602	0.9988815188407898	0.0013230935437604785	0.0022266688756644726	0.9964501857757568
147	0.009708800353109837	0.01522217970341444	0.9750691056251526	0.011456168256700039	0.013673917390406132	0.9748698472976685
148	0.8799991607666016	0.049617379903793335	0.07038334757089615	0.4710752069950104	0.052884623408317566	0.47604015469551086
149	0.001527822925709188	0.002252535428851843	0.9962196946144104	0.0008910612668842077	0.0022156951017677784	0.9968931674957275
150	0.006389836315065622	0.0063602556474506855	0.9872499108314514	0.008649335242807865	0.009696838445961475	0.9816538095474243
151	0.013774950057268143	0.009524173103272915	0.9767008423805237	0.006333380006253719	0.007301113568246365	0.986365556716919
152	0.0003380622365511954	0.000992902205325663	0.9986690282821655	0.0001694610109552741	0.0006605411181226373	0.9991700649261475
153	0.00014233056572265923	0.0005568115739151835	0.9993008375167847	0.00030240268097259104	0.0008202553144656122	0.9988773465156555
154	0.004451734013855457	0.007801149971783161	0.987747073173523	0.00690510543063283	0.01006374228745699	0.983031153678894
155	8.25339084258303e-05	0.0002613262040540576	0.9996562004089355	7.020307384664193e-05	0.00023782870266586542	0.9996919631958008
156	0.00012981647159904242	0.0004941190127283335	0.999376118183136	0.0001830451365094632	0.0010846250224858522	0.9987323880195618
157	0.004557429347187281	0.004235812928527594	0.9912068247795105	0.004931929986923933	0.005134356673806906	0.9899336695671082
158	0.0002541223366279155	0.001230629743076861	0.9985151886940002	0.0006587246316485107	0.0025007028598338366	0.9968405961990356
159	0.0012030154466629028	0.0009725412237457931	0.9978244304656982	0.0004977936041541398	0.0008481619297526777	0.9986540079116821
160	0.0007037808536551893	0.0013329304056242108	0.9979633092880249	0.0007396928849630058	0.0018459821585565805	0.9974143505096436
161	0.0001669038028921932	0.000644799554720521	0.999188244342804	0.0002316400350537151	0.0007262676954269409	0.9990420937538147
162	0.01129456888884306	0.014129201881587505	0.9745761752128601	0.005973264575004578	0.010468958877027035	0.9835577607154846
163	0.0531437024474144	0.016021836549043655	0.9308345317840576	0.17777742445468903	0.03610264137387276	0.7861199378967285
164	0.00011418147187214345	0.0005073756910860538	0.9993784427642822	0.00013880339975003153	0.0005533252260647714	0.9993078708648682
165	0.00027565733762457967	0.0008661816827952862	0.9988582134246826	8.649823575979099e-05	0.0004377123841550201	0.9994757771492004
166	0.000650772184599191	0.0014309686375781894	0.9979183077812195	0.0010039821499958634	0.0017255328129976988	0.997270405292511
167	0.00026813961449079216	0.0006946725770831108	0.9990372657775879	0.0011677269358187914	0.0009121609618887305	0.9979200959205627
168	0.010936545208096504	0.020200179889798164	0.9688632488250732	0.005556169897317886	0.013531038537621498	0.9809127449989319
169	7.351196836680174e-05	0.0004525005933828652	0.9994739890098572	7.539630314568058e-05	0.00035864952951669693	0.9995658993721008
170	0.008988365530967712	0.007769548334181309	0.9832421541213989	0.002133221598342061	0.0033863652497529984	0.9944803714752197
171	0.007280376274138689	0.006614589598029852	0.9861050248146057	0.0053386203944683075	0.005248332396149635	0.9894130825996399
172	0.01611584797501564	0.017260076478123665	0.9666240215301514	0.0030735398177057505	0.011019625701010227	0.9859068393707275
173	0.0001535477495053783	0.00039661352639086545	0.9994497895240784	0.00019698629330378026	0.0005181740270927548	0.9992849230766296
174	0.0022406992502510548	0.0019864721689373255	0.9957727789878845	0.004624292720109224	0.0014146111207082868	0.9939610958099365
175	0.0003119929460808635	0.0005784907843917608	0.9991094470024109	0.00015320736565627158	0.0003731345641426742	0.9994736313819885
176	0.001067177508957684	0.00822425913065672	0.990708589553833	0.017107853665947914	0.021247735247015953	0.9616444110870361
177	0.0007036453462205827	0.0014900306705385447	0.9978063702583313	0.005313908215612173	0.005082445219159126	0.9896036386489868
178	0.00044572935439646244	0.0006468513165600598	0.9989074468612671	0.0006994024734012783	0.0008468171581625938	0.9984537363052368
179	0.00047910530702210963	0.0013581531820818782	0.9981628060340881	0.0014258908340707421	0.002512593986466527	0.9960615038871765
180	0.008629905059933662	0.004527673590928316	0.9868424534797668	0.0032768382225185633	0.0033274730667471886	0.9933957457542419
181	0.0006562033668160439	0.0015788919990882277	0.9977649450302124	0.004627274349331856	0.004295267164707184	0.9910774230957031
182	0.004311250057071447	0.006081284023821354	0.9896075129508972	0.0025049035903066397	0.003525352105498314	0.9939697980880737
183	0.004292034078389406	0.007686270400881767	0.9880216121673584	0.002139090094715357	0.003865801030769944	0.9939951300621033
184	0.0011837456841021776	0.0024138407316058874	0.996402382850647	0.00030013598734512925	0.0007514145108871162	0.9989485144615173
185	0.00171981833409518	0.002348738955333829	0.9959314465522766	0.004010702483355999	0.0030553454998880625	0.992933988571167
186	0.00022114937019068748	0.0007277253898791969	0.9990511536598206	0.0001951904414454475	0.0006994289578869939	0.9991053938865662
187	0.0010459183249622583	0.0020033761393278837	0.996950626373291	0.0005572543595917523	0.0021288306452333927	0.997313916683197
188	0.021481845527887344	0.004978196229785681	0.9735399484634399	0.04199085757136345	0.006186285521835089	0.9518228769302368
189	0.00024600987671874464	0.002874401630833745	0.9968795776367188	0.00017536969971843064	0.0026419763453304768	0.9971827268600464
190	0.04059832543134689	0.017974141985177994	0.9414275288581848	0.034160200506448746	0.010677712969481945	0.9551621079444885
191	0.0034076750744134188	0.0017521362751722336	0.9948402047157288	0.007124435156583786	0.0023872200399637222	0.9904882907867432
192	0.0001306881895288825	0.00034299446269869804	0.9995263814926147	0.00020694773411378264	0.00042860532994382083	0.99936443567276
193	0.02380411885678768	0.01142213586717844	0.9647737145423889	0.051280733197927475	0.01363444048911333	0.935084879398346
194	0.00011979390546912327	0.0003247748245485127	0.9995554089546204	8.569833153160289e-05	0.00029540940886363387	0.9996188879013062
195	0.004116662312299013	0.005478288047015667	0.9904050827026367	0.0004553780017886311	0.0011251538526266813	0.9984195232391357
196	0.00037218036595731974	0.0009601304191164672	0.9986677169799805	0.00023799444898031652	0.0007815222488716245	0.9989804625511169
197	0.0002680009347386658	0.0007236843812279403	0.9990083575248718	0.00035454973112791777	0.0009014105307869613	0.998744010925293
198	0.0006056170095689595	0.0019997661001980305	0.9973945617675781	0.0003090069512836635	0.0013271599309518933	0.9983637928962708
199	0.0009483753819949925	0.0013302442384883761	0.9977213740348816	0.0006233845488168299	0.0010762268211692572	0.9983003735542297
