0	0.9932895302772522	0.005134230013936758	0.0015762082766741514	0.9920417666435242	0.006233197636902332	0.001725082634948194
1	0.9875670671463013	0.01010989397764206	0.00232303561642766	0.9909690022468567	0.006697756703943014	0.002333214273676276
2	0.9912198185920715	0.005786656867712736	0.0029935326892882586	0.990947425365448	0.00636459281668067	0.0026879466604441404
3	0.9873784184455872	0.005686257965862751	0.006935245357453823	0.985755980014801	0.006622427608817816	0.007621523924171925
4	0.9765973687171936	0.021687937900424004	0.0017147492617368698	0.9436318874359131	0.055275049060583115	0.0010930146090686321
5	0.9902538657188416	0.007269171066582203	0.002476968802511692	0.9775953888893127	0.015928098931908607	0.006476511247456074
6	0.9957887530326843	0.00316761271096766	0.0010436755837872624	0.9964815378189087	0.002511639380827546	0.0010067974217236042
7	0.9903869032859802	0.008028184063732624	0.0015848289476707578	0.991671621799469	0.006909521296620369	0.0014187926426529884
8	0.9872856736183167	0.01099339872598648	0.0017209347570315003	0.9886125922203064	0.008720207959413528	0.0026672701351344585
9	0.9886537194252014	0.008315653540194035	0.003030704567208886	0.9888643026351929	0.007804638706147671	0.0033311541192233562
10	0.995560884475708	0.0027203585486859083	0.0017187416087836027	0.9954193830490112	0.002856005448848009	0.001724654110148549
11	0.9923675656318665	0.005197073332965374	0.0024353081826120615	0.9877943992614746	0.009981360286474228	0.0022243130952119827
12	0.9915626645088196	0.005516098812222481	0.002921291859820485	0.9915626645088196	0.005516098812222481	0.002921291859820485
13	0.5818114876747131	0.16784091293811798	0.2503475546836853	0.8247433304786682	0.11564289033412933	0.05961378663778305
14	0.979862630367279	0.011811758391559124	0.008325562812387943	0.9696496725082397	0.01751890406012535	0.012831482104957104
15	0.5075774788856506	0.2739023268222809	0.21852020919322968	0.3576854467391968	0.03295741230249405	0.6093571782112122
16	0.9628583788871765	0.03362506628036499	0.0035165438894182444	0.18849729001522064	0.7811956405639648	0.030307045206427574
17	0.9876438975334167	0.009871607646346092	0.0024844426661729813	0.9876438975334167	0.009871607646346092	0.0024844426661729813
18	0.9936621189117432	0.004484470468014479	0.001853437628597021	0.9932987093925476	0.004101456142961979	0.002599791856482625
19	0.987644612789154	0.009451396763324738	0.002903992310166359	0.9858109951019287	0.01186167262494564	0.002327344845980406
20	0.9902421832084656	0.007087315898388624	0.0026704033371061087	0.9892784953117371	0.008365158922970295	0.0023563015274703503
21	0.9749467968940735	0.01834173873066902	0.00671148719266057	0.9635647535324097	0.03164190798997879	0.004793368745595217
22	0.9379090666770935	0.046508822590112686	0.015582163818180561	0.8514950275421143	0.12187353521585464	0.02663140743970871
23	0.9881503582000732	0.008972118608653545	0.0028775427490472794	0.9805727005004883	0.01723570190370083	0.0021916539408266544
24	0.9896621704101562	0.008844701573252678	0.0014931263867765665	0.9894394278526306	0.008880135603249073	0.0016804842744022608
25	0.9696276783943176	0.02075330540537834	0.009618883952498436	0.9507255554199219	0.03509349748492241	0.014180968515574932
26	0.991775631904602	0.005578362848609686	0.0026459330692887306	0.9916166663169861	0.006032104603946209	0.0023511911276727915
27	0.9942295551300049	0.003737527644261718	0.0020328920800238848	0.9918885827064514	0.005139635875821114	0.0029717320576310158
28	0.0013316471595317125	0.002200990915298462	0.9964673519134521	0.0020662012975662947	0.005816095508635044	0.992117702960968
29	0.994157075881958	0.0040656933560967445	0.0017771907150745392	0.994157075881958	0.0040656933560967445	0.0017771907150745392
30	0.9864756464958191	0.008242744952440262	0.005281638819724321	0.9875242710113525	0.007435575593262911	0.005040195304900408
31	0.9928262233734131	0.004970102105289698	0.002203738084062934	0.5894314050674438	0.3804766535758972	0.030091920867562294
32	0.991517961025238	0.005331126041710377	0.0031508945394307375	0.9925746917724609	0.005447770468890667	0.0019775209948420525
33	0.9252856969833374	0.05200200900435448	0.02271229773759842	0.9583570957183838	0.029357554391026497	0.012285333126783371
34	0.9302689433097839	0.06504657864570618	0.004684489220380783	0.9028689861297607	0.0677298977971077	0.029401199892163277
35	0.9875548481941223	0.011231780052185059	0.0012133487034589052	0.9935867786407471	0.0053835841827094555	0.0010296968976035714
36	0.9874860644340515	0.010428717359900475	0.002085223328322172	0.9797862768173218	0.018375219777226448	0.0018383811693638563
37	0.9935057163238525	0.005577054340392351	0.0009171707206405699	0.12359924614429474	0.8670161962509155	0.00938453245908022
38	0.9885203242301941	0.009939083829522133	0.0015406929887831211	0.9917973279953003	0.006765298545360565	0.0014373338781297207
39	0.9961787462234497	0.0023304405622184277	0.0014908567536622286	0.9866970181465149	0.00446384446695447	0.008839188143610954
40	0.15187785029411316	0.8205640316009521	0.027558142319321632	0.8458898663520813	0.14606016874313354	0.008050012402236462
41	0.996046245098114	0.002429401967674494	0.001524355378933251	0.996046245098114	0.002429401967674494	0.001524355378933251
42	0.9893020987510681	0.007069841958582401	0.0036281447391957045	0.9909494519233704	0.006766732316464186	0.0022838290315121412
43	0.982081949710846	0.013387721963226795	0.004530440084636211	0.9933445453643799	0.005222680047154427	0.0014327607350423932
44	0.988004207611084	0.008147899061441422	0.003847945248708129	0.9873003363609314	0.007135138381272554	0.00556453550234437
45	0.9865326881408691	0.00699011841788888	0.006477154791355133	0.9838669300079346	0.007519417442381382	0.00861357245594263
46	0.987886905670166	0.009671427309513092	0.002441602759063244	0.9914085268974304	0.006753555964678526	0.001837864168919623
47	0.981895387172699	0.014555755071341991	0.0035488882567733526	0.9820514917373657	0.014359559863805771	0.003589001717045903
48	0.9888516068458557	0.008053510449826717	0.0030949891079217196	0.98804771900177	0.00849359855055809	0.0034587003756314516
49	0.9894734025001526	0.007607043720781803	0.0029195896349847317	0.9894734025001526	0.007607043720781803	0.0029195896349847317
50	0.9655429124832153	0.03050018660724163	0.003956858534365892	0.002711396897211671	0.9969922304153442	0.0002963948354590684
51	0.9874940514564514	0.006970928516238928	0.005535045638680458	0.9861018657684326	0.0075957817025482655	0.006302329711616039
52	0.9929868578910828	0.006052806042134762	0.0009603623184375465	0.9938533306121826	0.005035253707319498	0.0011113821528851986
53	0.9956272840499878	0.0017561650602146983	0.0026165673043578863	0.9955995082855225	0.003085046773776412	0.0013154182815924287
54	0.9765577912330627	0.019289830699563026	0.004152440931648016	0.9720778465270996	0.025066182017326355	0.002855990780517459
55	0.9863189458847046	0.01039095688611269	0.0032900520600378513	0.9903064966201782	0.00744497450068593	0.002248553093522787
56	0.9945816397666931	0.003649552818387747	0.00176883558742702	0.9947223663330078	0.0036861738190054893	0.0015914174728095531
57	0.7639974355697632	0.0800890177488327	0.15591347217559814	0.7505807280540466	0.0801764726638794	0.16924279928207397
58	0.9931584000587463	0.004664222244173288	0.0021773590706288815	0.9939125776290894	0.004015863407403231	0.002071540802717209
59	0.0027893122751265764	0.004006045404821634	0.9932045936584473	0.0012948259245604277	0.014922390691936016	0.9837828278541565
60	0.9848458766937256	0.011965392157435417	0.003188767936080694	0.9821310043334961	0.012919560074806213	0.004949389025568962
61	0.04961979016661644	0.0053826929070055485	0.9449975490570068	0.8121145963668823	0.02906443178653717	0.1588210016489029
62	0.03582962974905968	0.026425007730722427	0.9377453923225403	0.06723882257938385	0.03968500345945358	0.8930761218070984
63	0.9680886268615723	0.02615589089691639	0.005755438469350338	0.8796272277832031	0.05712723731994629	0.06324554979801178
64	0.9956234097480774	0.0034657635260373354	0.0009108057711273432	0.9953896999359131	0.003472411073744297	0.0011378112249076366
65	0.9866541028022766	0.011219588108360767	0.0021262902300804853	0.9811083674430847	0.016590597108006477	0.0023010093718767166
66	0.9771833419799805	0.01726418361067772	0.00555245578289032	0.9849274158477783	0.01154202502220869	0.00353054772131145
67	0.9635129570960999	0.0195697620511055	0.016917265951633453	0.9536327719688416	0.04448023810982704	0.0018869569757953286
68	0.9752048850059509	0.01562090590596199	0.009174258448183537	0.994807779788971	0.0026981269475072622	0.0024940615985542536
69	0.929526150226593	0.06775554269552231	0.0027183792553842068	0.9695808291435242	0.027353869751095772	0.003065231954678893
70	0.9903621673583984	0.007587694562971592	0.0020500856917351484	0.9925187826156616	0.005865792743861675	0.0016153760952875018
71	0.10302577912807465	0.11948173493146896	0.7774925231933594	0.5997747778892517	0.23093484342098236	0.16929033398628235
72	0.9911623001098633	0.007255669217556715	0.0015819555846974254	0.9918128252029419	0.006579827982932329	0.0016073574079200625
73	0.9919795989990234	0.00703962380066514	0.000980832614004612	0.9935830235481262	0.005126818083226681	0.0012901258887723088
74	0.9986251592636108	0.0007643639110028744	0.0006105034262873232	0.9988120794296265	0.0006368765607476234	0.0005510074552148581
75	0.9950302839279175	0.0038671926595270634	0.001102485111914575	0.9908595681190491	0.008502244018018246	0.0006382432766258717
76	0.9905321598052979	0.007380790077149868	0.002087095519527793	0.990865170955658	0.007225662935525179	0.0019091529538854957
77	0.9536696672439575	0.042991481721401215	0.0033388156443834305	0.8505030870437622	0.09128934890031815	0.05820756033062935
78	0.25637272000312805	0.12048513442277908	0.6231420636177063	0.3946458399295807	0.03482213243842125	0.5705320239067078
79	0.8654441237449646	0.10782694071531296	0.026728933677077293	0.8888377547264099	0.10694431513547897	0.004217992536723614
80	0.4296942353248596	0.015579047612845898	0.5547266602516174	0.7250195741653442	0.23730984330177307	0.037670526653528214
81	0.986169695854187	0.010534582659602165	0.0032956930808722973	0.9866369366645813	0.00978229008615017	0.003580829594284296
82	0.9871713519096375	0.008827794343233109	0.004000895190984011	0.9871713519096375	0.008827794343233109	0.004000895190984011
83	0.9908628463745117	0.004506278317421675	0.0046309358440339565	0.9863026738166809	0.00943528302013874	0.0042619891464710236
84	0.9913700819015503	0.005617264658212662	0.0030126122292131186	0.9920661449432373	0.006361814681440592	0.0015719594666734338
85	0.9808849096298218	0.018138941377401352	0.0009761083638295531	0.978251576423645	0.020166512578725815	0.0015819603577256203
86	0.9880775213241577	0.007207544520497322	0.004714908078312874	0.9880775213241577	0.007207544520497322	0.004714908078312874
87	0.9592531323432922	0.03357633203268051	0.0071705542504787445	0.982395350933075	0.014080667868256569	0.003523945575580001
88	0.9897122383117676	0.007273719180375338	0.0030139500740915537	0.9887825846672058	0.008070499636232853	0.0031469445675611496
89	0.9868278503417969	0.01151138637214899	0.0016608318546786904	0.9862406849861145	0.009481671266257763	0.0042776791378855705
90	0.9350833296775818	0.013846428133547306	0.05107027292251587	0.685799777507782	0.034028228372335434	0.2801720201969147
91	0.9846826791763306	0.012301093898713589	0.003016252303496003	0.22457276284694672	0.7679280638694763	0.007499236613512039
92	0.9922383427619934	0.006363993044942617	0.0013976318296045065	0.9846886396408081	0.01339348778128624	0.0019178306683897972
93	0.9892241358757019	0.008982192724943161	0.0017936165677383542	0.9885058403015137	0.009555336087942123	0.0019388068467378616
94	0.01445950660854578	0.0767119750380516	0.9088284969329834	0.6868202090263367	0.08176978677511215	0.2314099669456482
95	0.9834977388381958	0.007100299932062626	0.009401961229741573	0.9684801697731018	0.006858336739242077	0.024661514908075333
96	0.9919720888137817	0.00438367435708642	0.003644218435510993	0.9870265126228333	0.006364777218550444	0.006608772091567516
97	0.9026879668235779	0.021715616807341576	0.0755963996052742	0.9612906575202942	0.02386011742055416	0.014849204570055008
98	0.9904838800430298	0.007293360773473978	0.002222803421318531	0.9760333299636841	0.02267102710902691	0.0012957219732925296
99	0.994401752948761	0.004270375706255436	0.0013279037084430456	0.9951772689819336	0.003592546097934246	0.0012301045935600996
100	0.4516257643699646	0.013775104656815529	0.5345991253852844	0.9484013319015503	0.04837779328227043	0.003220832906663418
101	0.5216989517211914	0.09530214220285416	0.38299885392189026	0.518949568271637	0.11471958458423615	0.3663308918476105
102	0.988399863243103	0.00949798058718443	0.0021021731663495302	0.9713285565376282	0.02669525519013405	0.001976246479898691
103	0.9909006357192993	0.007739189080893993	0.0013601859100162983	0.995989978313446	0.0030886197928339243	0.0009213768062181771
104	0.9862318634986877	0.009744592942297459	0.004023491404950619	0.9792147874832153	0.01291798148304224	0.007867292501032352
105	0.9818612337112427	0.011332894675433636	0.006805909797549248	0.9705390930175781	0.025357967242598534	0.0041029732674360275
106	0.9942026734352112	0.0033709576819092035	0.0024262587539851665	0.9942026734352112	0.0033709576819092035	0.0024262587539851665
107	0.9836738109588623	0.01286198291927576	0.0034641812089830637	0.9720459580421448	0.026223059743642807	0.0017310124821960926
108	0.990835428237915	0.005481360945850611	0.003683213610202074	0.9891979098320007	0.006008147727698088	0.0047940341755747795
109	0.9951089024543762	0.0034341781865805387	0.001456885482184589	0.9867509007453918	0.012585483491420746	0.0006636857287958264
110	0.9935265779495239	0.0037127940449863672	0.002760609146207571	0.9935265779495239	0.0037127940449863672	0.002760609146207571
111	0.9882171750068665	0.00929215643554926	0.002490677172318101	0.9850654006004333	0.011508060619235039	0.003426629351451993
112	0.9976593255996704	0.0011870693415403366	0.0011536636156961322	0.9979763627052307	0.0010893103899434209	0.000934396346565336
113	0.9837538599967957	0.009003079496324062	0.007242996711283922	0.9761759638786316	0.019681936129927635	0.004142212215811014
114	0.9870173335075378	0.010475937277078629	0.002506726421415806	0.9662461280822754	0.02835850790143013	0.00539530161768198
115	0.8415117263793945	0.012681243009865284	0.14580698311328888	0.9483834505081177	0.009388337843120098	0.042228274047374725
116	0.9886515140533447	0.008529908023774624	0.0028186871204525232	0.9808130860328674	0.0167214497923851	0.002465428551658988
117	0.9721871018409729	0.02240152657032013	0.005411363672465086	0.987933337688446	0.010586192831397057	0.0014805515529587865
118	0.9753628373146057	0.008670787326991558	0.015966394916176796	0.9785166382789612	0.008489293977618217	0.012993978336453438
119	0.9964064955711365	0.0029541768599301577	0.0006392926443368196	0.9946784973144531	0.004564202390611172	0.0007573883049190044
120	0.980861485004425	0.013125169090926647	0.006013339851051569	0.9703027606010437	0.019901355728507042	0.00979586411267519
121	0.9933304190635681	0.004128802102059126	0.002540846820920706	0.990852415561676	0.005776895675808191	0.0033706636168062687
122	0.9596039056777954	0.03957652673125267	0.000819520850200206	0.0006668003625236452	0.9991353154182434	0.00019795502885244787
123	0.9905849099159241	0.007275340612977743	0.0021397091913968325	0.9905849099159241	0.007275340612977743	0.0021397091913968325
124	0.9901783466339111	0.006058255676180124	0.00376337138004601	0.9901783466339111	0.006058255676180124	0.00376337138004601
125	0.9916286468505859	0.004947885405272245	0.003423461690545082	0.9898747205734253	0.005744089838117361	0.004381210543215275
126	0.9982298016548157	0.0009081161115318537	0.0008621530141681433	0.9976084232330322	0.0010909460252150893	0.0013006520457565784
127	0.0797979012131691	0.021710120141506195	0.8984919786453247	0.0952034592628479	0.028141478076577187	0.8766550421714783
128	0.4783777594566345	0.027062756940722466	0.49455952644348145	0.33776745200157166	0.3673977553844452	0.29483476281166077
129	0.9886004328727722	0.008906419388949871	0.002493157284334302	0.9915640354156494	0.0066277096047997475	0.0018082691822201014
130	0.9917569756507874	0.004309555049985647	0.003933435305953026	0.9866740703582764	0.007566080894321203	0.005759874824434519
131	0.9919929504394531	0.005289760418236256	0.0027172700501978397	0.9919929504394531	0.005289760418236256	0.0027172700501978397
132	0.9889498353004456	0.003303648205474019	0.007746393792331219	0.9811362624168396	0.009998902678489685	0.008864774368703365
133	0.9957326054573059	0.0029833982698619366	0.0012840066337957978	0.9946693778038025	0.0037552176509052515	0.0015754111809656024
134	0.9836534857749939	0.004954492673277855	0.011392018757760525	0.8705633282661438	0.041659023612737656	0.08777762204408646
135	0.2623165249824524	0.06502551585435867	0.6726579666137695	0.6259049773216248	0.11518410593271255	0.2589109241962433
136	0.990301251411438	0.006156935356557369	0.0035417997278273106	0.9907733201980591	0.006561495363712311	0.0026652610395103693
137	0.9855688214302063	0.006794411689043045	0.007636751513928175	0.9834528565406799	0.006549874320626259	0.009997285902500153
138	0.9583764672279358	0.038834862411022186	0.0027886831667274237	0.9090674519538879	0.08784174919128418	0.0030907609034329653
139	0.9869503378868103	0.009683788754045963	0.0033658002503216267	0.9731988310813904	0.020570436492562294	0.006230750121176243
140	0.9320231080055237	0.011678287759423256	0.05629848688840866	0.6452253460884094	0.03664034232497215	0.31813427805900574
141	0.9850452542304993	0.008284547366201878	0.0066701630130410194	0.9305482506752014	0.06381693482398987	0.005634798668324947
142	0.8299860954284668	0.14798285067081451	0.022030994296073914	0.025750717148184776	0.9204288125038147	0.05382046103477478
143	0.9864200949668884	0.010402141138911247	0.0031777063850313425	0.9861381649971008	0.009910576045513153	0.003951165359467268
144	0.9883792400360107	0.006747688632458448	0.0048730941489338875	0.9910575151443481	0.004990807734429836	0.003951669670641422
145	0.9939234852790833	0.0040323310531675816	0.002044165972620249	0.9939234852790833	0.0040323310531675816	0.002044165972620249
146	0.6212299466133118	0.25072136521339417	0.12804864346981049	0.007005901541560888	0.9876636862754822	0.005330383777618408
147	0.9888994097709656	0.008452359586954117	0.002648288616910577	0.967477560043335	0.021834922954440117	0.010687461122870445
148	0.9930155277252197	0.006070320960134268	0.0009140839683823287	0.993727445602417	0.004925463814288378	0.0013470009434968233
149	0.9874467253684998	0.009533007629215717	0.0030202397610992193	0.9756804704666138	0.023708339780569077	0.0006112622795626521
150	0.9919400811195374	0.005723395850509405	0.0023366145323961973	0.9924473762512207	0.005395407322794199	0.002157243201509118
151	0.9898890852928162	0.007471917662769556	0.002639038022607565	0.9922657608985901	0.005739741027355194	0.0019944733940064907
152	0.992745578289032	0.0063328249379992485	0.000921492581255734	0.9886172413825989	0.00970261450856924	0.0016800841549411416
153	0.9789488911628723	0.01080037746578455	0.010250742547214031	0.70115065574646	0.29563474655151367	0.003214574186131358
154	0.9864726066589355	0.010569335892796516	0.0029580772388726473	0.9864726066589355	0.010569335892796516	0.0029580772388726473
155	0.9972129464149475	0.0017829127609729767	0.0010041713248938322	0.9974128603935242	0.00160151906311512	0.0009856651304289699
156	0.9937645196914673	0.004277459345757961	0.0019580123480409384	0.9891979098320007	0.008480801247060299	0.0023212565574795008
157	0.9826115369796753	0.014257569797337055	0.003130807774141431	0.9668854475021362	0.028122128918766975	0.004992421250790358
158	0.9877495169639587	0.008887901902198792	0.003362530143931508	0.9872658252716064	0.008900186978280544	0.0038339984603226185
159	0.9900233149528503	0.005563718266785145	0.004413021262735128	0.9950512051582336	0.0035355763975530863	0.0014132625656202435
160	0.0006028119241818786	0.0013467732351273298	0.9980504512786865	0.002293759025633335	0.002319048158824444	0.9953872561454773
161	0.9751012921333313	0.020947739481925964	0.003950994927436113	0.9803012013435364	0.018527492880821228	0.0011713075218722224
162	0.9860971570014954	0.009531015530228615	0.0043718647211790085	0.9771637916564941	0.017265671864151955	0.005570576526224613
163	0.9875780940055847	0.010560745373368263	0.0018612028798088431	0.9848339557647705	0.013028974644839764	0.0021370083559304476
164	0.9888667464256287	0.00815510842949152	0.0029782166238874197	0.9888667464256287	0.00815510842949152	0.0029782166238874197
165	0.29248204827308655	0.02348000928759575	0.684037983417511	0.9298151135444641	0.05028294771909714	0.019901860505342484
166	0.9105533957481384	0.017532162368297577	0.07191439718008041	0.9485011696815491	0.024177270010113716	0.02732156030833721
167	0.45442256331443787	0.03425607085227966	0.5113214254379272	0.3548137843608856	0.02838508039712906	0.6168010830879211
168	0.990056037902832	0.007245262619107962	0.002698710886761546	0.9907017946243286	0.006995457224547863	0.0023027181159704924
169	0.79989093542099	0.02304294891655445	0.1770661622285843	0.5289673805236816	0.19783152639865875	0.2732011377811432
170	0.8449403047561646	0.15313364565372467	0.0019260455155745149	0.006762839388102293	0.9884964227676392	0.0047407979145646095
171	0.9923938512802124	0.005397255066782236	0.002208963967859745	0.9911789298057556	0.007013184484094381	0.001807959983125329
172	0.9892972111701965	0.007446957752108574	0.003255958901718259	0.9900070428848267	0.006368651986122131	0.003624385455623269
173	0.9959756731987	0.0021518487483263016	0.001872432418167591	0.9953413009643555	0.002579605672508478	0.0020790977869182825
174	0.9899993538856506	0.003834216855466366	0.0061663975939154625	0.9829553961753845	0.011573923751711845	0.005470605101436377
175	0.9830909371376038	0.008172042667865753	0.008737064898014069	0.9704257845878601	0.01961459405720234	0.009959534741938114
176	0.9373194575309753	0.024532973766326904	0.03814748302102089	0.8608620166778564	0.05203787982463837	0.08710017055273056
177	0.9792366027832031	0.014084689319133759	0.006678685545921326	0.9722951650619507	0.020768046379089355	0.00693674199283123
178	0.9961420893669128	0.002242835471406579	0.0016151095042005181	0.9953624606132507	0.0027075973339378834	0.001929952297359705
179	0.9855380058288574	0.011279282160103321	0.0031826680060476065	0.9855380058288574	0.011279282160103321	0.0031826680060476065
180	0.5183582305908203	0.03759372606873512	0.44404804706573486	0.5586684346199036	0.040033008903265	0.4012985825538635
181	0.9790656566619873	0.014666318893432617	0.006268003489822149	0.9678006768226624	0.029531385749578476	0.0026678950525820255
182	0.9814983010292053	0.01745903491973877	0.0010425704531371593	0.9709369540214539	0.02790197916328907	0.0011610783403739333
183	0.9781054854393005	0.010422995314002037	0.01147149596363306	0.9524418711662292	0.038419123739004135	0.009139038622379303
184	0.9857585430145264	0.009671375155448914	0.0045701926574110985	0.9820998907089233	0.011890142224729061	0.006009974982589483
185	0.4864247441291809	0.09001027792692184	0.42356497049331665	0.7339688539505005	0.1316394954919815	0.13439159095287323
186	0.9956050515174866	0.0035285060293972492	0.0008664389024488628	0.9955042004585266	0.0035185571759939194	0.000977218965999782
187	0.18102893233299255	0.05002002790570259	0.7689509987831116	0.42028099298477173	0.1563720554113388	0.42334699630737305
188	0.9924502372741699	0.004921350162476301	0.002628527581691742	0.9901037812232971	0.007144608069211245	0.0027515932451933622
189	0.0022896176669746637	0.0029218930285423994	0.9947885274887085	0.002997634233906865	0.00202858611010015	0.9949737787246704
190	0.9886237382888794	0.007587363477796316	0.003788867499679327	0.993846595287323	0.0037410741206258535	0.002412227215245366
191	0.9889405369758606	0.009527255780994892	0.0015321713872253895	0.9948338270187378	0.0029901177622377872	0.0021760989911854267
192	0.9929332733154297	0.005005745217204094	0.0020609842613339424	0.9926776885986328	0.004999700468033552	0.0023225967306643724
193	0.9833419322967529	0.01368714403361082	0.0029708670917898417	0.9826918840408325	0.01493499893695116	0.0023731503169983625
194	0.007991098798811436	0.0022177312057465315	0.989791214466095	0.07368555665016174	0.0030913029331713915	0.9232231974601746
195	0.9779045581817627	0.018743403255939484	0.0033519656863063574	0.9845578074455261	0.011910263448953629	0.0035318017471581697
196	0.8596038222312927	0.013907180167734623	0.12648902833461761	0.9836856722831726	0.014150653034448624	0.002163633704185486
197	0.940095841884613	0.040450189262628555	0.019453881308436394	0.9013450145721436	0.06947366148233414	0.02918136678636074
198	0.9854859113693237	0.01235180627554655	0.002162328688427806	0.983374834060669	0.014162209816277027	0.0024629919789731503
199	0.9857585430145264	0.009671375155448914	0.0045701926574110985	0.9820998907089233	0.011890142224729061	0.006009974982589483
