0	0.986960768699646	0.005678559187799692	0.007360584568232298	0.9851967096328735	0.005980570800602436	0.008822794072329998
1	0.9753191471099854	0.017727874219417572	0.006953022442758083	0.9760398864746094	0.01797691360116005	0.005983252543956041
2	0.9871993660926819	0.009704738855361938	0.0030958717688918114	0.9875863790512085	0.009405232034623623	0.0030082992743700743
3	0.9882442951202393	0.010672122240066528	0.0010835413122549653	0.9875323176383972	0.011323964223265648	0.0011437044013291597
4	0.9839560389518738	0.012446372769773006	0.0035976239014416933	0.9834385514259338	0.013122358359396458	0.003439122112467885
5	0.9800728559494019	0.010371770709753036	0.00955535564571619	0.9817609190940857	0.010457773692905903	0.007781261578202248
6	0.986315131187439	0.010783040896058083	0.002901877276599407	0.9865636825561523	0.010845236480236053	0.002591080265119672
7	0.9918317198753357	0.0056118443608284	0.0025565309915691614	0.9927513599395752	0.0048945993185043335	0.0023539916146546602
8	0.982004702091217	0.010134014301002026	0.007861290127038956	0.9823604822158813	0.00959265511482954	0.008046900853514671
9	0.9912561178207397	0.006757194641977549	0.001986732706427574	0.99172443151474	0.0064125931821763515	0.0018629950936883688
10	0.9914276599884033	0.00619844114407897	0.002373939845710993	0.9916782379150391	0.0061682783998548985	0.0021535062696784735
11	0.9832062721252441	0.013878554105758667	0.002915154444053769	0.982994794845581	0.013853071257472038	0.0031521625351160765
12	0.9936316609382629	0.004731232300400734	0.0016371305100619793	0.9940332770347595	0.0044173733331263065	0.0015493371756747365
13	0.9948837161064148	0.00398151995614171	0.0011347854742780328	0.9946182370185852	0.004143989644944668	0.0012378925457596779
14	0.985895037651062	0.00914907269179821	0.004955859389156103	0.9855464696884155	0.009190298616886139	0.005263229366391897
15	0.9920191168785095	0.006568129174411297	0.0014126546448096633	0.9917904138565063	0.006649129558354616	0.0015603781212121248
16	0.9645423889160156	0.020496968179941177	0.014960624277591705	0.9693061709403992	0.019003674387931824	0.01169026829302311
17	0.9912111163139343	0.007327166851609945	0.0014617156703025103	0.9907183051109314	0.0077697355300188065	0.001511913724243641
18	0.9868472218513489	0.01082255132496357	0.002330195624381304	0.9862776398658752	0.011222833767533302	0.002499545458704233
19	0.9912106990814209	0.007046447601169348	0.0017428735736757517	0.991148829460144	0.007046904880553484	0.00180416414514184
20	0.9960910677909851	0.002323346445336938	0.0015856006648391485	0.9963429570198059	0.0023174891248345375	0.0013395724818110466
21	0.9917963743209839	0.005746747832745314	0.0024568024091422558	0.9920411705970764	0.005797644145786762	0.002161206677556038
22	0.9874554872512817	0.00946066901087761	0.0030838861130177975	0.9876617193222046	0.00904458574950695	0.003293708199635148
23	0.9832430481910706	0.00944607611745596	0.0073108491487801075	0.9815931916236877	0.009606934152543545	0.008799921721220016
24	0.9962188601493835	0.0025430750101804733	0.0012380614643916488	0.9959868788719177	0.002655820222571492	0.0013573511969298124
25	0.9891590476036072	0.008886157535016537	0.0019547943957149982	0.9893738627433777	0.008726714178919792	0.0018994753481820226
26	0.9909504652023315	0.006798395421355963	0.0022511142306029797	0.9913763403892517	0.006509632337838411	0.0021140819881111383
27	0.9808444976806641	0.01407838985323906	0.00507715530693531	0.981505811214447	0.01447179913520813	0.004022341221570969
28	0.9917574524879456	0.006357133388519287	0.0018853850197046995	0.9912770986557007	0.006655880715698004	0.002067049965262413
29	0.9880600571632385	0.009882993996143341	0.002057019853964448	0.9883717894554138	0.009510998614132404	0.002117109950631857
30	0.948191225528717	0.012783916667103767	0.03902479633688927	0.9534916877746582	0.012783261947333813	0.033725082874298096
31	0.9886308908462524	0.005827970802783966	0.00554118026047945	0.9888592958450317	0.006188536062836647	0.00495217926800251
32	0.9791929721832275	0.017205573618412018	0.003601438831537962	0.9810505509376526	0.015445237047970295	0.003504133550450206
33	0.994143545627594	0.0047445232048630714	0.0011119452537968755	0.9937908053398132	0.0049204956740140915	0.001288727973587811
34	0.9892848134040833	0.006878287065774202	0.003836908843368292	0.989697277545929	0.006449993699789047	0.003852659370750189
35	0.9889180064201355	0.009128863923251629	0.0019530864665284753	0.9885627031326294	0.009082009084522724	0.0023553152568638325
36	0.9864338636398315	0.009841575287282467	0.0037246672436594963	0.9859126210212708	0.01026419922709465	0.003823109669610858
37	0.9867258071899414	0.00926581583917141	0.004008390475064516	0.9884705543518066	0.008268661797046661	0.0032607351895421743
38	0.988516092300415	0.009308410808444023	0.002175459172576666	0.988818347454071	0.009036863222718239	0.002144771395251155
39	0.9887423515319824	0.009597490541636944	0.0016601759707555175	0.9891201257705688	0.009229245595633984	0.0016506824176758528
40	0.9821891188621521	0.013928682543337345	0.003882255172356963	0.9816546440124512	0.013921037316322327	0.004424339160323143
41	0.9938870072364807	0.004233129322528839	0.00187989033292979	0.9936864972114563	0.004520520567893982	0.001792908413335681
42	0.987953782081604	0.009447667747735977	0.002598537364974618	0.9878837466239929	0.009706249460577965	0.002409912645816803
43	0.9807639122009277	0.015233257785439491	0.004002905450761318	0.9819478988647461	0.014813634566962719	0.003238537348806858
44	0.9858214259147644	0.010806312784552574	0.0033722419757395983	0.9856030941009521	0.011514260433614254	0.0028826019261032343
45	0.9894343018531799	0.006959514692425728	0.00360619043931365	0.9902742505073547	0.00681272754445672	0.00291297840885818
46	0.9966018199920654	0.0018207135144621134	0.0015775237698107958	0.9964827299118042	0.001997407292947173	0.0015197756001725793
47	0.9922612309455872	0.003899547504261136	0.003839201992377639	0.9929574728012085	0.00398560706526041	0.003056924557313323
48	0.9825963973999023	0.013920273631811142	0.003483348758891225	0.9823894500732422	0.013881426304578781	0.0037290994077920914
49	0.9867376685142517	0.010923950932919979	0.0023384327068924904	0.986900269985199	0.011036005802452564	0.002063652267679572
50	0.9879662394523621	0.009461930021643639	0.0025718179531395435	0.98796147108078	0.009634912945330143	0.002403669524937868
51	0.9859189987182617	0.010479895398020744	0.0036011056508868933	0.9862279295921326	0.010702579282224178	0.0030695530585944653
52	0.9811148047447205	0.008007652126252651	0.010877560824155807	0.9727871417999268	0.008317392319440842	0.01889549009501934
53	0.9883566498756409	0.007996749132871628	0.003646533004939556	0.9896232485771179	0.007611933629959822	0.00276478985324502
54	0.9875717163085938	0.010717633180320263	0.0017106567975133657	0.9880174398422241	0.009826868772506714	0.0021556175779551268
55	0.9828663468360901	0.01370329037308693	0.003430456854403019	0.9821816086769104	0.014197571203112602	0.0036209034733474255
56	0.9913205504417419	0.004744809586554766	0.0039345682598650455	0.991358757019043	0.004200947005301714	0.004440322518348694
57	0.9885848164558411	0.009510677307844162	0.0019043959910050035	0.988861620426178	0.00952539686113596	0.0016129633877426386
58	0.9845730662345886	0.01128508523106575	0.004141925368458033	0.9839385151863098	0.011381397023797035	0.004680067300796509
59	0.9946963787078857	0.0038763906341046095	0.0014271948020905256	0.994809627532959	0.003711030352860689	0.0014792842557653785
60	0.9854375123977661	0.011451001279056072	0.003111524973064661	0.9859265089035034	0.010673483833670616	0.0033999639563262463
61	0.984624981880188	0.012976198457181454	0.002398809650912881	0.9851799011230469	0.012535510584712029	0.002284552436321974
62	0.008859408088028431	0.0013027926906943321	0.9898377656936646	0.06418786197900772	0.003062361152842641	0.9327498078346252
63	0.9825509190559387	0.014537219889461994	0.0029117807280272245	0.9838730692863464	0.013713303953409195	0.002413624431937933
64	0.9917158484458923	0.006852814462035894	0.001431337557733059	0.9918614625930786	0.006713888142257929	0.0014246337814256549
65	0.9949930310249329	0.0016056810272857547	0.003401287365704775	0.9951716065406799	0.0016427935333922505	0.003185541834682226
66	0.993757963180542	0.004579251166433096	0.001662756665609777	0.9941002726554871	0.004487945232540369	0.0014117583632469177
67	0.9932605624198914	0.004295503720641136	0.002443878445774317	0.9930887818336487	0.004096686374396086	0.0028144866228103638
68	0.986998975276947	0.010267173871397972	0.0027337707579135895	0.9875730276107788	0.009817264974117279	0.0026097761001437902
69	0.9924421310424805	0.004793788772076368	0.002764113713055849	0.9921871423721313	0.004865782335400581	0.002947047119960189
70	0.9889209270477295	0.0078003378584980965	0.0032786668743938208	0.9892879724502563	0.007679383736103773	0.0030326242558658123
71	0.9784230589866638	0.012050893157720566	0.009526020847260952	0.980305552482605	0.012245967984199524	0.0074485731311142445
72	0.9844475984573364	0.006339801475405693	0.009212571196258068	0.9848035573959351	0.006692191120237112	0.008504277095198631
73	0.9881911277770996	0.003933947533369064	0.00787488091737032	0.9880820512771606	0.004354081116616726	0.0075639537535607815
74	0.9946486353874207	0.004075794015079737	0.0012755758361890912	0.9943839311599731	0.004162720404565334	0.0014532551867887378
75	0.9871598482131958	0.008155683986842632	0.004684397950768471	0.9867638945579529	0.008328882046043873	0.004907247610390186
76	0.9865267872810364	0.007810215000063181	0.00566299632191658	0.9895998239517212	0.006632194388657808	0.0037679867818951607
77	0.9657874703407288	0.015302946791052818	0.01890954189002514	0.970419704914093	0.014938924461603165	0.014641291461884975
78	0.9785763621330261	0.018763117492198944	0.002660590223968029	0.977672278881073	0.019669679924845695	0.002658063778653741
79	0.9889509081840515	0.006486959755420685	0.004562125075608492	0.9895257949829102	0.006055778358131647	0.004418474156409502
80	0.9825405478477478	0.010918059386312962	0.0065413303673267365	0.9840896129608154	0.010462959297001362	0.005447434261441231
81	0.9860253930091858	0.009111888706684113	0.004862770903855562	0.9858858585357666	0.009541732259094715	0.004572419915348291
82	0.9906346201896667	0.00633888179436326	0.0030264670494943857	0.9902501702308655	0.006831848993897438	0.0029179872944951057
83	0.9864556789398193	0.01106620579957962	0.002478106180205941	0.9864962697029114	0.01131886150687933	0.0021848888136446476
84	0.9947513937950134	0.003674917621538043	0.0015737683279439807	0.9950301647186279	0.0035379959736019373	0.001431841403245926
85	0.9884307384490967	0.009037651121616364	0.002531616948544979	0.9890230894088745	0.008669504895806313	0.00230737985111773
86	0.9901077747344971	0.007264741230756044	0.0026274414267390966	0.9890453815460205	0.0075258491560816765	0.0034287739545106888
87	0.9882673621177673	0.00946158729493618	0.0022710170596837997	0.9888916611671448	0.008658099919557571	0.002450290834531188
88	0.991204559803009	0.006834443658590317	0.0019610198214650154	0.9903771281242371	0.007238629274070263	0.0023843152448534966
89	0.9726123213768005	0.012938287109136581	0.01444949209690094	0.9662166833877563	0.013877328485250473	0.019905976951122284
90	0.9904016852378845	0.006945204921066761	0.0026532087940722704	0.9899823069572449	0.007071954198181629	0.0029457849450409412
91	0.9918421506881714	0.003476561978459358	0.004681333899497986	0.991926372051239	0.00367331737652421	0.004400290548801422
92	0.9936426877975464	0.005561336409300566	0.0007959468639455736	0.9937479496002197	0.005287848878651857	0.000964180682785809
93	0.9825604557991028	0.012784535065293312	0.004655046388506889	0.9843881130218506	0.011582080274820328	0.004029878880828619
94	0.9895880222320557	0.007229913026094437	0.003182031214237213	0.9902834296226501	0.007086319848895073	0.0026302055921405554
95	0.9891146421432495	0.008146032691001892	0.002739338204264641	0.9883648157119751	0.008710517548024654	0.00292465859092772
96	0.9819632768630981	0.01462455466389656	0.003412214806303382	0.9815628528594971	0.015267185866832733	0.0031699875835329294
97	0.9815692901611328	0.012967690825462341	0.0054631042294204235	0.9826321601867676	0.012472701258957386	0.004895128775388002
98	0.9886729121208191	0.009324420243501663	0.0020026976708322763	0.9896104335784912	0.008398246020078659	0.0019913911819458008
99	0.9879229664802551	0.004010510630905628	0.008066483773291111	0.9906120896339417	0.003569071413949132	0.005818905308842659
100	0.988609790802002	0.008535496890544891	0.0028546673711389303	0.9883678555488586	0.00850868783891201	0.003123484319075942
101	0.9897834658622742	0.008876381441950798	0.001340144663117826	0.9888113737106323	0.00961832981556654	0.001570347580127418
102	0.9840168952941895	0.011266111396253109	0.004717052914202213	0.9838864207267761	0.011282453313469887	0.004831138998270035
103	0.9909201860427856	0.006454306188970804	0.002625515451654792	0.9916476011276245	0.005738654639571905	0.0026137609966099262
104	0.9850487112998962	0.012624762952327728	0.0023265189956873655	0.9853876233100891	0.012280866503715515	0.002331540221348405
105	0.9890167713165283	0.006953367497771978	0.004029834643006325	0.9892054796218872	0.006770779378712177	0.004023753572255373
106	0.9869385957717896	0.009762090630829334	0.0032993732020258904	0.9869088530540466	0.009845511056482792	0.0032456291373819113
107	0.9698953032493591	0.011211853474378586	0.018892841413617134	0.9798997044563293	0.009804305620491505	0.010295889340341091
108	0.986070454120636	0.010721050202846527	0.003208521055057645	0.986774206161499	0.010189116932451725	0.003036744659766555
109	0.9947905540466309	0.0036696880124509335	0.001539707649499178	0.9943475127220154	0.0038344101049005985	0.0018180595943704247
110	0.9942483901977539	0.0037053958512842655	0.0020461920648813248	0.9931944608688354	0.0037712580524384975	0.0030343264807015657
111	0.9918175339698792	0.0033013131469488144	0.0048811654560267925	0.980888307094574	0.005071402993053198	0.01404025498777628
112	0.9905154705047607	0.005968666635453701	0.003515899181365967	0.9907593727111816	0.005496685858815908	0.003743944689631462
113	0.986106276512146	0.009420395828783512	0.004473356530070305	0.9859629273414612	0.009228186681866646	0.004808906000107527
114	0.9874129295349121	0.010607228614389896	0.001979828579351306	0.9872413873672485	0.010446122847497463	0.0023124385625123978
115	0.9928334951400757	0.004730886314064264	0.0024355826899409294	0.9937415719032288	0.004178004804998636	0.0020804640371352434
116	0.9838608503341675	0.012552822940051556	0.003586302511394024	0.9836905598640442	0.012334724888205528	0.003974688705056906
117	0.9901736974716187	0.005307686049491167	0.004518564324826002	0.990467369556427	0.00502917543053627	0.004503448959439993
118	0.9912508726119995	0.0053566559217870235	0.003392606507986784	0.9913422465324402	0.005110053811222315	0.0035476977936923504
119	0.9822267293930054	0.013080895878374577	0.004692389629781246	0.9819353818893433	0.012861457653343678	0.0052031259983778
120	0.9824527502059937	0.008886854164302349	0.008660313673317432	0.9848704934120178	0.008723005652427673	0.00640650512650609
121	0.988584041595459	0.009821174666285515	0.0015947968931868672	0.9886265397071838	0.009840356186032295	0.0015329840825870633
122	0.9945921301841736	0.004402759484946728	0.001005019759759307	0.9943007230758667	0.00462253438308835	0.0010766810737550259
123	0.9863579273223877	0.01005322951823473	0.0035889234859496355	0.9860774278640747	0.009891661815345287	0.004030849318951368
124	0.983744740486145	0.00924061518162489	0.007014583330601454	0.9854694604873657	0.009566465392708778	0.004964051302522421
125	0.9910054206848145	0.007840394973754883	0.0011541725834831595	0.9907793998718262	0.008017991669476032	0.0012026275508105755
126	0.9720511436462402	0.012922586873173714	0.015026260167360306	0.9785429239273071	0.010791903361678123	0.01066517736762762
127	0.9749912023544312	0.011295564472675323	0.01371313538402319	0.980977475643158	0.010544654913246632	0.008477875962853432
128	0.9912653565406799	0.006495271343737841	0.0022394275292754173	0.9910649061203003	0.006856030784547329	0.0020790863782167435
129	0.9907448887825012	0.006092028692364693	0.0031631651800125837	0.9898067116737366	0.005869028624147177	0.004324258770793676
130	0.9913581609725952	0.006374938413500786	0.002266893396154046	0.9912694692611694	0.00644768076017499	0.002282841596752405
131	0.9881207942962646	0.007601685356348753	0.004277548752725124	0.988516092300415	0.006927854847162962	0.00455604400485754
132	0.9801437258720398	0.01281007006764412	0.007046210579574108	0.9811781644821167	0.012985637411475182	0.00583619624376297
133	0.988629937171936	0.0074663786217570305	0.0039037170354276896	0.9884124398231506	0.0074534607119858265	0.004134101793169975
134	0.986320436000824	0.010380107909440994	0.0032995305955410004	0.9870879650115967	0.010195093229413033	0.0027169908862560987
135	0.9831714034080505	0.013417971320450306	0.003410657402127981	0.9839725494384766	0.013437367044389248	0.002590036252513528
136	0.9860408902168274	0.011045129969716072	0.0029139877296984196	0.9866572022438049	0.010602785274386406	0.0027400830294936895
137	0.9922628402709961	0.0035027305129915476	0.00423449045047164	0.9913923740386963	0.003541415324434638	0.0050662606954574585
138	0.9928096532821655	0.005874983966350555	0.0013153912732377648	0.992708146572113	0.005817342549562454	0.0014744717627763748
139	0.9837520122528076	0.009754338301718235	0.006493564695119858	0.9829937219619751	0.00958425272256136	0.007422035560011864
140	0.9914770722389221	0.006423083133995533	0.002099844627082348	0.9918200969696045	0.0059739151038229465	0.0022060663904994726
141	0.9919512271881104	0.004667080007493496	0.0033817340154200792	0.9925398230552673	0.004171658772975206	0.0032885440159589052
142	0.9831861257553101	0.014164706692099571	0.002649154979735613	0.9838510155677795	0.013750686310231686	0.0023984001018106937
143	0.9907984733581543	0.005996457766741514	0.003205094952136278	0.9904234409332275	0.006157771684229374	0.0034187957644462585
144	0.9814572334289551	0.014134317636489868	0.0044085197150707245	0.9832942485809326	0.013082324527204037	0.0036234138533473015
145	0.9738026857376099	0.005396287422627211	0.020801009610295296	0.9782822728157043	0.005121451802551746	0.016596226021647453
146	0.9911661744117737	0.007105994503945112	0.0017277878941968083	0.9905983805656433	0.007383705582469702	0.0020179441198706627
147	0.9703810214996338	0.017186369746923447	0.01243261992931366	0.976357638835907	0.015073398128151894	0.008568903431296349
148	0.9896097183227539	0.008347229100763798	0.0020429715514183044	0.9898228645324707	0.00831596925854683	0.001861104741692543
149	0.9882672429084778	0.008761714212596416	0.002971034264191985	0.9876299500465393	0.008908914402127266	0.003461122512817383
150	0.9836955070495605	0.012337258085608482	0.003967221826314926	0.9833037853240967	0.012102082371711731	0.004594113677740097
151	0.9849270582199097	0.010279704816639423	0.004793270956724882	0.983345091342926	0.010760634206235409	0.005894252099096775
152	0.9878804087638855	0.007414503023028374	0.004705157596617937	0.9878653883934021	0.007371048908680677	0.00476361159235239
153	0.9902687072753906	0.0073101092129945755	0.002421165816485882	0.9896021485328674	0.007545142434537411	0.0028526876121759415
154	0.9913440942764282	0.006591433193534613	0.0020643912721425295	0.9908021092414856	0.006917773745954037	0.0022801924496889114
155	0.9792675971984863	0.01308006327599287	0.007652333937585354	0.9821652770042419	0.011554521508514881	0.006280188914388418
156	0.990278422832489	0.007982739247381687	0.001738933497108519	0.9902808666229248	0.008101404644548893	0.001617824425920844
157	0.9937381744384766	0.004548327997326851	0.0017134789377450943	0.9938225746154785	0.004713695030659437	0.001463744672946632
158	0.9935197234153748	0.004199593793600798	0.00228061992675066	0.9937958717346191	0.003739410312846303	0.002464816439896822
159	0.9866693019866943	0.007362187374383211	0.005968532525002956	0.9863422513008118	0.007863948121666908	0.005793777294456959
160	0.9934606552124023	0.004945760127156973	0.0015936372801661491	0.9935523271560669	0.004820308648049831	0.0016274010995402932
161	0.9950723052024841	0.004214003682136536	0.0007135863415896893	0.9945759773254395	0.004620538558810949	0.0008034592610783875
162	0.9877691864967346	0.008077598176896572	0.0041532376781105995	0.9879999756813049	0.008118688128888607	0.0038812807761132717
163	0.9676715135574341	0.015037992969155312	0.0172905083745718	0.9671046733856201	0.01488389540463686	0.018011368811130524
164	0.9879932403564453	0.007886434905230999	0.004120390862226486	0.9884329438209534	0.008185605518519878	0.003381455782800913
165	0.9923984408378601	0.00537168188020587	0.002229907549917698	0.9916837215423584	0.005932963918894529	0.0023832570295780897
166	0.9884768724441528	0.008837180212140083	0.002686004154384136	0.988508403301239	0.008743444457650185	0.0027481408324092627
167	0.9896677732467651	0.007838635705411434	0.0024935209657996893	0.9888066053390503	0.009156751446425915	0.00203667301684618
168	0.9914257526397705	0.007138973101973534	0.001435249112546444	0.9911118149757385	0.007487228140234947	0.001400948385708034
169	0.9828484058380127	0.012864531017839909	0.004286999348551035	0.9840759634971619	0.01212167926132679	0.0038024592213332653
170	0.990759015083313	0.006816007196903229	0.002424985636025667	0.9903046488761902	0.006853855215013027	0.0028415878769010305
171	0.9840734601020813	0.012724694795906544	0.003201838582754135	0.983153760433197	0.013284054584801197	0.003562220837920904
172	0.9949907660484314	0.003849058412015438	0.0011601283913478255	0.9946904182434082	0.004034043289721012	0.0012754761846736073
173	0.9834517240524292	0.004426406230777502	0.01212188322097063	0.9875632524490356	0.004033344332128763	0.008403405547142029
174	0.9857631921768188	0.008066041395068169	0.006170772016048431	0.9863607883453369	0.008002527058124542	0.005636694375425577
175	0.9909893870353699	0.007072639651596546	0.001938039087690413	0.9916280508041382	0.00659369258210063	0.0017781961942091584
176	0.9864140152931213	0.009795892983675003	0.003789992071688175	0.986427366733551	0.009292680770158768	0.004279958549886942
177	0.9902157783508301	0.007933277636766434	0.0018509450601413846	0.9905022382736206	0.007800697814673185	0.0016971193253993988
178	0.9835804104804993	0.010641055181622505	0.005778521299362183	0.9816266298294067	0.011993243359029293	0.006380092818289995
179	0.9904552102088928	0.005671396851539612	0.0038733496330678463	0.9901122450828552	0.006267846096307039	0.0036198929883539677
180	0.9931536912918091	0.005367724224925041	0.001478662365116179	0.993130624294281	0.005292429588735104	0.0015769822057336569
181	0.9922149777412415	0.006649416405707598	0.0011355672031641006	0.99204421043396	0.006869935896247625	0.0010858679888769984
182	0.9893968105316162	0.007832002826035023	0.002771114930510521	0.9895498752593994	0.007331861648708582	0.0031182346865534782
183	0.9815873503684998	0.013998427428305149	0.004414266441017389	0.9816178679466248	0.01410010177642107	0.0042820158414542675
184	0.9897946715354919	0.00611505750566721	0.0040902611799538136	0.989956259727478	0.006122457329183817	0.003921277355402708
185	0.9848532676696777	0.007150928024202585	0.007995815947651863	0.9841646552085876	0.0076310220174491405	0.008204309269785881
186	0.9856334328651428	0.008308568969368935	0.006057972088456154	0.9862733483314514	0.008607261814177036	0.005119310226291418
187	0.9854835867881775	0.00975710153579712	0.0047592781484127045	0.9863376021385193	0.009550392627716064	0.004112068563699722
188	0.98247230052948	0.01418139785528183	0.0033461730927228928	0.9826558828353882	0.0142289400100708	0.0031151147559285164
189	0.9898079037666321	0.006661200430244207	0.003530845744535327	0.9905319213867188	0.0063153598457574844	0.0031527949031442404
190	0.9944151639938354	0.002159241819754243	0.003425597446039319	0.9946908354759216	0.002165431622415781	0.003143712179735303
191	0.9913232326507568	0.006955795455724001	0.0017209413927048445	0.9909989833831787	0.007448787800967693	0.0015523533802479506
192	0.980237603187561	0.01481126993894577	0.004951114300638437	0.9815593957901001	0.014496825635433197	0.003943696618080139
193	0.9926279187202454	0.003110646503046155	0.004261421039700508	0.9924345016479492	0.003001578850671649	0.0045639509335160255
194	0.9875868558883667	0.008898734115064144	0.003514491720125079	0.9862287044525146	0.009639387018978596	0.004131860099732876
195	0.9898964166641235	0.006076716352254152	0.0040269638411700726	0.9893333315849304	0.006063143722712994	0.004603471606969833
196	0.9909642934799194	0.007422920782119036	0.0016127891140058637	0.9911030530929565	0.007175022270530462	0.0017218993743881583
197	0.9908231496810913	0.00731076393276453	0.0018660651985555887	0.991256594657898	0.006993559189140797	0.0017498669913038611
198	0.9876819252967834	0.005431478377431631	0.006886593997478485	0.9880657196044922	0.0049219876527786255	0.007012363988906145
199	0.991734504699707	0.006883505266159773	0.0013819800224155188	0.9909291863441467	0.007564412895590067	0.0015063384780660272
