0	0.001815869240090251	0.003371908562257886	0.9948122501373291	0.00010767971252789721	0.0002562723821029067	0.9996360540390015
1	0.003884059377014637	0.0041078003123402596	0.9920080900192261	0.0013858407037332654	0.0014308318495750427	0.9971832633018494
2	0.0007716969703324139	0.0010165477870032191	0.9982117414474487	0.015098223462700844	0.007795192766934633	0.9771066308021545
3	0.002742558717727661	0.002615314908325672	0.9946421384811401	0.0007432661950588226	0.002492554485797882	0.9967641830444336
4	0.0009103224729187787	0.0016972689190879464	0.9973924160003662	0.0010283562587574124	0.0006453163805417717	0.9983263611793518
5	0.0030801775865256786	0.0015053311362862587	0.9954144954681396	0.0010249442420899868	0.0005505387089215219	0.9984245300292969
6	0.001471488969400525	0.0011352045694366097	0.9973932504653931	0.002307044342160225	0.0014369409764185548	0.9962559938430786
7	0.00101784139405936	0.0005623504403047264	0.9984197616577148	0.0011067716404795647	0.000444248114945367	0.9984489679336548
8	0.0003447153721936047	0.000371998903574422	0.9992832541465759	0.00011207386705791578	0.000334884796757251	0.9995530247688293
9	0.0017391163855791092	0.0017878523794934154	0.9964730143547058	0.0008385115652345121	0.000790746882557869	0.9983707070350647
10	0.0006914933328516781	0.0006727090221829712	0.9986358284950256	0.000595610763411969	0.0005051643820479512	0.9988992214202881
11	0.0029926456045359373	0.002725947415456176	0.9942814111709595	0.0005558010307140648	0.0006261829403229058	0.9988179802894592
12	0.0006819551927037537	0.0007011524867266417	0.9986169338226318	0.00018643731891643256	0.0002871576580218971	0.9995263814926147
13	0.0015495643019676208	0.0016568249557167292	0.9967935681343079	0.0016618676017969847	0.000876028323546052	0.9974620342254639
14	0.0046751005575060844	0.0022756378166377544	0.9930492639541626	0.0003068777150474489	0.000562008295673877	0.9991311430931091
15	0.0010104330722242594	0.0015889530768617988	0.9974006414413452	0.00166644889395684	0.0011224215850234032	0.9972111582756042
16	0.0036291631404310465	0.0020852647721767426	0.994285523891449	0.0003940159804187715	0.0004654605872929096	0.9991405010223389
17	0.0008132165530696511	0.0010244904551655054	0.9981623291969299	0.0011109767947345972	0.0010116914054378867	0.9978773593902588
18	0.0031962140928953886	0.002189594553783536	0.9946141839027405	0.0014425014378502965	0.001101923524402082	0.9974555373191833
19	0.009619267657399178	0.0063967593014240265	0.9839839935302734	0.008811886422336102	0.0038139792159199715	0.9873741269111633
20	0.0040971506386995316	0.0026139779947698116	0.9932889342308044	0.0018270656000822783	0.0009851265931501985	0.9971877932548523
21	0.0013542844681069255	0.0015210432466119528	0.9971246123313904	0.0017695451388135552	0.001245651626959443	0.9969847798347473
22	0.008822032250463963	0.01143863145262003	0.9797393679618835	0.010363982059061527	0.010573705658316612	0.9790623188018799
23	0.0004189872124698013	0.000690634420607239	0.9988903403282166	0.0005129121709614992	0.0006344205467030406	0.9988526105880737
24	0.003165538189932704	0.001339541980996728	0.9954949617385864	0.0004826319345738739	0.0003638989292085171	0.9991534948348999
25	0.0026062100660055876	0.001538487384095788	0.9958552718162537	0.0024432067293673754	0.0008690615650266409	0.9966877102851868
26	0.00892008375376463	0.005996515974402428	0.9850834608078003	0.0013133581960573792	0.0018276269547641277	0.9968589544296265
27	0.004397319629788399	0.0049655744805932045	0.9906371235847473	0.007777829188853502	0.006586451083421707	0.9856357574462891
28	0.0026663525495678186	0.001923504052683711	0.995410144329071	0.0006456173723563552	0.00043959898175671697	0.9989148378372192
29	0.0010015597799792886	0.001010694308206439	0.9979877471923828	0.0001645353331696242	0.0004324016044847667	0.9994031190872192
30	0.002839734312146902	0.00274806865490973	0.9944122433662415	0.002553645521402359	0.0015401385026052594	0.9959062337875366
31	0.00043576440657489	0.0005220547900535166	0.9990422129631042	0.0004897734033875167	0.0002794885076582432	0.9992307424545288
32	0.00906738918274641	0.004898788407444954	0.9860338568687439	0.0005818703793920577	0.0007725096656940877	0.9986456036567688
33	0.0006015693652443588	0.0007524847169406712	0.9986459612846375	0.00033242671634070575	0.00034333087387494743	0.9993243217468262
34	0.0003189613635186106	0.0004387754015624523	0.9992423057556152	0.0004148219886701554	0.00036256026942282915	0.9992226362228394
35	0.0006378791877068579	0.0010113908210769296	0.9983507394790649	0.0002487736928742379	0.0005849096341989934	0.9991663694381714
36	0.002219654619693756	0.0018548376392573118	0.9959255456924438	0.0015034215757623315	0.0013846062356606126	0.9971119165420532
37	0.0002829906588885933	0.00038656804827041924	0.9993305206298828	0.00013606928405351937	0.00019930915732402354	0.9996646642684937
38	0.0051930565387010574	0.0032233966048806906	0.991583526134491	0.0016403316985815763	0.0019734587986022234	0.9963861703872681
39	0.00041218899423256516	0.0005117369000799954	0.9990760087966919	0.00023142150894273072	0.0005785766988992691	0.9991900324821472
40	0.001128127332776785	0.0011371304281055927	0.9977346658706665	0.00036792727769352496	0.0004147268191445619	0.9992172718048096
41	0.002022115048021078	0.0014250156236812472	0.9965528249740601	0.0010116846533492208	0.00046751389163546264	0.9985207915306091
42	0.0023243874311447144	0.0015368721215054393	0.9961387515068054	0.0019004358910024166	0.0008455585339106619	0.9972540736198425
43	0.013499004766345024	0.005781692452728748	0.980719268321991	0.0006139285978861153	0.0011480250395834446	0.9982380867004395
44	0.004058354068547487	0.003817200195044279	0.9921244978904724	0.00043093384010717273	0.00045220175525173545	0.999116837978363
45	0.002522027352824807	0.0016454311553388834	0.995832622051239	0.00017842267698142678	0.00045363514800556004	0.9993680119514465
46	0.00020964046416338533	0.0002851985627785325	0.9995051622390747	0.0002429410960758105	0.00014279986498877406	0.9996142387390137
47	0.0022625781130045652	0.0010953065939247608	0.9966421127319336	0.00036080993595533073	0.00040319489198736846	0.999235987663269
48	0.00045788101851940155	0.0008366572437807918	0.9987055063247681	0.0002103915176121518	0.0003912544925697148	0.9993983507156372
49	0.0008198783034458756	0.0010142100509256124	0.9981659054756165	0.000577590602915734	0.0006282074027694762	0.9987941980361938
50	0.0031444323249161243	0.002143704332411289	0.9947118759155273	0.0006564971408806741	0.0005148501368239522	0.9988287091255188
51	0.0010097573976963758	0.0008868564618751407	0.9981033802032471	0.00032236086553893983	0.0003117981250397861	0.9993658661842346
52	0.007668938022106886	0.0032739918678998947	0.9890570044517517	0.0011251465184614062	0.0008611922967247665	0.9980136156082153
53	0.0008627815986983478	0.00044872777652926743	0.9986885190010071	0.00040296310908161104	0.0002809539146255702	0.9993160963058472
54	0.007204717956483364	0.004257628228515387	0.9885376691818237	0.002996026771143079	0.002249268116429448	0.9947546720504761
55	0.00913982279598713	0.003860489698126912	0.9869996905326843	0.0011989217018708587	0.0009388965554535389	0.9978621602058411
56	0.004519667010754347	0.001885815872810781	0.9935945868492126	0.00017984246369451284	0.00029786370578221977	0.99952232837677
57	0.0006140524055808783	0.0004603127599693835	0.9989256262779236	0.00040289454045705497	0.0003377176763024181	0.9992594122886658
58	0.010480537079274654	0.007911679334938526	0.9816077947616577	0.0014259957242757082	0.001968531869351864	0.9966055154800415
59	0.0022728443145751953	0.0009614114533178508	0.9967657327651978	0.00031320753623731434	0.00033415190409868956	0.9993526339530945
60	0.002269926480948925	0.0024854550138115883	0.995244562625885	0.0038633623626083136	0.0014555079396814108	0.9946810603141785
61	0.0011735963635146618	0.0010353204561397433	0.997791051864624	0.0002636312856338918	0.0002968462649732828	0.999439537525177
62	0.0031080800108611584	0.0014830195577815175	0.995408833026886	0.0004038210026919842	0.0002586814225651324	0.9993374943733215
63	0.01165122352540493	0.0076452866196632385	0.9807034730911255	0.0019239167449995875	0.0014392228331416845	0.9966368675231934
64	0.001172550837509334	0.0012120623141527176	0.9976154565811157	0.00036006144364364445	0.000270567717961967	0.9993694424629211
65	0.0026114846114069223	0.000848253897856921	0.9965403079986572	0.002085508545860648	0.0006285506533458829	0.9972859621047974
66	0.0003192205913364887	0.0002746536338236183	0.999406099319458	0.0003559564065653831	0.0008295689476653934	0.9988144636154175
67	0.0015275032492354512	0.0011471706675365567	0.9973253011703491	0.00046048362855799496	0.0002773010637611151	0.9992621541023254
68	0.020882444456219673	0.006102470681071281	0.9730150699615479	0.003764905733987689	0.004941541235893965	0.9912936091423035
69	0.001876680413261056	0.0009356277296319604	0.9971876740455627	0.001634620944969356	0.0007325967308133841	0.9976327419281006
70	0.0029840620700269938	0.0016487109242007136	0.9953672885894775	0.002891040872782469	0.0012010954087600112	0.9959079027175903
71	0.015391094610095024	0.007400082424283028	0.9772088527679443	0.00412570359185338	0.001903943601064384	0.9939703941345215
72	0.002346138237044215	0.0014124453300610185	0.9962414503097534	0.0004719878197647631	0.00031008702353574336	0.9992178678512573
73	0.00024596654111519456	0.00029840136994607747	0.9994556307792664	0.00015670547145418823	0.00017289350216742605	0.9996703863143921
74	0.0009833438089117408	0.0009133565472438931	0.9981032609939575	0.0005124500021338463	0.0008348464616574347	0.9986526966094971
75	0.0008003006223589182	0.0008652863325551152	0.9983344674110413	0.0003723748668562621	0.0004437622264958918	0.9991838335990906
76	0.02107802964746952	0.004590666852891445	0.9743313193321228	0.0007526407716795802	0.0009270194568671286	0.9983202815055847
77	0.008089193142950535	0.0016428459202870727	0.9902679324150085	0.0005864487029612064	0.00047539235674776137	0.9989381432533264
78	0.0007015863084234297	0.0007565745036117733	0.9985418319702148	0.001825908082537353	0.002654340583831072	0.995519757270813
79	0.005022360477596521	0.0043165422976017	0.990661084651947	0.002198448870331049	0.003935272805392742	0.9938662648200989
80	0.007758773397654295	0.004373547621071339	0.9878677129745483	0.00212705135345459	0.0017370324349030852	0.9961358904838562
81	0.0003226214030291885	0.000566725735552609	0.9991106390953064	0.00028290634509176016	0.0005481359548866749	0.9991689920425415
82	0.00035879947245121	0.0003094823914580047	0.9993316531181335	0.00013397289148997515	0.00019951548893004656	0.9996665716171265
83	0.003228232730180025	0.002035145414993167	0.9947366118431091	0.0003858820127788931	0.000467549980385229	0.999146580696106
84	0.001818573335185647	0.0010213780915364623	0.9971600770950317	0.0009108444210141897	0.00046701455721631646	0.9986221790313721
85	0.002288642106577754	0.002354290569201112	0.995357096195221	0.0012796897208318114	0.0007038908079266548	0.998016357421875
86	0.0007543287356384099	0.0006991886184550822	0.9985464215278625	0.0004261199792381376	0.0003839769633486867	0.9991899132728577
87	0.0050454759038984776	0.002491528866812587	0.9924629926681519	0.002110642148181796	0.0009063856559805572	0.996982991695404
88	0.004501580260694027	0.0018864244921132922	0.9936119914054871	0.004420462064445019	0.0036504515446722507	0.9919290542602539
89	0.0020210007205605507	0.0016195311909541488	0.9963594079017639	0.0003055123088415712	0.0005270685651339591	0.9991674423217773
90	0.003916911780834198	0.002018543891608715	0.9940645098686218	0.0001359011366730556	0.00024477977422066033	0.9996192455291748
91	0.0013249744661152363	0.000619846920017153	0.9980552196502686	0.0007062264485284686	0.0003179095219820738	0.9989758729934692
92	0.002008010633289814	0.0012415191158652306	0.9967504739761353	0.0009202752844430506	0.0007564082043245435	0.9983232617378235
93	0.005076245404779911	0.0032118032686412334	0.9917119741439819	0.0029252334497869015	0.0028728307224810123	0.9942019581794739
94	0.00040650920709595084	0.0004340421291999519	0.9991594552993774	0.0003281819517724216	0.00043368054321035743	0.999238133430481
95	0.0006715137278661132	0.00046390818897634745	0.9988646507263184	0.0007337236311286688	0.00045480122207663953	0.9988114833831787
96	0.006778285838663578	0.005839693360030651	0.9873819947242737	0.0010231678606942296	0.0006337438244372606	0.9983431100845337
97	0.004058595281094313	0.004004337824881077	0.9919370412826538	0.005003714933991432	0.0029379520565271378	0.9920583367347717
98	0.01464787870645523	0.008578156121075153	0.9767739772796631	0.0164541844278574	0.00700937956571579	0.9765363931655884
99	0.00184192496817559	0.0030304312240332365	0.9951276779174805	0.0002948212786577642	0.0005739235202781856	0.9991312623023987
100	0.0009042415185831487	0.0007897027535364032	0.9983060359954834	0.00041967967990785837	0.000449908256996423	0.9991304278373718
101	0.0004924513050355017	0.000513005128595978	0.9989945292472839	0.0002809962898027152	0.0003876112459693104	0.9993314743041992
102	0.01536890584975481	0.008141226135194302	0.9764898419380188	0.016895422711968422	0.009060470387339592	0.9740440845489502
103	0.0007446575327776372	0.0005999811110086739	0.9986553192138672	0.0007803080952726305	0.0005214334232732654	0.9986982345581055
104	0.002900345716625452	0.001888249651528895	0.9952114224433899	0.0008684120839461684	0.0007208065944723785	0.998410701751709
105	0.0011131825158372521	0.000753723201341927	0.99813312292099	0.0002196263085352257	0.0003418517590034753	0.999438464641571
106	0.01420943159610033	0.0045854016207158566	0.9812052249908447	0.07432736456394196	0.015543085522949696	0.9101296067237854
107	0.006993328686803579	0.0029070102609694004	0.9900996088981628	0.0006366127636283636	0.0005412366590462625	0.9988221526145935
108	0.0073294066824018955	0.00598318874835968	0.9866873621940613	0.0014167831977829337	0.0019165683770552278	0.9966666102409363
109	0.9934159517288208	0.0033464122097939253	0.003237583674490452	0.9883441925048828	0.007600010838359594	0.004055777098983526
110	0.0005473702913150191	0.0004896506434306502	0.9989629983901978	0.00036790879676118493	0.00023627163318451494	0.9993958473205566
111	0.0023313153069466352	0.0009173103026114404	0.9967514276504517	0.0005201258463785052	0.000303265085676685	0.999176561832428
112	0.0006643099477514625	0.0005449141608551145	0.9987908005714417	0.00021594949066638947	0.0002704215294215828	0.9995136260986328
113	0.0036354258190840483	0.0026024242397397757	0.993762195110321	0.0020208419300615788	0.0018058617133647203	0.9961733222007751
114	0.001644299947656691	0.0012393445940688252	0.9971163272857666	0.00043613891466520727	0.0004975438350811601	0.9990662932395935
115	0.0008619746658951044	0.0009837804827839136	0.9981542229652405	0.00023073272313922644	0.0002775690518319607	0.9994916915893555
116	0.0008469563908874989	0.0008160109864547849	0.9983370304107666	0.00045751684228889644	0.000765434408094734	0.9987770915031433
117	0.0007747504860162735	0.00041001889621838927	0.9988152980804443	0.00025420746533200145	0.0002671592228580266	0.9994786381721497
118	0.0012925938935950398	0.0010538732167333364	0.9976535439491272	0.0008559991256333888	0.0005432071047835052	0.9986007809638977
119	0.0011312314309179783	0.0013280502753332257	0.9975407123565674	0.0003149912226945162	0.0005957649555057287	0.999089241027832
120	0.027808282524347305	0.004403521306812763	0.9677881598472595	0.0006964252097532153	0.0006110534886829555	0.9986925721168518
121	0.0022630630992352962	0.0017368841217830777	0.9960000514984131	0.001535876770503819	0.0009776094229891896	0.9974864721298218
122	0.004730581771582365	0.0014176012482494116	0.9938517808914185	0.0009077934082597494	0.0004426829400472343	0.998649537563324
123	0.001974041573703289	0.0012577380985021591	0.9967682361602783	0.0007414089050143957	0.0006309049786068499	0.9986276626586914
124	0.014245417900383472	0.006139087025076151	0.9796154499053955	0.0006480675074271858	0.00036666414234787226	0.998985230922699
125	0.0006525054923258722	0.0008312874124385417	0.9985162615776062	0.0003063627809751779	0.0010415837168693542	0.9986520409584045
126	0.0010506358230486512	0.0009229077259078622	0.998026430606842	0.0008243682677857578	0.0005210312083363533	0.9986546039581299
127	0.011660867370665073	0.003984562586992979	0.9843546152114868	0.002255677245557308	0.0023124769795686007	0.9954319000244141
128	0.0025988249108195305	0.001343506039120257	0.9960576295852661	0.0004331910458859056	0.000382211001124233	0.9991845488548279
129	0.0005329885752871633	0.0006627319380640984	0.9988043308258057	0.001652917475439608	0.0005609712679870427	0.9977860450744629
130	0.0012624268420040607	0.0010989990551024675	0.9976385831832886	0.000958419346716255	0.0007126913405954838	0.9983288645744324
131	0.0004043564258608967	0.00036534672835841775	0.9992302656173706	0.00023199533461593091	0.0002130948269041255	0.9995549321174622
132	0.0026603341102600098	0.001771458308212459	0.9955682158470154	0.00025790324434638023	0.0003312020271550864	0.99941086769104
133	0.0022833175025880337	0.0013598691439256072	0.9963567852973938	0.002226006705313921	0.0015649439301341772	0.9962090253829956
134	0.0005880366661585867	0.0007115881307981908	0.9987003803253174	0.0003069235826842487	0.0003268197469878942	0.9993662238121033
135	0.0010888176038861275	0.0012351729674264789	0.9976760745048523	0.00022017784067429602	0.0008350853458978236	0.9989446997642517
136	0.0038181000854820013	0.002593468176200986	0.9935884475708008	0.0025095317978411913	0.001074709463864565	0.9964157342910767
137	0.00016228434105869383	0.0002920232363976538	0.9995456337928772	0.00016796059207990766	0.0002078111283481121	0.9996242523193359
138	0.0003832658985629678	0.00041214475641027093	0.9992045760154724	0.00015290836745407432	0.00026421353686600924	0.999582827091217
139	0.003036148613318801	0.0019520894857123494	0.9950118064880371	0.004456689115613699	0.0014234799891710281	0.9941198825836182
140	0.0032283745240420103	0.0022274679504334927	0.9945441484451294	0.0015798844397068024	0.0016928724944591522	0.9967272281646729
141	0.0004332381358835846	0.00041934935143217444	0.9991474151611328	0.0003874381654895842	0.00035294954432174563	0.9992596507072449
142	0.007032806985080242	0.006268266588449478	0.9866988658905029	0.002032344462350011	0.0021243812516331673	0.995843231678009
143	0.000435498368460685	0.0004044807574246079	0.9991600513458252	0.00037199421785771847	0.00024677548208273947	0.9993811845779419
144	0.0012104464694857597	0.001947477925568819	0.9968420267105103	0.00026104951393790543	0.0007772082462906837	0.9989616870880127
145	0.0010591348400339484	0.0005795994075015187	0.9983612895011902	0.0004215597582515329	0.0002103827428072691	0.9993681311607361
146	0.0006522535695694387	0.0008961331332102418	0.9984515905380249	0.0002932434144895524	0.0002715298323892057	0.9994352459907532
147	0.001260790042579174	0.0007579980883747339	0.9979812502861023	0.00029026743141002953	0.0003658412315417081	0.9993439316749573
148	0.0012498897267505527	0.0013487819815054536	0.9974013566970825	0.001249691122211516	0.0010456088930368423	0.9977046847343445
149	0.011074986308813095	0.0039906371384859085	0.9849343299865723	0.005360288079828024	0.0038110276218503714	0.9908286333084106
150	0.0035670800134539604	0.002354581607505679	0.9940783977508545	0.000913853058591485	0.0017546011367812753	0.9973315000534058
151	0.008730069734156132	0.004440212156623602	0.9868296980857849	0.0010533289751037955	0.0010578439105302095	0.9978888630867004
152	0.0007054825546219945	0.0006839522393420339	0.9986104965209961	0.004531461279839277	0.002605873392894864	0.9928626418113708
153	0.0004987069987691939	0.000545020739082247	0.9989562034606934	0.0004103243409190327	0.00054067128803581	0.9990490078926086
154	0.003418578766286373	0.0014718809397891164	0.995109498500824	0.003566697472706437	0.001158600440248847	0.9952746629714966
155	0.01241159625351429	0.006168692372739315	0.9814196825027466	0.010396144352853298	0.00345443794503808	0.9861494302749634
156	0.001951312180608511	0.001498115947470069	0.9965505599975586	0.0007995992782525718	0.0005820870865136385	0.9986183643341064
157	0.0004526149423327297	0.0005889931926503778	0.9989583492279053	0.0007742085144855082	0.0005706410156562924	0.9986550807952881
158	0.00028793918318115175	0.0004039732157252729	0.9993081092834473	0.00014204597391653806	0.0001936157641466707	0.999664306640625
159	0.0005280066980049014	0.0006635517929680645	0.9988085031509399	0.0005413913750089705	0.00039657612796872854	0.9990620017051697
160	0.0009918967261910439	0.0008298461325466633	0.998178243637085	0.0004613734199665487	0.0003820089914370328	0.9991565942764282
161	0.0030296079348772764	0.003232416929677129	0.9937379360198975	0.000911249197088182	0.0010516825132071972	0.9980370402336121
162	0.0003822529106400907	0.00043608550913631916	0.9991816878318787	0.00017003383254632354	0.00024769356241449714	0.9995822310447693
163	0.054748065769672394	0.014491735026240349	0.9307601451873779	0.001967261079698801	0.0022614439949393272	0.9957712292671204
164	0.0012891589431092143	0.0012525522615760565	0.997458279132843	0.0008132699877023697	0.00045405590208247304	0.9987326264381409
165	0.0006051296950317919	0.0006683129468001425	0.9987265467643738	0.0002222551847808063	0.0002605043409857899	0.9995172023773193
166	0.0028035237919539213	0.001598861301317811	0.9955976605415344	0.000415228569181636	0.0003963105846196413	0.9991884827613831
167	0.004719541873782873	0.0021268422715365887	0.9931535720825195	0.00042542151641100645	0.00043712477781809866	0.9991374015808105
168	0.0004989728331565857	0.0007297106785699725	0.9987712502479553	0.00012227582919877023	0.0002825157134793699	0.9995952248573303
169	0.0004989783046767116	0.00036840312532149255	0.9991326928138733	0.00037952105049043894	0.00019228100427426398	0.9994282126426697
170	0.0007326265913434327	0.0005362423835322261	0.9987310767173767	0.0005529210320673883	0.0002790725266095251	0.9991680383682251
171	0.004546134267002344	0.0024530813097953796	0.9930007457733154	0.0009457581327296793	0.0010852201376110315	0.9979689717292786
172	0.0015270707663148642	0.0006476364214904606	0.9978252649307251	0.00035660143475979567	0.0005513557116501033	0.9990921020507812
173	0.002216813387349248	0.0008642390603199601	0.9969189167022705	0.002359603764489293	0.0014787119580432773	0.996161699295044
174	0.0033050035126507282	0.0016174676129594445	0.9950775504112244	0.00461891433224082	0.0018059471622109413	0.9935751557350159
175	0.0007470019045285881	0.0010361731983721256	0.9982168078422546	0.0010504036908969283	0.0014937251107767224	0.997455894947052
176	0.008264286443591118	0.0060919830575585365	0.985643744468689	0.005891068838536739	0.002691571367904544	0.9914173483848572
177	0.003222803585231304	0.0020083109848201275	0.9947688579559326	0.0006477302522398531	0.000753171683754772	0.998599112033844
178	0.0073483893647789955	0.004887903109192848	0.9877637028694153	0.0005859103985130787	0.00034593496820889413	0.9990682005882263
179	0.0006723403348587453	0.0007439461187459528	0.9985836744308472	0.0007323248428292572	0.0008109069312922657	0.9984567165374756
180	0.010241851210594177	0.006459734868258238	0.9832983613014221	0.0017111067427322268	0.0022107295226305723	0.9960781931877136
181	0.0008853026083670557	0.000750768173020333	0.9983639121055603	0.0003060757298953831	0.0003196996985934675	0.9993742108345032
182	0.000547736999578774	0.0004685788881033659	0.9989836812019348	0.00024849307374097407	0.0002693536225706339	0.9994822144508362
183	0.0023025174159556627	0.002474323147907853	0.9952232241630554	0.0008544468437321484	0.0013269236078485847	0.9978185892105103
184	0.0026181626599282026	0.001011184649541974	0.9963706731796265	0.0013796238927170634	0.0008038776577450335	0.9978164434432983
185	0.0007261525024659932	0.000623950210865587	0.9986498951911926	0.0001699714339338243	0.00021146066137589514	0.9996185302734375
186	0.019979823380708694	0.007506777532398701	0.9725134372711182	0.006993942428380251	0.004804403055459261	0.9882016777992249
187	0.001678722444921732	0.0012037652777507901	0.9971175193786621	0.0005585300386883318	0.0002967773762065917	0.9991446733474731
188	0.0028601717203855515	0.0029092496261000633	0.9942306280136108	0.0004208883619867265	0.0004490486462600529	0.9991300702095032
189	0.001765433931723237	0.0008466121507808566	0.9973879456520081	0.0006396916578523815	0.00034602187224663794	0.9990142583847046
190	0.0005366408149711788	0.0005762691143900156	0.9988871216773987	0.00022777596313972026	0.00023949224851094186	0.9995326995849609
191	0.0008721509366296232	0.0009992023697122931	0.9981287121772766	0.0007312037632800639	0.0004858102765865624	0.9987830519676208
192	0.002915211021900177	0.0028935095760971308	0.9941912293434143	0.0009320458048023283	0.000852838798891753	0.9982151985168457
193	0.00014478087541647255	0.0002547765616327524	0.9996004700660706	0.0001765504275681451	0.00017632546951062977	0.9996471405029297
194	0.004402973223477602	0.002778617199510336	0.9928184747695923	0.0033370039891451597	0.0020399047061800957	0.994623064994812
195	0.00040523300413042307	0.0005030441097915173	0.9990917444229126	0.0001958687207661569	0.00018732162425294518	0.9996167421340942
196	0.000890937342774123	0.0008806352852843702	0.9982284903526306	0.0002711153938435018	0.00038674415554851294	0.999342143535614
197	0.0004354813427198678	0.0004440350749064237	0.9991205334663391	0.00025785461184568703	0.0005216367426328361	0.9992204904556274
198	0.0016391839599236846	0.0016752490773797035	0.9966855645179749	0.00035448730341158807	0.00028713676147162914	0.9993583559989929
199	0.0015546446666121483	0.0014443309046328068	0.9970009922981262	0.0009605218074284494	0.0004695255192928016	0.9985699653625488
