0	0.4266670048236847	0.20383833348751068	0.3694946765899658	0.7289326786994934	0.13331030309200287	0.13775712251663208
1	0.42145466804504395	0.06986449658870697	0.5086807608604431	0.9521207213401794	0.03045016899704933	0.017429139465093613
2	0.49257585406303406	0.2232142835855484	0.2842099368572235	0.9908393025398254	0.007149145472794771	0.002011594595387578
3	0.07304959744215012	0.18894366919994354	0.7380067110061646	0.13544805347919464	0.09801742434501648	0.7665345668792725
4	0.24321839213371277	0.1800432652235031	0.5767383575439453	0.7454463839530945	0.13245993852615356	0.12209369987249374
5	0.05523267760872841	0.083889901638031	0.8608773946762085	0.7597627639770508	0.12695163488388062	0.1132856234908104
6	0.8238705396652222	0.09356394410133362	0.08256548643112183	0.9431412816047668	0.036247313022613525	0.020611317828297615
7	0.2858651876449585	0.04190559312701225	0.6722292304039001	0.5043964385986328	0.1508284956216812	0.34477511048316956
8	0.0002053782664006576	0.001000531017780304	0.9987940788269043	0.0489986352622509	0.011651924811303616	0.9393494129180908
9	0.05429632216691971	0.5553401112556458	0.39036351442337036	0.10279140621423721	0.8706836104393005	0.026524949818849564
10	0.6350172758102417	0.08069740235805511	0.28428536653518677	0.8743433952331543	0.08572668582201004	0.03992992639541626
11	0.048031486570835114	0.06343169510364532	0.8885368704795837	0.053139980882406235	0.036172982305288315	0.9106870293617249
12	0.0037215445190668106	0.0677952766418457	0.9284831881523132	0.6204609274864197	0.0369269922375679	0.34261202812194824
13	0.6181662678718567	0.11569121479988098	0.2661425471305847	0.9528241753578186	0.030720535665750504	0.01645527221262455
14	0.00777191249653697	0.01817292720079422	0.9740551710128784	0.012593746185302734	0.12718848884105682	0.8602177500724792
15	0.1511022448539734	0.03749866411089897	0.8113991022109985	0.28690585494041443	0.10630282014608383	0.6067912578582764
16	0.05359114706516266	0.34780970215797424	0.5985991358757019	0.010620306245982647	0.14943701028823853	0.8399427533149719
17	0.5819136500358582	0.10029470920562744	0.31779158115386963	0.5102030634880066	0.43867987394332886	0.05111701786518097
18	0.08704236149787903	0.009929507039487362	0.9030281901359558	0.9872416257858276	0.00550446379929781	0.0072538284584879875
19	0.48725587129592896	0.18797948956489563	0.32476457953453064	0.9793867468833923	0.01162133552134037	0.00899191852658987
20	0.8547329306602478	0.052428167313337326	0.09283888339996338	0.7541753053665161	0.03522586449980736	0.2105989158153534
21	0.024530785158276558	0.01901891827583313	0.956450343132019	0.3065452575683594	0.050978899002075195	0.6424758434295654
22	0.2182380110025406	0.09636189788579941	0.6854000687599182	0.2853238880634308	0.06376393139362335	0.6509121060371399
23	0.03603381663560867	0.05641495808959007	0.9075511693954468	0.5330200791358948	0.0858839750289917	0.38109591603279114
24	0.4961441159248352	0.3312918245792389	0.1725640892982483	0.7253819108009338	0.11836229264736176	0.1562557816505432
25	0.5644641518592834	0.34563151001930237	0.08990428596735	0.21908172965049744	0.7597998380661011	0.021118465811014175
26	0.5289503335952759	0.20303934812545776	0.26801031827926636	0.19611716270446777	0.15619796514511108	0.6476848721504211
27	0.5209876298904419	0.3690647780895233	0.10994759202003479	0.8792593479156494	0.1040511354804039	0.01668948493897915
28	0.4993308186531067	0.40932905673980713	0.09134005010128021	0.9473247528076172	0.026388421654701233	0.02628685161471367
29	0.014844550751149654	0.012609669007360935	0.9725458025932312	0.06219666823744774	0.019288377836346626	0.9185149669647217
30	0.8737432360649109	0.06717986613512039	0.059076882898807526	0.9414031505584717	0.018316952511668205	0.04027993232011795
31	0.9799817204475403	0.012553739361464977	0.007464516907930374	0.9874514937400818	0.010210905224084854	0.002337587298825383
32	0.1184660941362381	0.09190905094146729	0.7896248698234558	0.5049139857292175	0.19821687042713165	0.2968691289424896
33	0.6960047483444214	0.07739827036857605	0.2265969067811966	0.7643551826477051	0.042497433722019196	0.19314736127853394
34	0.9497584700584412	0.035651955753564835	0.014589589089155197	0.9736740589141846	0.01847262866795063	0.007853394374251366
35	0.3642573356628418	0.137700155377388	0.4980424642562866	0.7445311546325684	0.14663036167621613	0.10883840918540955
36	0.11015038937330246	0.050898477435112	0.8389511704444885	0.003902150085195899	0.009990083985030651	0.9861078262329102
37	0.8203151822090149	0.08050768077373505	0.09917709976434708	0.8774651288986206	0.08113734424114227	0.041397497057914734
38	0.09328621625900269	0.8858446478843689	0.02086908183991909	0.96406489610672	0.028006544336676598	0.007928554899990559
39	0.7109869122505188	0.06919886916875839	0.2198142260313034	0.9868664741516113	0.011033812537789345	0.0020996856037527323
40	0.6381889581680298	0.14056427776813507	0.2212468385696411	0.8106311559677124	0.042021915316581726	0.14734691381454468
41	0.4203547537326813	0.050962865352630615	0.5286823511123657	0.892698347568512	0.056575607508420944	0.050726041197776794
42	0.9677156209945679	0.013245311565697193	0.019039006903767586	0.9503523111343384	0.03309864550828934	0.016549015417695045
43	0.7309528589248657	0.21180233359336853	0.05724473297595978	0.9234123826026917	0.04667240381240845	0.02991519495844841
44	0.8545290231704712	0.05821281298995018	0.08725818246603012	0.9731157422065735	0.019499558955430984	0.007384764961898327
45	0.011155402287840843	0.046994976699352264	0.9418495893478394	0.5818050503730774	0.06822051107883453	0.34997448325157166
46	0.03697840869426727	0.004139828961342573	0.9588817358016968	0.27821946144104004	0.016406571492552757	0.705374002456665
47	0.5663872957229614	0.030466778203845024	0.40314599871635437	0.5656613111495972	0.046419281512498856	0.3879193365573883
48	0.015420408919453621	0.012192528694868088	0.9723870158195496	0.03586893901228905	0.015610658563673496	0.9485203623771667
49	0.04741042107343674	0.01195635087788105	0.9406331777572632	0.09648087620735168	0.053070299327373505	0.8504488468170166
50	0.8424744009971619	0.0945858582854271	0.06293971091508865	0.9249078631401062	0.048815689980983734	0.026276467368006706
51	0.3381543755531311	0.25785544514656067	0.4039901793003082	0.7227926254272461	0.16484703123569489	0.11236036568880081
52	0.2373426854610443	0.0854695737361908	0.6771878004074097	0.8649494647979736	0.039540790021419525	0.09550964832305908
53	0.1793469339609146	0.10672787576913834	0.7139251828193665	0.962830662727356	0.016933241859078407	0.020236067473888397
54	0.052594125270843506	0.048971787095069885	0.8984341025352478	0.04461817815899849	0.02261929214000702	0.9327625632286072
55	0.0010436984011903405	0.005637490190565586	0.9933187961578369	0.021438652649521828	0.012392006814479828	0.9661693572998047
56	0.29966434836387634	0.12818337976932526	0.572152316570282	0.6825636029243469	0.15267609059810638	0.1647602915763855
57	0.9521937370300293	0.03790096566081047	0.009905223734676838	0.788780927658081	0.1694759875535965	0.041743043810129166
58	0.20428304374217987	0.29825565218925476	0.4974612891674042	0.8185888528823853	0.0984329804778099	0.08297817409038544
59	0.00041548695298843086	0.001450037700124085	0.9981344938278198	0.0007252185023389757	0.0021406090818345547	0.9971342086791992
60	0.2604113519191742	0.19395342469215393	0.5456351637840271	0.7883611917495728	0.08183519542217255	0.12980355322360992
61	0.001800309051759541	0.06361552327871323	0.9345842003822327	0.00952867604792118	0.07253174483776093	0.9179395437240601
62	0.016344113275408745	0.8883660435676575	0.09528981149196625	0.9117613434791565	0.06045705825090408	0.027781596407294273
63	0.024634331464767456	0.00965795200318098	0.9657077789306641	0.004835215862840414	0.00500602088868618	0.99015873670578
64	0.1763501912355423	0.1920768916606903	0.6315729022026062	0.5037086606025696	0.07230544090270996	0.42398592829704285
65	0.8992017507553101	0.07568099349737167	0.025117289274930954	0.9918608069419861	0.005785985384136438	0.0023532004561275244
66	0.15386448800563812	0.2480856478214264	0.5980498790740967	0.46907034516334534	0.12622325122356415	0.4047064185142517
67	0.050434768199920654	0.05734856799244881	0.892216682434082	0.20501817762851715	0.08670028299093246	0.7082815170288086
68	0.12926115095615387	0.05028831586241722	0.8204505443572998	0.32550570368766785	0.038802336901426315	0.6356920003890991
69	0.5067434906959534	0.4423046410083771	0.050951968878507614	0.9892085194587708	0.0067906430922448635	0.004000828601419926
70	0.17193074524402618	0.1166066899895668	0.7114626169204712	0.23656406998634338	0.18878169357776642	0.5746542811393738
71	0.9725746512413025	0.015451399609446526	0.011973920278251171	0.9875739216804504	0.009683062322437763	0.00274308561347425
72	0.052748702466487885	0.08636587113142014	0.8608854413032532	0.03955854848027229	0.07150823622941971	0.8889332413673401
73	0.13529366254806519	0.17476089298725128	0.6899454593658447	0.6381033658981323	0.09377835690975189	0.26811832189559937
74	0.43862590193748474	0.40692269802093506	0.15445147454738617	0.7276958227157593	0.15207718312740326	0.12022709846496582
75	0.7867366075515747	0.04489011690020561	0.1683732569217682	0.9444844722747803	0.04626932740211487	0.009246225468814373
76	0.05828235298395157	0.022435534745454788	0.919282078742981	0.06919475644826889	0.02307710610330105	0.9077281355857849
77	0.038022495806217194	0.11871521174907684	0.8432623147964478	0.01026913058012724	0.12547138333320618	0.8642594814300537
78	0.29417750239372253	0.04015533626079559	0.6656671166419983	0.5321443676948547	0.050800055265426636	0.41705554723739624
79	0.00012283094110898674	0.0010037185857072473	0.9988734126091003	0.0003344676806591451	0.002597236540168524	0.9970683455467224
80	0.5282720923423767	0.3155811131000519	0.1561468243598938	0.9559085369110107	0.016368839889764786	0.027722610160708427
81	0.10058879107236862	0.030498770996928215	0.8689124584197998	0.6618596911430359	0.11067792028188705	0.22746245563030243
82	0.46872928738594055	0.12800344824790955	0.4032672643661499	0.9620413184165955	0.022806664928793907	0.015151944942772388
83	0.8095497488975525	0.1002688854932785	0.0901813879609108	0.9074770212173462	0.03722890466451645	0.05529399588704109
84	0.007775682024657726	0.031203264370560646	0.9610210657119751	0.3880729377269745	0.21854017674922943	0.3933869004249573
85	0.05875561386346817	0.014621802605688572	0.9266226291656494	0.010900833643972874	0.41380131244659424	0.5752978920936584
86	0.4276842474937439	0.4186347723007202	0.1536809653043747	0.9814440011978149	0.013992278836667538	0.004563676659017801
87	0.5604907870292664	0.0664638876914978	0.3730453848838806	0.9125819802284241	0.029356559738516808	0.05806149169802666
88	0.4532625377178192	0.09454210847616196	0.45219531655311584	0.7481289505958557	0.1608385592699051	0.0910324826836586
89	0.024281281977891922	0.03707398474216461	0.9386447668075562	0.21311913430690765	0.15544861555099487	0.631432294845581
90	0.11034111678600311	0.06477077305316925	0.8248881101608276	0.1276002675294876	0.1974126398563385	0.6749870181083679
91	0.046968888491392136	0.021888937801122665	0.9311422109603882	0.2591341733932495	0.38394978642463684	0.35691606998443604
92	0.24385841190814972	0.15039654076099396	0.6057450175285339	0.3341708779335022	0.08548411726951599	0.5803449749946594
93	0.10605271905660629	0.040492940694093704	0.8534543514251709	0.3080713450908661	0.0729161947965622	0.6190124750137329
94	0.1367453634738922	0.03978960961103439	0.8234650492668152	0.1333877593278885	0.0668799877166748	0.7997322082519531
95	0.7709208130836487	0.02830200083553791	0.20077724754810333	0.9490786194801331	0.016584884375333786	0.03433646634221077
96	0.12296652048826218	0.09067579358816147	0.7863577604293823	0.21924877166748047	0.0646822601556778	0.7160689830780029
97	0.01699839159846306	0.017335308715701103	0.9656662940979004	0.041473377496004105	0.017425062134861946	0.9411014914512634
98	0.033137425780296326	0.015507817268371582	0.9513548016548157	0.3343280553817749	0.09063754230737686	0.5750343203544617
99	0.03244144096970558	0.2089201956987381	0.7586383819580078	0.7320497632026672	0.045242778956890106	0.22270742058753967
100	0.16249507665634155	0.03415068984031677	0.8033542037010193	0.05344477668404579	0.017507070675492287	0.9290481209754944
101	0.01887524127960205	0.018458044156432152	0.9626666903495789	0.06909186393022537	0.022446753457188606	0.9084613919258118
102	0.0825941190123558	0.05039386451244354	0.8670119643211365	0.21808451414108276	0.04646453261375427	0.7354509830474854
103	0.6676044464111328	0.12802602350711823	0.20436954498291016	0.40170353651046753	0.06737136095762253	0.5309251546859741
104	0.5118186473846436	0.08876176178455353	0.3994196355342865	0.4448515772819519	0.39180830121040344	0.16334013640880585
105	0.051014237105846405	0.2180178463459015	0.7309678792953491	0.3733355700969696	0.15708611905574799	0.469578355550766
106	0.3259865641593933	0.2702372670173645	0.4037761688232422	0.33349505066871643	0.03744624927639961	0.6290587782859802
107	0.015184278599917889	0.0933910608291626	0.8914246559143066	0.24426934123039246	0.03863496705889702	0.717095673084259
108	0.011425708420574665	0.0042794691398739815	0.9842947721481323	0.04977567866444588	0.016337230801582336	0.9338870644569397
109	0.990613579750061	0.0061659119091928005	0.00322046154178679	0.9907591342926025	0.006765039172023535	0.002475811168551445
110	0.05874679237604141	0.036798179149627686	0.9044550657272339	0.19810804724693298	0.07665719091892242	0.7252348065376282
111	0.008845063857734203	0.9882389307022095	0.0029159679543226957	0.8384301662445068	0.09188195317983627	0.06968792527914047
112	0.3596453368663788	0.27956485748291016	0.36078986525535583	0.5083025097846985	0.13004782795906067	0.36164969205856323
113	0.4217858612537384	0.5745337605476379	0.0036803942639380693	0.8162385821342468	0.1761181652545929	0.007643247023224831
114	0.027712317183613777	0.03547129034996033	0.936816394329071	0.8245789408683777	0.08406462520360947	0.09135644882917404
115	0.02203141711652279	0.9151380062103271	0.06283051520586014	0.0498337596654892	0.023661330342292786	0.926504909992218
116	0.05339555814862251	0.0655725747346878	0.8810318112373352	0.427216112613678	0.08437170833349228	0.48841217160224915
117	0.8290748000144958	0.09093949943780899	0.07998573035001755	0.4448242783546448	0.5382390022277832	0.016936667263507843
118	0.4844781756401062	0.291871041059494	0.22365079820156097	0.8576840758323669	0.04582732915878296	0.09648863226175308
119	0.5598261952400208	0.16886010766029358	0.2713136076927185	0.7324045300483704	0.20930030941963196	0.0582951158285141
120	0.02384982444345951	0.12644419074058533	0.8497059345245361	0.2861140966415405	0.17894701659679413	0.5349388122558594
121	0.2876504957675934	0.4157916009426117	0.2965579032897949	0.9448656439781189	0.03158475086092949	0.02354966290295124
122	0.0024024774320423603	0.0023507752921432257	0.9952467083930969	0.000890713301487267	0.001227965229190886	0.9978813529014587
123	0.9862059950828552	0.009279005229473114	0.004514989908784628	0.9909619688987732	0.0074442061595618725	0.0015938689466565847
124	0.001254585338756442	0.0039032860659062862	0.9948421120643616	0.001703296322375536	0.0035102260299026966	0.9947865009307861
125	0.20302966237068176	0.11146633327007294	0.6855040192604065	0.6313258409500122	0.0862838625907898	0.2823903560638428
126	0.22271497547626495	0.06103287264704704	0.7162522077560425	0.8535261750221252	0.06598089635372162	0.08049289882183075
127	0.031592972576618195	0.011310994625091553	0.9570960402488708	0.048408471047878265	0.02501150406897068	0.926580011844635
128	0.900776743888855	0.06775511801242828	0.03146807476878166	0.8651317358016968	0.11638917028903961	0.01847919262945652
129	0.317312628030777	0.03684692457318306	0.6458405256271362	0.641849160194397	0.04557841271162033	0.3125723898410797
130	0.007017847150564194	0.008652431890368462	0.9843296408653259	0.014991333708167076	0.008162910118699074	0.9768457412719727
131	0.8932291865348816	0.03387816250324249	0.07289262115955353	0.9766584038734436	0.017034677788615227	0.006306904833763838
132	0.20229566097259521	0.41115280985832214	0.38655152916908264	0.23595190048217773	0.08779142796993256	0.6762566566467285
133	0.9098620414733887	0.01866685040295124	0.07147110998630524	0.9706559777259827	0.022736378014087677	0.006607654970139265
134	0.04422096163034439	0.016506377607584	0.9392725825309753	0.9477195739746094	0.015227651223540306	0.037052854895591736
135	0.053768739104270935	0.018793873488903046	0.9274373650550842	0.9419858455657959	0.030301902443170547	0.027712179347872734
136	0.9280162453651428	0.0367116816341877	0.03527205064892769	0.9833322763442993	0.01231419201940298	0.004353497177362442
137	0.6033044457435608	0.13905280828475952	0.2576427757740021	0.41061243414878845	0.4323602318763733	0.15702734887599945
138	0.07918674498796463	0.225107342004776	0.6957058906555176	0.990257740020752	0.006426512263715267	0.0033157491125166416
139	0.3382617235183716	0.1373271644115448	0.524411141872406	0.46756821870803833	0.12958784401416779	0.40284398198127747
140	0.007682113442569971	0.01596757024526596	0.9763503670692444	0.008142932318150997	0.02167024463415146	0.9701868295669556
141	0.03283262997865677	0.03647863119840622	0.9306886792182922	0.10474177449941635	0.051876991987228394	0.8433812260627747
142	0.7927023768424988	0.187051922082901	0.020245663821697235	0.2425089329481125	0.7215633392333984	0.03592774644494057
143	0.6697147488594055	0.14738823473453522	0.18289703130722046	0.42481517791748047	0.4466361105442047	0.12854869663715363
144	0.1571694314479828	0.02359895408153534	0.8192316293716431	0.2506006956100464	0.028266269713640213	0.7211329936981201
145	0.11005209386348724	0.24604974687099457	0.6438981890678406	0.4328215718269348	0.07327871024608612	0.49389970302581787
146	0.15907785296440125	0.08488501608371735	0.7560371160507202	0.3553440570831299	0.13567431271076202	0.5089816451072693
147	0.9103028178215027	0.05206053704023361	0.037636708468198776	0.9197574257850647	0.014672164805233479	0.06557035446166992
148	0.03209652379155159	0.05226573348045349	0.915637731552124	0.0816417932510376	0.05630388483405113	0.8620543479919434
149	0.8579105138778687	0.08319403231143951	0.05889543518424034	0.9721887111663818	0.013755949214100838	0.014055407606065273
150	0.20072011649608612	0.13831019401550293	0.6609696745872498	0.45617204904556274	0.2797164022922516	0.2641114890575409
151	0.9905945062637329	0.0061037661507725716	0.003301778342574835	0.9904441237449646	0.006178957410156727	0.0033768971916288137
152	6.471261440310627e-05	0.0002984301536343992	0.9996368885040283	0.001418402185663581	0.01537022553384304	0.9832113981246948
153	0.9854706525802612	0.005840384867042303	0.00868894997984171	0.9869464039802551	0.006331760436296463	0.006721861194819212
154	0.08851882070302963	0.09408833831548691	0.817392885684967	0.22084933519363403	0.09290421009063721	0.6862464547157288
155	0.018248306587338448	0.08084456622600555	0.9009071588516235	0.09450425952672958	0.08257600665092468	0.8229196667671204
156	0.0075606429018080235	0.015106793493032455	0.977332592010498	0.03497295454144478	0.050511930137872696	0.9145151376724243
157	0.09743548929691315	0.36993080377578735	0.5326337218284607	0.5436298847198486	0.07461937516927719	0.3817507028579712
158	0.2670759856700897	0.1748824268579483	0.5580415725708008	0.9870095252990723	0.010336276143789291	0.0026542029809206724
159	0.035513121634721756	0.9554654359817505	0.00902151595801115	0.9831393361091614	0.012628882192075253	0.004231743048876524
160	0.4694657325744629	0.0695258378982544	0.4610084295272827	0.2546732723712921	0.053415123373270035	0.6919116377830505
161	0.41168832778930664	0.21366485953330994	0.37464678287506104	0.6238337159156799	0.07555950433015823	0.3006068170070648
162	0.9482544660568237	0.050219856202602386	0.0015257582999765873	0.516582190990448	0.4136520326137543	0.06976575404405594
163	0.7471272945404053	0.22653117775917053	0.026341531425714493	0.948943555355072	0.04391524940729141	0.007141239941120148
164	0.0058517432771623135	0.011741939932107925	0.9824062585830688	0.015699954703450203	0.006941717118024826	0.977358341217041
165	0.19400887191295624	0.053592972457408905	0.7523981332778931	0.9776464104652405	0.017601124942302704	0.004752410110086203
166	0.5761999487876892	0.27713459730148315	0.14666543900966644	0.8202028870582581	0.08096887916326523	0.09882820397615433
167	0.38226768374443054	0.061044495552778244	0.5566877722740173	0.3437093496322632	0.3020510673522949	0.3542395532131195
168	0.6353461742401123	0.09472132474184036	0.2699325382709503	0.5188519358634949	0.05267324671149254	0.4284747838973999
169	0.4656120240688324	0.32652613520622253	0.2078617811203003	0.5888447165489197	0.1604997217655182	0.2506555914878845
170	0.07098929584026337	0.1268036812543869	0.8022069931030273	0.02037760801613331	0.8811439871788025	0.098478302359581
171	0.4011155962944031	0.12063256651163101	0.4782518446445465	0.9779274463653564	0.016595300287008286	0.00547715462744236
172	0.05405450612306595	0.012198401615023613	0.9337470531463623	0.9177886843681335	0.041160207241773605	0.04105113446712494
173	0.22523507475852966	0.06923870742321014	0.7055262327194214	0.18562640249729156	0.09414880722761154	0.7202247977256775
174	0.11193183064460754	0.029436463490128517	0.8586317300796509	0.4908832013607025	0.06104256957769394	0.4480741620063782
175	0.6495230197906494	0.14471854269504547	0.2057584524154663	0.945510745048523	0.027003688737750053	0.02748553268611431
176	0.9532385468482971	0.03679085150361061	0.009970580227673054	0.9832937717437744	0.013791365548968315	0.002914902288466692
177	0.004981437232345343	0.0027897453401237726	0.9922288060188293	0.03027229756116867	0.059496115893125534	0.9102315902709961
178	0.009225372225046158	0.010369295254349709	0.980405330657959	0.9654634594917297	0.015438517555594444	0.019098082557320595
179	0.8493619561195374	0.02245781384408474	0.128180131316185	0.9659628868103027	0.017923429608345032	0.01611364260315895
180	0.023678535595536232	0.027885550633072853	0.9484358429908752	0.04377707093954086	0.03888276219367981	0.9173401594161987
181	0.1244366392493248	0.05754572153091431	0.8180176019668579	0.08521327376365662	0.060603804886341095	0.8541829586029053
182	0.23552149534225464	0.04455001279711723	0.7199284434318542	0.9566893577575684	0.018919674679636955	0.024390969425439835
183	0.004459110088646412	0.05541405826807022	0.9401268362998962	0.07326346635818481	0.08142513036727905	0.8453113436698914
184	0.21812845766544342	0.01890997588634491	0.7629616260528564	0.38303664326667786	0.16160471737384796	0.4553586542606354
185	0.6858242750167847	0.09653817862272263	0.21763750910758972	0.9779837727546692	0.019212281331419945	0.002803957788273692
186	0.0008165087783709168	0.015159524977207184	0.9840240478515625	0.006262334994971752	0.028850071132183075	0.9648875594139099
187	0.0018918858841061592	0.14506439864635468	0.8530436754226685	0.03409986197948456	0.058446936309337616	0.907453179359436
188	0.06775029748678207	0.028021274134516716	0.9042283892631531	0.11126872152090073	0.030374467372894287	0.8583568334579468
189	0.0019025193760171533	0.008153500966727734	0.9899439811706543	0.008128884248435497	0.011459246277809143	0.9804118871688843
190	0.005417455453425646	0.025130944326519966	0.9694515466690063	0.005786269437521696	0.02911372482776642	0.9651000499725342
191	0.8263563513755798	0.09288236498832703	0.08076118677854538	0.8637199401855469	0.07458432763814926	0.061695706099271774
192	0.9736043214797974	0.011194431222975254	0.015201146714389324	0.9808151721954346	0.009700189344584942	0.009484652429819107
193	0.99015873670578	0.006670352071523666	0.0031708881724625826	0.9919002056121826	0.006594118196517229	0.0015056576812639832
194	0.9499301314353943	0.022443346679210663	0.02762647531926632	0.2821551561355591	0.6716669797897339	0.04617787525057793
195	0.24485409259796143	0.19203627109527588	0.5631096363067627	0.4512976109981537	0.0852869376540184	0.4634154736995697
196	0.008825115859508514	0.01148188952356577	0.9796930551528931	0.20064370334148407	0.205085888504982	0.5942704677581787
197	0.9513050317764282	0.034689970314502716	0.014005044475197792	0.9799597263336182	0.015537905506789684	0.004502338357269764
198	0.0006509835948236287	0.0022164215333759785	0.9971325397491455	0.15071748197078705	0.04590866342186928	0.8033738732337952
199	0.7467344403266907	0.02417999878525734	0.22908556461334229	0.9221421480178833	0.018733810633420944	0.05912407487630844
