0	0.7200056910514832	0.017621660605072975	0.26237255334854126	0.8034414052963257	0.024968978017568588	0.171589657664299
1	0.972947895526886	0.016719097271561623	0.010332942940294743	0.9734992384910583	0.015973251312971115	0.010527546517550945
2	0.022162804380059242	0.003438119078055024	0.9743990302085876	0.010625062510371208	0.004080391023308039	0.9852945804595947
3	0.9320573806762695	0.015385869890451431	0.052556730806827545	0.8892458081245422	0.01747039705514908	0.09328380972146988
4	0.967934250831604	0.0266646109521389	0.005401136353611946	0.9686103463172913	0.025727251544594765	0.0056623974815011024
5	0.9846891164779663	0.004060719162225723	0.01125024352222681	0.9758657217025757	0.004548092372715473	0.01958612911403179
6	0.9540038108825684	0.018145570531487465	0.02785061113536358	0.987803041934967	0.008101149462163448	0.004095837008208036
7	0.9821715950965881	0.011926938779652119	0.005901347380131483	0.9830138683319092	0.011044086888432503	0.0059420582838356495
8	0.28180667757987976	0.04240887239575386	0.6757844090461731	0.27407777309417725	0.10034307837486267	0.6255791783332825
9	0.9801853895187378	0.009547133930027485	0.010267498902976513	0.9792839288711548	0.009916914626955986	0.010799077339470387
10	0.7849335074424744	0.08501164615154266	0.1300548017024994	0.3674323558807373	0.06678740680217743	0.5657802224159241
11	0.9853028059005737	0.0072882757522165775	0.007409024517983198	0.9331066012382507	0.017450863495469093	0.049442484974861145
12	0.34225231409072876	0.033556949347257614	0.6241907477378845	0.4256831705570221	0.037480227649211884	0.536836564540863
13	0.15434464812278748	0.031430795788764954	0.8142245411872864	0.194517582654953	0.030557317659258842	0.7749251127243042
14	0.9921964406967163	0.0053930096328258514	0.002410558983683586	0.9912419319152832	0.005794926080852747	0.002963118255138397
15	0.16111603379249573	0.027197862043976784	0.811686098575592	0.24896502494812012	0.029759453609585762	0.7212755084037781
16	0.9939090013504028	0.004064792767167091	0.0020261716563254595	0.9932169318199158	0.0045652543194592	0.0022178187500685453
17	0.9761449694633484	0.019637007266283035	0.004218007437884808	0.9854186773300171	0.010956021025776863	0.003625321900472045
18	0.9703513383865356	0.02077321708202362	0.008875330910086632	0.9635642170906067	0.01847989670932293	0.017955951392650604
19	0.9880384206771851	0.0095510957762599	0.002410554327070713	0.9871161580085754	0.009523824788630009	0.0033600840251892805
20	0.9885033965110779	0.007813830859959126	0.0036827295552939177	0.9879306554794312	0.008184407837688923	0.003884930396452546
21	0.9870429039001465	0.011351213790476322	0.0016059138579294086	0.9854459762573242	0.012615956366062164	0.0019380945013836026
22	0.9835575819015503	0.013074732385575771	0.003367722500115633	0.9839680194854736	0.012676090933382511	0.0033559303265064955
23	0.9866877198219299	0.007465111091732979	0.005847151856869459	0.9867575168609619	0.0077073704451322556	0.005535070318728685
24	0.9665365219116211	0.016801957041025162	0.0166615080088377	0.9672585725784302	0.009787559509277344	0.02295393869280815
25	0.9846541881561279	0.010915864259004593	0.004429921042174101	0.9848219752311707	0.010431266389787197	0.004746859893202782
26	0.9736627340316772	0.018391121178865433	0.00794615875929594	0.9856808185577393	0.009363573975861073	0.004955661948770285
27	0.9953866600990295	0.0032883051317185163	0.0013250593328848481	0.9950416684150696	0.003344101132825017	0.0016142280073836446
28	0.9870924949645996	0.008477477356791496	0.004430108703672886	0.9897559285163879	0.007154191378504038	0.0030899266712367535
29	0.43824753165245056	0.015141686424612999	0.5466107726097107	0.007193200755864382	0.0018987134099006653	0.990908145904541
30	0.9929221868515015	0.0049580056220293045	0.002119757467880845	0.9928343296051025	0.004866291768848896	0.002299394691362977
31	0.984720766544342	0.009202217683196068	0.006076975259929895	0.353977769613266	0.02188623696565628	0.6241360306739807
32	0.9914364218711853	0.0067618791945278645	0.0018016524845734239	0.9917358756065369	0.006630777381360531	0.0016334040556102991
33	0.9825305342674255	0.007156051695346832	0.01031334139406681	0.8850951790809631	0.009839962236583233	0.10506480187177658
34	0.03907804191112518	0.02381226047873497	0.9371097087860107	0.02383768931031227	0.01946100778877735	0.9567013382911682
35	0.9681273102760315	0.012298752553761005	0.01957399956882	0.9610658884048462	0.012910009361803532	0.026024147868156433
36	0.97482830286026	0.005727031733840704	0.01944468356668949	0.286013126373291	0.013566452078521252	0.7004204392433167
37	0.9808300733566284	0.010230970568954945	0.008938990533351898	0.9799128770828247	0.00960498210042715	0.010482165031135082
38	0.9851663708686829	0.0059896535240113735	0.008843952789902687	0.9850324392318726	0.005531167145818472	0.009436387568712234
39	0.7036219239234924	0.08213301748037338	0.21424506604671478	0.04842480272054672	0.025812426581978798	0.9257627725601196
40	0.9781631827354431	0.007331422064453363	0.01450549066066742	0.7520400881767273	0.010739103890955448	0.23722079396247864
41	0.9791184663772583	0.015597952529788017	0.005283519625663757	0.9770947098731995	0.01679748296737671	0.006107814144343138
42	0.9790129661560059	0.0057601467706263065	0.015226959250867367	0.9741854667663574	0.005988528952002525	0.01982593722641468
43	0.9837778806686401	0.011567650362849236	0.0046544307842850685	0.9837536215782166	0.011654209345579147	0.004592164885252714
44	0.9838687777519226	0.005568499211221933	0.010562661103904247	0.9933879375457764	0.002826638985425234	0.003785407403483987
45	0.9874579310417175	0.009558938443660736	0.002983101876452565	0.9873391389846802	0.009617578238248825	0.003043195465579629
46	0.9876519441604614	0.007560647092759609	0.00478739570826292	0.986759603023529	0.007511780131608248	0.005728640593588352
47	0.6151247620582581	0.10153613239526749	0.28333911299705505	0.31691011786460876	0.04830120503902435	0.6347886919975281
48	0.980722188949585	0.007087680045515299	0.012190242297947407	0.9746672511100769	0.007736428640782833	0.01759633794426918
49	0.8307438492774963	0.010897829197347164	0.15835829079151154	0.011555660516023636	0.002774112159386277	0.985670268535614
50	0.9840323328971863	0.012830210849642754	0.003137464402243495	0.9832115769386292	0.013752014376223087	0.0030363432597368956
51	0.9867154955863953	0.010159237310290337	0.003125288523733616	0.9867501854896545	0.009992093779146671	0.0032577011734247208
52	0.9864674210548401	0.006736306473612785	0.006796398665755987	0.985620379447937	0.0070198592729866505	0.007359777111560106
53	0.9542600512504578	0.013821937143802643	0.031918082386255264	0.9474236965179443	0.015449592843651772	0.037126701325178146
54	0.9009344577789307	0.04701611399650574	0.05204945430159569	0.9497951865196228	0.013220037333667278	0.03698471933603287
55	0.9224222898483276	0.03672090545296669	0.04085673391819	0.9394165277481079	0.022289171814918518	0.03829435631632805
56	0.9612311124801636	0.012660806067287922	0.026108095422387123	0.9293839335441589	0.014147099107503891	0.05646900087594986
57	0.982747495174408	0.007788408547639847	0.009464005008339882	0.9823068976402283	0.007615360897034407	0.01007771771401167
58	0.9753503799438477	0.01224812027066946	0.012401601299643517	0.9746501445770264	0.012071536853909492	0.013278312049806118
59	0.916059136390686	0.008094854652881622	0.07584606111049652	0.04743591323494911	0.004476906731724739	0.9480871558189392
60	0.9941978454589844	0.003787166206166148	0.002015083096921444	0.9941028952598572	0.0037544588558375835	0.00214255228638649
61	0.9835832715034485	0.006937767844647169	0.009478961117565632	0.9840457439422607	0.006705109961330891	0.009249275550246239
62	0.9126444458961487	0.025841567665338516	0.0615139976143837	0.11839482188224792	0.014403210952877998	0.8672019839286804
63	0.9924086332321167	0.0051576197147369385	0.002433788264170289	0.9921789169311523	0.005193162243813276	0.0026278579607605934
64	0.33882370591163635	0.04356040433049202	0.6176158785820007	0.02672731690108776	0.012109052389860153	0.9611635804176331
65	0.9917051792144775	0.006382633466273546	0.0019122279481962323	0.9919667840003967	0.006025651935487986	0.00200753565877676
66	0.9901767373085022	0.007603544741868973	0.002219751477241516	0.9903311729431152	0.007260520476847887	0.002408381551504135
67	0.9753385782241821	0.0214780792593956	0.00318333157338202	0.9863744974136353	0.010034356266260147	0.003591126762330532
68	0.06664612144231796	0.005312541499733925	0.9280412793159485	0.005015458911657333	0.0024073615204542875	0.9925771355628967
69	0.4124939441680908	0.06451672315597534	0.5229893326759338	0.34819144010543823	0.08366856724023819	0.5681399703025818
70	0.9602343440055847	0.011610162444412708	0.028155580163002014	0.5010492205619812	0.04773816466331482	0.451212614774704
71	0.9673506021499634	0.010251370258629322	0.022398000583052635	0.9656611680984497	0.010348315350711346	0.0239904522895813
72	0.8290020823478699	0.029324913397431374	0.1416729986667633	0.39173758029937744	0.02965732105076313	0.5786051154136658
73	0.839453399181366	0.02240772172808647	0.13813893496990204	0.17471198737621307	0.018637070432305336	0.8066508769989014
74	0.9715684056282043	0.010288146324455738	0.01814342476427555	0.9699636101722717	0.010273313149809837	0.019763125106692314
75	0.11177629977464676	0.010452361777424812	0.8777713775634766	0.0028855844866484404	0.003566234838217497	0.9935482144355774
76	0.9936394095420837	0.004523508250713348	0.0018370114266872406	0.9942227005958557	0.004186328500509262	0.0015909336507320404
77	0.9837373495101929	0.008983112871646881	0.007279437966644764	0.981708288192749	0.009890172630548477	0.008401509374380112
78	0.9574902057647705	0.016596393659710884	0.025913352146744728	0.963826060295105	0.014829257503151894	0.02134464681148529
79	0.9654017090797424	0.03162157163023949	0.002976783085614443	0.9851224422454834	0.012277133762836456	0.0026005469262599945
80	0.985164999961853	0.011611567810177803	0.003223393578082323	0.9854612946510315	0.011525258421897888	0.0030135088600218296
81	0.903568685054779	0.01715267263352871	0.0792786180973053	0.8822507858276367	0.015172806568443775	0.10257643461227417
82	0.9826189279556274	0.00951521284878254	0.007865915074944496	0.9821298718452454	0.009775416925549507	0.008094758726656437
83	0.8495411276817322	0.02629312127828598	0.12416566163301468	0.07342533767223358	0.013712224550545216	0.9128624796867371
84	0.9918088316917419	0.0035498682409524918	0.004641353152692318	0.9915004968643188	0.00365803437307477	0.004841481801122427
85	0.9715816974639893	0.013196062296628952	0.015222339890897274	0.9373360872268677	0.012302855961024761	0.050361063331365585
86	0.47352179884910583	0.06930527836084366	0.4571729004383087	0.026466969400644302	0.023985516279935837	0.9495475888252258
87	0.9787912368774414	0.010250089690089226	0.010958732105791569	0.9787999391555786	0.010097085498273373	0.011103013530373573
88	0.876788854598999	0.027825474739074707	0.09538567811250687	0.3072788119316101	0.03127868101000786	0.6614424586296082
89	0.9814733862876892	0.007476270664483309	0.011050408706068993	0.9618818163871765	0.010927889496088028	0.02719024382531643
90	0.9849240779876709	0.008584583178162575	0.0064913081005215645	0.9859537482261658	0.008507476188242435	0.005538684781640768
91	0.9906020164489746	0.005781867075711489	0.0036161234602332115	0.46594491600990295	0.013652798719704151	0.520402193069458
92	0.987498939037323	0.008317064493894577	0.004183986224234104	0.9869456887245178	0.007974081672728062	0.0050803073681890965
93	0.9681273102760315	0.012298752553761005	0.01957399956882	0.9610658884048462	0.012910009361803532	0.026024147868156433
94	0.9836376905441284	0.008762490004301071	0.007599737495183945	0.9832656383514404	0.008736259303987026	0.007998162880539894
95	0.5570662617683411	0.05322467163205147	0.38970911502838135	0.24686919152736664	0.02904820628464222	0.7240826487541199
96	0.9711299538612366	0.014707529917359352	0.014162537641823292	0.8434052467346191	0.02880622260272503	0.12778854370117188
97	0.9773412346839905	0.017501594498753548	0.005157082341611385	0.9781602025032043	0.016765551641583443	0.005074257962405682
98	0.037724196910858154	0.02451305091381073	0.9377627968788147	0.007065165787935257	0.014969385229051113	0.9779654145240784
99	0.7047344446182251	0.024441782385110855	0.27082377672195435	0.6601352691650391	0.05127785727381706	0.28858682513237
100	0.9832891821861267	0.012679105624556541	0.004031665623188019	0.9829303622245789	0.013017253018915653	0.004052357282489538
101	0.9836782217025757	0.009851530194282532	0.006470274645835161	0.9832277297973633	0.009997861459851265	0.006774337030947208
102	0.5048356652259827	0.006162212695926428	0.48900213837623596	0.16162705421447754	0.013971034437417984	0.8244019150733948
103	0.9939594268798828	0.0034102899953722954	0.0026303641498088837	0.9849554896354675	0.00496218167245388	0.010082240216434002
104	0.9857630729675293	0.004606864880770445	0.009630141779780388	0.9476627111434937	0.006385440938174725	0.04595186561346054
105	0.9875841736793518	0.008824152871966362	0.0035917030181735754	0.9878712892532349	0.008531487546861172	0.0035972469486296177
106	0.933281660079956	0.024007178843021393	0.04271112382411957	0.7808573246002197	0.02364271692931652	0.1954999566078186
107	0.9889169931411743	0.005478341598063707	0.005604589357972145	0.9848780035972595	0.0059452238492667675	0.009176780469715595
108	0.1894051432609558	0.03198983147740364	0.778605043888092	0.9784597158432007	0.011443166062235832	0.010097137652337551
109	0.9873855113983154	0.009320705197751522	0.0032938015647232533	0.9876936674118042	0.009012800641357899	0.0032935289200395346
110	0.9885979890823364	0.005299923941493034	0.006102028768509626	0.9870007038116455	0.004775275010615587	0.00822401698678732
111	0.9800323843955994	0.014049618504941463	0.005918016191571951	0.7818377614021301	0.02746197208762169	0.1907002329826355
112	0.9775747656822205	0.015963925048708916	0.006461343728005886	0.975963830947876	0.017319312319159508	0.006716832518577576
113	0.9927379488945007	0.0026995078660547733	0.00456248689442873	0.9924058318138123	0.0028407180216163397	0.00475347088649869
114	0.8836015462875366	0.09436354041099548	0.022034902125597	0.9860910773277283	0.007565772160887718	0.006343215703964233
115	0.9897846579551697	0.007457009982317686	0.0027583164628595114	0.9899078607559204	0.0077586909756064415	0.002333402633666992
116	0.978793740272522	0.009684838354587555	0.01152142696082592	0.9793081879615784	0.00929993949830532	0.011391895823180676
117	0.7536345720291138	0.14617136120796204	0.1001940369606018	0.7314220666885376	0.04377222806215286	0.22480574250221252
118	0.9869675040245056	0.009222022257745266	0.0038104583509266376	0.9867944121360779	0.0091170659288764	0.004088524729013443
119	0.9845602512359619	0.010224336758255959	0.005215388722717762	0.9852761626243591	0.010014091618359089	0.004709730856120586
120	0.2990211248397827	0.047211457043886185	0.653767466545105	0.439128577709198	0.03318619728088379	0.5276851654052734
121	0.6805576086044312	0.10353510826826096	0.2159072905778885	0.5956527590751648	0.3435881733894348	0.060759082436561584
122	0.7191581726074219	0.031774651259183884	0.24906721711158752	0.3586250841617584	0.040739964693784714	0.6006349325180054
123	0.9796619415283203	0.0142893698066473	0.006048743147403002	0.976825475692749	0.014456016942858696	0.008718427270650864
124	0.8936687111854553	0.008406693115830421	0.09792460501194	0.7854830026626587	0.009328054264187813	0.20518895983695984
125	0.8884284496307373	0.0537336990237236	0.05783780291676521	0.89119553565979	0.02101236581802368	0.08779214322566986
126	0.9874574542045593	0.009159448556602001	0.0033830609172582626	0.9873587489128113	0.00895592849701643	0.00368527346290648
127	0.6809569001197815	0.013584376312792301	0.3054587244987488	0.48358356952667236	0.018812116235494614	0.4976043403148651
128	0.9816564917564392	0.005253045354038477	0.013090462423861027	0.9818381071090698	0.005392680410295725	0.012769204564392567
129	0.9399866461753845	0.012597744353115559	0.047415610402822495	0.7217164039611816	0.010566609911620617	0.2677169442176819
130	0.9857528805732727	0.010285989381372929	0.003961132373660803	0.9851816296577454	0.010312888771295547	0.004505440592765808
131	0.9757145047187805	0.012664810754358768	0.011620703153312206	0.3608623147010803	0.02307736873626709	0.6160603761672974
132	0.979986846446991	0.014844878576695919	0.005168301053345203	0.9620857238769531	0.01133913453668356	0.02657521702349186
133	0.62432461977005	0.06264998018741608	0.31302541494369507	0.23603865504264832	0.03719118610024452	0.7267701625823975
134	0.9917368292808533	0.006961076520383358	0.0013021762715652585	0.9915737509727478	0.00708729587495327	0.0013388581573963165
135	0.9866553544998169	0.005355304107069969	0.00798937026411295	0.97544264793396	0.006546557415276766	0.018010735511779785
136	0.9857528805732727	0.010285989381372929	0.003961132373660803	0.9851816296577454	0.010312888771295547	0.004505440592765808
137	0.9845892786979675	0.012471402995288372	0.0029393071308732033	0.985031008720398	0.01199253648519516	0.002976503921672702
138	0.9788691401481628	0.017992286011576653	0.0031386769842356443	0.979738712310791	0.017123926430940628	0.003137279534712434
139	0.9853411316871643	0.004227901808917522	0.010430979542434216	0.9834988713264465	0.004372085444629192	0.012129079550504684
140	0.9684432744979858	0.015080236829817295	0.016476498916745186	0.9693908095359802	0.014373182319104671	0.016235975548624992
141	0.9857192635536194	0.005773074459284544	0.008507671765983105	0.8582140207290649	0.009691313840448856	0.1320945769548416
142	0.9753492474555969	0.01047018263489008	0.014180613681674004	0.9581096172332764	0.008853724226355553	0.033036597073078156
143	0.6897345185279846	0.03132586553692818	0.27893951535224915	0.09060411900281906	0.029286086559295654	0.8801097869873047
144	0.23749998211860657	0.013289841823279858	0.7492101788520813	0.012626432813704014	0.0029116070363670588	0.9844619035720825
145	0.9852041006088257	0.007223169784992933	0.00757281668484211	0.9845929741859436	0.007443425245583057	0.007963578216731548
146	0.9879123568534851	0.007905876263976097	0.004181659780442715	0.9867920875549316	0.008778894320130348	0.00442906841635704
147	0.017943207174539566	0.0018690385622903705	0.9801878333091736	0.005639697890728712	0.0009254462784156203	0.9934349060058594
148	0.6624675393104553	0.01930464804172516	0.3182277977466583	0.269968181848526	0.020591728389263153	0.7094400525093079
149	0.9818370938301086	0.013768170028924942	0.004394805058836937	0.9812544584274292	0.014164473861455917	0.004581077490001917
150	0.9819744229316711	0.0030369132291525602	0.0149886729195714	0.9678048491477966	0.0036035687662661076	0.028591535985469818
151	0.9920474290847778	0.004542720504105091	0.0034097793977707624	0.9904429316520691	0.005150556564331055	0.004406522959470749
152	0.2167174071073532	0.02542126551270485	0.757861316204071	0.6693263649940491	0.020319709554314613	0.31035393476486206
153	0.9467365145683289	0.010494398884475231	0.04276913031935692	0.9269348382949829	0.008878729306161404	0.06418642401695251
154	0.8856802582740784	0.04482445865869522	0.06949535012245178	0.9710966944694519	0.01643424667418003	0.012469026260077953
155	0.19114036858081818	0.04360733553767204	0.7652523517608643	0.03922590613365173	0.04302386939525604	0.9177502393722534
156	0.983946681022644	0.009479240514338017	0.006574038416147232	0.9840465188026428	0.009348833002150059	0.006604588124901056
157	0.9600857496261597	0.01127511914819479	0.02863910049200058	0.6405313014984131	0.05118687078356743	0.3082818388938904
158	0.940310001373291	0.024797270074486732	0.034892745316028595	0.9398976564407349	0.025196034461259842	0.03490639850497246
159	0.9905932545661926	0.006494579371064901	0.0029121912084519863	0.9911496639251709	0.00629673944786191	0.0025535831227898598
160	0.988443911075592	0.007837159559130669	0.0037189582362771034	0.988505482673645	0.007749764248728752	0.0037446797359734774
161	0.9740709066390991	0.00511099211871624	0.020818177610635757	0.9636806845664978	0.005345067474991083	0.03097425401210785
162	0.968478798866272	0.009437560103833675	0.022083640098571777	0.39480477571487427	0.04067618027329445	0.5645190477371216
163	0.967272937297821	0.005385112017393112	0.027341941371560097	0.9911946058273315	0.0033365150447934866	0.005468918010592461
164	0.9926149845123291	0.005025925580412149	0.002359086414799094	0.9928632378578186	0.004812766332179308	0.0023239348083734512
165	0.9943174719810486	0.003843784099444747	0.001838747994042933	0.9935482144355774	0.004204992204904556	0.0022467628587037325
166	0.9907097816467285	0.006261657457798719	0.0030285906977951527	0.9888530969619751	0.006415074225515127	0.004731860011816025
167	0.22895315289497375	0.030180765315890312	0.7408661246299744	0.017623761668801308	0.021426137536764145	0.9609500765800476
168	0.9908145070075989	0.0050926352851092815	0.004092873074114323	0.9907326698303223	0.004869318567216396	0.00439796969294548
169	0.9747145771980286	0.020181838423013687	0.005103677045553923	0.977863609790802	0.014131278730928898	0.008005146868526936
170	0.9645469784736633	0.019433682784438133	0.016019325703382492	0.9327139258384705	0.011305228807032108	0.05598083510994911
171	0.9884108304977417	0.008508623577654362	0.003080599708482623	0.9888139367103577	0.008164728060364723	0.0030212360434234142
172	0.9684315323829651	0.016545014455914497	0.015023496933281422	0.9694709181785583	0.016135413199663162	0.014393649995326996
173	0.9828874468803406	0.005921543575823307	0.011191047728061676	0.9066503047943115	0.010066838003695011	0.08328289538621902
174	0.990136444568634	0.005455977749079466	0.004407624248415232	0.9899064898490906	0.0055212886072695255	0.004572304897010326
175	0.9891777038574219	0.009010138921439648	0.0018121282337233424	0.9891539216041565	0.009064892306923866	0.0017811519792303443
176	0.9893038272857666	0.0075054652988910675	0.0031907125376164913	0.9889373779296875	0.00789378397166729	0.0031687652226537466
177	0.9888090491294861	0.007315920665860176	0.003875009948387742	0.9888290762901306	0.007256137672811747	0.003914661705493927
178	0.36590567231178284	0.04251212626695633	0.5915822386741638	0.02778472937643528	0.011464721523225307	0.9607505202293396
179	0.9936394095420837	0.004523508250713348	0.0018370114266872406	0.9942227005958557	0.004186328500509262	0.0015909336507320404
180	0.4672033190727234	0.01902221515774727	0.5137744545936584	0.01756901666522026	0.003710921388119459	0.9787200689315796
181	0.9888257384300232	0.0047212825156748295	0.006452920380979776	0.9491980671882629	0.006232001353055239	0.04456993564963341
182	0.4855131506919861	0.06947004795074463	0.4450167417526245	0.679117739200592	0.03278779610991478	0.2880944311618805
183	0.28732919692993164	0.04604955390095711	0.666621208190918	0.5040486454963684	0.02853713184595108	0.4674142897129059
184	0.7194424867630005	0.030838055536150932	0.24971942603588104	0.11848928034305573	0.022910676896572113	0.8586000204086304
185	0.9748406410217285	0.011014506220817566	0.01414487510919571	0.9851410388946533	0.006966006942093372	0.007893049158155918
186	0.9786421060562134	0.009545283392071724	0.011812660843133926	0.9773468375205994	0.009616876021027565	0.013036231510341167
187	0.9801661372184753	0.014513654634356499	0.005320219788700342	0.9798848628997803	0.014510084874927998	0.005605056416243315
188	0.8521867990493774	0.029032938182353973	0.11878027766942978	0.2727414667606354	0.03273029625415802	0.6945282220840454
189	0.9910803437232971	0.0072912415489554405	0.001628426369279623	0.9911577105522156	0.00715106725692749	0.001691211829893291
190	0.989959716796875	0.007875417359173298	0.0021648630499839783	0.9896326065063477	0.0077672479674220085	0.002600186737254262
191	0.9618911147117615	0.011105136945843697	0.02700379490852356	0.9612272381782532	0.010779195465147495	0.027993496507406235
192	0.990003764629364	0.00642302306368947	0.003573244670405984	0.9879819750785828	0.00728719774633646	0.004730808082967997
193	0.9873164892196655	0.008845585398375988	0.0038380036130547523	0.9889578819274902	0.00808942411094904	0.002952668583020568
194	0.9902867078781128	0.007551553193479776	0.0021617207676172256	0.989594578742981	0.007559849880635738	0.0028456596191972494
195	0.9805520176887512	0.015027187764644623	0.004420857410877943	0.9799321293830872	0.015373566187918186	0.004694328177720308
196	0.9941482543945312	0.004375969059765339	0.001475853263400495	0.9939789772033691	0.004486007150262594	0.0015350821195170283
197	0.9845050573348999	0.010283549316227436	0.005211446899920702	0.9856163263320923	0.010018767789006233	0.004364976659417152
198	0.981586754322052	0.014278427697718143	0.004134808667004108	0.9804548621177673	0.01492733508348465	0.004617730621248484
199	0.010047688148915768	0.0034900237806141376	0.9864622950553894	0.09809013456106186	0.010298918932676315	0.8916109204292297
