0	0.0037973332218825817	0.006717999000102282	0.9894847273826599	0.0008100585546344519	0.0059065748937428	0.9932833909988403
1	0.0011882559629157186	0.015343761071562767	0.9834679365158081	0.0008380191866308451	0.002088131383061409	0.9970738887786865
2	0.00022443290799856186	0.0006259811343625188	0.9991495609283447	0.0002147024788428098	0.00040273345075547695	0.999382495880127
3	0.00035965346614830196	0.000729120394680649	0.9989112615585327	0.000761964067351073	0.0009979011956602335	0.9982401132583618
4	0.002091929316520691	0.018968453630805016	0.9789395928382874	0.0031931931152939796	0.11008264124393463	0.8867241144180298
5	0.0002685781510081142	0.0005182615132071078	0.9992130994796753	0.00019993803289253265	0.0003181406354997307	0.9994819760322571
6	0.006512593012303114	0.005232019815593958	0.9882553815841675	0.00966213084757328	0.0040088254027068615	0.9863290190696716
7	0.0002930384362116456	0.00129884562920779	0.9984081387519836	0.001179640181362629	0.0020488565787672997	0.996771514415741
8	0.0015342344995588064	0.0026396517641842365	0.9958261251449585	0.0007794178673066199	0.0011301784543320537	0.9980903267860413
9	0.0006393130752258003	0.004148452077060938	0.995212197303772	0.0005387902492657304	0.002542153000831604	0.9969190359115601
10	0.002588441828265786	0.0071403868496418	0.9902712106704712	0.002137609524652362	0.005731160286813974	0.9921311736106873
11	0.008872706443071365	0.0031979933846741915	0.9879292249679565	0.0016904452349990606	0.001437919563613832	0.9968716502189636
12	0.0014189669163897634	0.0013857384910807014	0.9971952438354492	0.00017614128591958433	0.0004473295994102955	0.9993765950202942
13	0.0009683264652267098	0.0009932484244927764	0.9980384707450867	0.0002856190549209714	0.0006057648570276797	0.999108612537384
14	0.033097852021455765	0.019996365532279015	0.946905791759491	0.04206541180610657	0.027826691046357155	0.9301079511642456
15	0.0010844855569303036	0.00660993717610836	0.9923055768013	0.0017455716151744127	0.005851071327924728	0.9924033880233765
16	0.0001574798225192353	0.0004984892439097166	0.9993440508842468	0.00014045578427612782	0.0005086639430373907	0.9993508458137512
17	0.11131831258535385	0.06445224583148956	0.8242294192314148	0.007122025825083256	0.007116200868040323	0.9857617616653442
18	9.531922842143103e-05	0.0013486529933288693	0.9985560774803162	8.527455793228e-05	0.0013668960891664028	0.9985478520393372
19	7.666205783607438e-05	0.0003132189158350229	0.9996101260185242	0.0001334976841462776	0.00019598296785261482	0.9996705055236816
20	0.0003775950171984732	0.0016262050485238433	0.9979962110519409	0.0002945898741018027	0.001299430732615292	0.9984059929847717
21	0.0006496601272374392	0.001409505377523601	0.9979408383369446	0.0015883250162005424	0.0014932291815057397	0.9969184398651123
22	0.00030600494937971234	0.0006728466250933707	0.9990211725234985	0.00019002376939170063	0.00034966657403856516	0.9994602799415588
23	0.9848034381866455	0.008321947418153286	0.00687459297478199	0.9848034381866455	0.008321947418153286	0.00687459297478199
24	9.068628423847258e-05	0.000354489020537585	0.9995548129081726	0.00017980040865950286	0.000382945901947096	0.9994372725486755
25	0.9838653206825256	0.011190463788807392	0.00494415732100606	0.9838653206825256	0.011190463788807392	0.00494415732100606
26	0.0029148377943784	0.0016461712075397372	0.9954389929771423	0.0036060118582099676	0.0030752334278076887	0.9933187961578369
27	0.00011597712727962062	0.00016713899094611406	0.9997168183326721	0.00029783841455355287	0.000267483206698671	0.9994346499443054
28	0.08503580093383789	0.0216564629226923	0.8933077454566956	0.0010241480777040124	0.016504283994436264	0.9824716448783875
29	7.75944790802896e-05	0.00022875246941111982	0.9996936321258545	0.00012523472832981497	0.0002653561532497406	0.9996094107627869
30	0.00014136102981865406	0.0005055631627328694	0.9993531107902527	0.0005035359063185751	0.0006884390604682267	0.9988080263137817
31	0.00043922793702222407	0.0009934828849509358	0.9985672235488892	0.0007242226856760681	0.0011119022965431213	0.9981638789176941
32	0.033214930444955826	0.01436593197286129	0.9524191617965698	0.0006660897051915526	0.004125311505049467	0.9952085614204407
33	0.00026023975806310773	0.0006882386514917016	0.9990515112876892	0.0012191454879939556	0.0008480167016386986	0.9979327917098999
34	0.0008449131855741143	0.005755963735282421	0.9933991432189941	0.0007366589270532131	0.003824826329946518	0.9954385161399841
35	0.0002683923812583089	0.0004371214017737657	0.9992945194244385	0.00032287833164446056	0.0006334892241284251	0.9990436434745789
36	0.0008290059631690383	0.0007516495534218848	0.9984194040298462	8.080426778178662e-05	0.0002754860615823418	0.9996436834335327
37	0.0003428824129514396	0.0013139871880412102	0.9983431100845337	0.00016433051496278495	0.0005184292676858604	0.9993172883987427
38	0.01406392827630043	0.008988789282739162	0.9769473075866699	0.03843594714999199	0.014726896770298481	0.9468371868133545
39	0.00039307845872826874	0.0016333829844370484	0.9979735016822815	0.00043292398913763463	0.001993604237213731	0.9975734353065491
40	0.0002251321857329458	0.0005423168768174946	0.9992325305938721	0.0004720890137832612	0.00042607917566783726	0.9991018772125244
41	0.0003877720155287534	0.0009787806775420904	0.9986334443092346	0.0027008496690541506	0.0015729335136711597	0.9957262277603149
42	0.00020784357911907136	0.0006571533740498126	0.9991350769996643	0.0004359422600828111	0.0006638501072302461	0.9989001750946045
43	0.00048011381295509636	0.004004746675491333	0.9955151677131653	0.001490154187195003	0.007925487123429775	0.9905843734741211
44	0.00016029778635129333	0.0003074462292715907	0.9995322227478027	0.00017045218555722386	0.00021500479488167912	0.9996144771575928
45	0.00032812615972943604	0.0005255109863355756	0.9991463422775269	0.0004870507400482893	0.0005245940410532057	0.9989883303642273
46	0.0001961563539225608	0.0008735741139389575	0.9989302754402161	0.0002555099781602621	0.0012471489608287811	0.9984973669052124
47	0.013717335648834705	0.02638147585093975	0.9599011540412903	0.014511371031403542	0.04310845211148262	0.9423801302909851
48	0.9778571128845215	0.007931772619485855	0.014211103320121765	0.9778571128845215	0.007931772619485855	0.014211103320121765
49	0.0001557074865559116	0.0003239150100853294	0.9995204210281372	0.00010000600013881922	0.00046915115672163665	0.9994308352470398
50	0.011083006858825684	0.05269335210323334	0.9362236857414246	0.02422172948718071	0.04520420730113983	0.9305740594863892
51	0.043138641864061356	0.03695448860526085	0.9199069142341614	0.013642252422869205	0.03285901993513107	0.9534987211227417
52	8.728317334316671e-05	0.00026299612363800406	0.9996497631072998	0.00010192997433478013	0.00042287897667847574	0.9994751811027527
53	0.0028111841529607773	0.0042458768002688885	0.9929428696632385	0.008536209352314472	0.004980211611837149	0.986483633518219
54	6.574787403224036e-05	0.0003545785148162395	0.9995797276496887	0.00016022505587898195	0.0003837281255982816	0.9994561076164246
55	0.00026278506265953183	0.001016246504150331	0.9987209439277649	0.0003349541802890599	0.0011396987829357386	0.9985253214836121
56	0.0002597806160338223	0.0016626298893243074	0.9980776309967041	0.001413932885043323	0.004141769837588072	0.9944443106651306
57	0.00013131553714629263	0.0002799170615617186	0.9995887875556946	0.0006950831157155335	0.0006920411833561957	0.9986128807067871
58	0.0023936976213008165	0.3208634555339813	0.6767428517341614	0.0007858185563236475	0.013134457170963287	0.986079752445221
59	6.717629003105685e-05	0.0003329740429762751	0.9995998740196228	0.0001673192164162174	0.0002930618356913328	0.9995396137237549
60	0.00013189393212087452	0.00035225728061050177	0.9995158910751343	0.00018524655024521053	0.00030151987448334694	0.9995132684707642
61	0.0005503849242813885	0.0012625878443941474	0.9981870055198669	0.0031318296678364277	0.00450952909886837	0.9923586249351501
62	0.004120626021176577	0.004377448931336403	0.9915019273757935	0.0020539402030408382	0.002093459013849497	0.9958525896072388
63	8.363168308278546e-05	0.00036203995114192367	0.9995543360710144	0.0011204975889995694	0.0009952690452337265	0.997884213924408
64	0.012780317105352879	0.015222540125250816	0.9719972014427185	0.008265374228358269	0.01640123687684536	0.9753333330154419
65	0.002748592058196664	0.0023774653673171997	0.9948739409446716	0.27959397435188293	0.015623089857399464	0.7047829627990723
66	8.412478200625628e-05	0.00023738929303362966	0.9996784925460815	9.432934893993661e-05	0.00020457986101973802	0.9997010827064514
67	8.8555330876261e-05	0.00048597142449580133	0.9994255304336548	0.00034415998379699886	0.0009944358607754111	0.9986613988876343
68	0.0002614727709442377	0.000891386647708714	0.9988471269607544	0.00021710191504098475	0.0009916533017531037	0.9987912774085999
69	0.0006474484107457101	0.002636717865243554	0.9967159032821655	0.002144564874470234	0.0030634980648756027	0.9947919249534607
70	0.0007649256731383502	0.0010056988103315234	0.998229444026947	0.00016738798876758665	0.00042178932926617563	0.99941086769104
71	0.0006646193796768785	0.0013755573891103268	0.9979598522186279	0.00018506147898733616	0.0007648186292499304	0.9990500807762146
72	0.003334996523335576	0.026386119425296783	0.9702788591384888	0.0014463166007772088	0.006628398783504963	0.9919252991676331
73	8.694561256561428e-05	0.00027577474247664213	0.999637246131897	0.000495901214890182	0.0006393773364834487	0.9988647699356079
74	0.0009177724132314324	0.0023748334497213364	0.9967073202133179	0.0007584990235045552	0.001402371097356081	0.9978391528129578
75	0.0004332167736720294	0.0019167906139045954	0.9976499676704407	0.0003875506517942995	0.004547154996544123	0.9950652718544006
76	7.240069680847228e-05	0.00021175974688958377	0.9997158646583557	0.00010219336400041357	0.00017747785022947937	0.9997202754020691
77	0.980340301990509	0.010892254300415516	0.00876747164875269	0.980340301990509	0.010892254300415516	0.00876747164875269
78	0.0016634578350931406	0.010127948597073555	0.9882085919380188	0.001202783896587789	0.002474623266607523	0.9963226318359375
79	0.0019423175835981965	0.005317120812833309	0.9927405714988708	0.004098006058484316	0.00783267617225647	0.9880693554878235
80	0.984606921672821	0.012243240140378475	0.0031498929020017385	0.984606921672821	0.012243240140378475	0.0031498929020017385
81	0.0001753562974045053	0.0003751654294319451	0.9994494318962097	0.0004488729755394161	0.0005165757029317319	0.9990345239639282
82	0.0020529301837086678	0.003615778870880604	0.9943312406539917	0.001524889376014471	0.0049161845818161964	0.993558943271637
83	0.00022926933888811618	0.00041118275839835405	0.9993595480918884	0.0013750153593719006	0.0009490415686741471	0.9976759552955627
84	0.9914514422416687	0.003840530989691615	0.004708062391728163	0.9914514422416687	0.003840530989691615	0.004708062391728163
85	0.00010900489724008366	0.0004639443941414356	0.999427080154419	0.00021897972328588367	0.0005328174447640777	0.999248206615448
86	0.028344934806227684	0.026394817978143692	0.945260226726532	0.004056548234075308	0.03487488254904747	0.9610685706138611
87	0.00011059694224968553	0.001056862878613174	0.9988325238227844	0.00010922188084805384	0.0010532339802011847	0.9988375306129456
88	0.0018415214726701379	0.0022406356874853373	0.9959178566932678	0.0002735177695285529	0.0009564391220919788	0.9987700581550598
89	0.00010437365563120693	0.0002496821980457753	0.9996459484100342	0.0008843642426654696	0.0007507756818085909	0.9983648657798767
90	0.000366028310963884	0.0003303592384327203	0.9993035793304443	0.0002890473115257919	0.0005394939216785133	0.9991714954376221
91	0.00016986805712804198	0.00040021861786954105	0.9994298815727234	0.0007460908964276314	0.00042392275645397604	0.9988300204277039
92	0.00017826863040681928	0.0018935182597488165	0.997928261756897	0.0002505828451830894	0.0012566765071824193	0.9984927177429199
93	0.0004858309985138476	0.0007051528664305806	0.9988089799880981	0.0003129490651190281	0.00036280779750086367	0.9993243217468262
94	0.0002497929090168327	0.006870019715279341	0.9928801655769348	0.0010595606872811913	0.014970771037042141	0.9839696884155273
95	0.005995717830955982	0.0027633339632302523	0.991240918636322	0.003769317176192999	0.0017213765531778336	0.9945092797279358
96	0.0008105400484055281	0.0019670058973133564	0.9972224235534668	0.0005461698747240007	0.002052140422165394	0.9974017143249512
97	0.013723264448344707	0.04031827300786972	0.9459584355354309	0.02614446170628071	0.040051136165857315	0.933804452419281
98	0.000794974563177675	0.006533800158649683	0.9926712512969971	0.000737388210836798	0.0033226360101252794	0.9959399700164795
99	0.00010959201608784497	0.00030352853354997933	0.9995868802070618	0.0005216360441409051	0.000537511776201427	0.9989408850669861
100	0.0002327241381863132	0.0007803996559232473	0.9989868998527527	0.0009118384914472699	0.001584565732628107	0.9975035786628723
101	7.615410868311301e-05	0.001928039942868054	0.9979958534240723	0.00014105810259934515	0.0013692540815100074	0.9984896183013916
102	0.00021917815320193768	0.00024409222532995045	0.9995367527008057	0.00012675783364102244	0.00020293857960496098	0.9996702671051025
103	7.445773371728137e-05	0.0002700789482332766	0.9996554851531982	6.973720883252099e-05	0.0003294477646704763	0.9996008276939392
104	0.0006582312053069472	0.0003620361676439643	0.9989797472953796	0.0011727581731975079	0.0014540445990860462	0.9973732233047485
105	0.01312723197042942	0.01307923998683691	0.9737935066223145	0.006671459414064884	0.025958221405744553	0.967370331287384
106	0.001802223501726985	0.0037763582076877356	0.9944214224815369	0.0009738612570799887	0.0018915882101282477	0.9971345663070679
107	0.9896212816238403	0.005293106660246849	0.00508569460362196	0.9896212816238403	0.005293106660246849	0.00508569460362196
108	6.917649443494156e-05	0.0004005184455309063	0.9995303153991699	0.00012504035839810967	0.00030922263977117836	0.9995657801628113
109	0.00018409879703540355	0.0021348961163312197	0.9976810216903687	0.0003306945727672428	0.0021388826426118612	0.9975304007530212
110	0.00010282201401423663	0.0012483781902119517	0.9986488223075867	0.00028967889375053346	0.002728280844166875	0.9969820380210876
111	0.0001673769293120131	0.0005994209786877036	0.9992332458496094	9.809190669329837e-05	0.0006721929530613124	0.9992296695709229
112	9.943682380253449e-05	0.0010899356566369534	0.9988106489181519	0.0019255410879850388	0.003459709230810404	0.9946147799491882
113	0.0002017775404965505	0.0003265485865995288	0.9994717240333557	0.00016894911823328584	0.0002457213122397661	0.9995853304862976
114	0.0056658219546079636	0.005490277428179979	0.9888439178466797	0.010899635963141918	0.006047438830137253	0.9830529689788818
115	0.000108909654954914	0.00024718852364458144	0.9996439218521118	0.00012066576164215803	0.00023543495626654476	0.9996439218521118
116	0.0008855675114318728	0.012039019726216793	0.9870753884315491	0.0003924687043763697	0.002660266822203994	0.9969472289085388
117	0.06514167785644531	0.024097157642245293	0.9107612371444702	0.004418042488396168	0.008657456375658512	0.9869245290756226
118	0.00035649401252157986	0.0009747594594955444	0.9986687898635864	0.0007658866234123707	0.0008013841579668224	0.9984326958656311
119	0.0007888052496127784	0.0031756097450852394	0.996035635471344	0.003752688178792596	0.00546242855489254	0.9907848834991455
120	0.0005218360456638038	0.0009230021969415247	0.9985551238059998	0.0021526282653212547	0.0015252350131049752	0.9963221549987793
121	0.00024051943910308182	0.0007216684170998633	0.9990378618240356	0.00021734456822741777	0.000766186451073736	0.9990164041519165
122	0.0027782649267464876	0.0014912202022969723	0.995730459690094	0.0005641831085085869	0.0008277594461105764	0.9986080527305603
123	0.00026427567354403436	0.010369432158768177	0.9893662333488464	0.00037348223850131035	0.03678980842232704	0.962836742401123
124	0.0002955808595288545	0.00046550025581382215	0.9992389678955078	0.00010352497338317335	0.00034593036980368197	0.9995505213737488
125	0.0024689037818461657	0.009167205542325974	0.9883638620376587	0.0007508736453019083	0.0010006459197029471	0.9982484579086304
126	7.472236029570922e-05	0.00022788348724134266	0.9996974468231201	0.00013377450522966683	0.00023291494289878756	0.9996333122253418
127	0.0006703931139782071	0.001284126890823245	0.9980454444885254	0.004616458434611559	0.0038763838820159435	0.9915071725845337
128	0.0001862053613876924	0.0004050223215017468	0.9994087219238281	0.0006361287087202072	0.0006165311788208783	0.9987473487854004
129	0.0010212892666459084	0.005190926603972912	0.9937877655029297	0.006360795348882675	0.004163508769124746	0.9894757270812988
130	0.000325158704072237	0.0008763337391428649	0.9987984895706177	0.0003201398067176342	0.0005081718554720283	0.9991717338562012
131	0.0024582277983427048	0.0016907579265534878	0.9958510398864746	0.0002498842077329755	0.0008083233842626214	0.9989418387413025
132	0.00011523947614477947	0.0003076656721532345	0.9995771050453186	0.000459558330476284	0.0005180897423997521	0.999022364616394
133	0.008930636569857597	0.007332283072173595	0.983737051486969	0.037008725106716156	0.014249186031520367	0.9487420916557312
134	0.00010104112880071625	0.000507483899127692	0.9993914365768433	0.00016580350347794592	0.0010532354936003685	0.9987809062004089
135	0.0001300160656683147	0.0005243159248493612	0.999345600605011	0.0004900958738289773	0.0013163475086912513	0.9981935620307922
136	0.0006355941295623779	0.0012479424476623535	0.9981164932250977	0.0007794973207637668	0.000851895660161972	0.9983686804771423
137	0.9845029711723328	0.01261959783732891	0.0028775206301361322	0.9845029711723328	0.01261959783732891	0.0028775206301361322
138	6.717024371027946e-05	0.0003752287302631885	0.9995575547218323	0.0001925472606671974	0.00033736004843376577	0.999470055103302
139	0.00014925394498277456	0.000618316582404077	0.9992324113845825	0.0004813893174286932	0.0006893505342304707	0.9988293051719666
140	0.0007751279626972973	0.0018233157461509109	0.9974015951156616	0.004852833691984415	0.005826839245855808	0.9893202781677246
141	0.00012256947229616344	0.00024590568500570953	0.9996315240859985	6.066844434826635e-05	0.0003684787661768496	0.999570906162262
142	0.00043269837624393404	0.0016047285171225667	0.9979625940322876	0.0009051238303072751	0.003166466485708952	0.9959283471107483
143	0.00012607434473466128	0.0004678926488850266	0.9994059801101685	0.0002597434795461595	0.00048727498506195843	0.99925297498703
144	0.00030149714439176023	0.0002957136312033981	0.9994027614593506	0.0002278043539263308	0.0003142009663861245	0.9994580149650574
145	0.9831125140190125	0.007993749342858791	0.008893742226064205	0.9831125140190125	0.007993749342858791	0.008893742226064205
146	7.379279122687876e-05	0.000326384324580431	0.9995998740196228	8.961658750195056e-05	0.0003280111704953015	0.9995823502540588
147	0.0001384846691507846	0.00027217218303121626	0.9995893836021423	0.00011622866441030055	0.0002788305573631078	0.9996050000190735
148	0.000295834441203624	0.0006012078956700861	0.9991029500961304	0.000212592858588323	0.000552627956494689	0.9992347955703735
149	0.005358560010790825	0.011761623434722424	0.9828798174858093	0.006069040857255459	0.005349548999220133	0.9885814785957336
150	0.0015102993929758668	0.0023989807814359665	0.9960907101631165	0.005381840281188488	0.0036679808981716633	0.9909501671791077
151	0.00018272068700753152	0.0002819564542733133	0.999535322189331	0.0003315946669317782	0.00029051685123704374	0.9993778467178345
152	0.001073681516572833	0.002306257141754031	0.9966200590133667	0.0007067213882692158	0.001539411023259163	0.997753918170929
153	0.00019294777303002775	0.00033812399487942457	0.999468982219696	0.0020977326203137636	0.001113352831453085	0.9967889785766602
154	0.005223478190600872	0.0069096870720386505	0.9878668785095215	0.010627229698002338	0.021633392199873924	0.9677394032478333
155	0.005352520849555731	0.03938841074705124	0.9552590250968933	0.004961343947798014	0.05091366916894913	0.9441249966621399
156	0.00010470858251210302	0.0014218274736776948	0.9984734654426575	0.00018148212984669954	0.0009624509839341044	0.9988560676574707
157	0.0001656612876104191	0.00042812363244593143	0.9994062185287476	0.0009922372410073876	0.0011035773204639554	0.9979041814804077
158	0.004417247138917446	0.019234972074627876	0.9763477444648743	0.004979719407856464	0.013982034288346767	0.9810382723808289
159	5.483047425514087e-05	0.0003440775035414845	0.9996010661125183	0.00020815935567952693	0.00026601096033118665	0.999525785446167
160	0.0001522278762422502	0.0004211761406622827	0.9994266033172607	0.00030911012436263263	0.00034300447441637516	0.9993478655815125
161	0.0005291709094308317	0.0006755572976544499	0.9987952709197998	0.0021411937195807695	0.001925524789839983	0.9959333539009094
162	0.0009203632944263518	0.0010873588034883142	0.9979922771453857	0.00015519741282332689	0.00039363029645755887	0.999451220035553
163	5.3215469961287454e-05	0.00025730094057507813	0.9996894598007202	6.489534280262887e-05	0.0002708915271796286	0.9996641874313354
164	0.00014789035776630044	0.0007778049330227077	0.9990743398666382	0.001633137697353959	0.0012186204548925161	0.9971482157707214
165	0.0002085749147227034	0.00042365211993455887	0.9993677735328674	0.00047569957678206265	0.00033708190312609076	0.999187171459198
166	0.0004461936478037387	0.004300002474337816	0.9952538013458252	0.0010465489467605948	0.0019533096347004175	0.9970001578330994
167	0.0011805767426267266	0.012485797517001629	0.9863336682319641	0.005953588988631964	0.026208626106381416	0.9678377509117126
168	5.8023419114761055e-05	0.0004533884348347783	0.9994885921478271	9.516574209555984e-05	0.0002747733669821173	0.9996300935745239
169	0.00040373296360485256	0.0017592614749446511	0.9978370070457458	0.0004758644208777696	0.001668822718784213	0.9978552460670471
170	0.0001670627825660631	0.0004241643473505974	0.9994087219238281	0.00010383735207142308	0.00034539494663476944	0.9995507597923279
171	0.0001431743148714304	0.0005103935254737735	0.9993464350700378	0.0024608157109469175	0.002827787771821022	0.9947113990783691
172	0.00028039616881869733	0.0005786188412457705	0.9991409778594971	0.004112917929887772	0.004572110250592232	0.9913149476051331
173	0.001697387546300888	0.0005659046000801027	0.9977366924285889	0.00025797190028242767	0.00022726503084413707	0.9995148181915283
174	0.0008062782580964267	0.008790387772023678	0.9904032945632935	0.00012955533748026937	0.0014187266351655126	0.9984517097473145
175	0.00048450788017362356	0.0010709488997235894	0.9984446167945862	0.0005935615627095103	0.0015390824992209673	0.9978673458099365
176	0.00020929312449879944	0.0007178527303040028	0.999072790145874	0.00011017970246030018	0.0009537750738672912	0.9989359974861145
177	0.0002760076313279569	0.0015098529402166605	0.9982141256332397	0.0004890370182693005	0.0009697247878648341	0.9985412359237671
178	0.005412698723375797	0.013111359439790249	0.9814759492874146	0.009112552739679813	0.01629495806992054	0.9745925068855286
179	0.00043479626765474677	0.00020067114382982254	0.9993645548820496	0.0001936922053573653	0.00023936413344927132	0.9995669722557068
180	0.0001829439861467108	0.0003143948270007968	0.9995026588439941	0.0004894270678050816	0.0003363527648616582	0.999174177646637
181	7.01887984178029e-05	0.00019143303507007658	0.9997383952140808	7.051143620628864e-05	0.00022064863878767937	0.9997088313102722
182	0.0008160175639204681	0.0016236272640526295	0.9975603818893433	0.0019250493496656418	0.002211876679211855	0.9958630800247192
183	0.005112047772854567	0.0036571407690644264	0.991230845451355	0.00484594888985157	0.0022953215520828962	0.9928587675094604
184	0.002147576306015253	0.0015471731312572956	0.9963052272796631	0.05360519140958786	0.01146575529128313	0.9349290728569031
185	0.0003403761947993189	0.00046595040475949645	0.9991937279701233	0.0001111900492105633	0.0003032240201719105	0.9995855689048767
186	0.00018180876213591546	0.0005757776671089232	0.9992424249649048	0.000220455665839836	0.00034571258584037423	0.9994338154792786
187	0.9796415567398071	0.015094701200723648	0.005263776984065771	0.9796415567398071	0.015094701200723648	0.005263776984065771
188	0.0073927659541368484	0.00614560442045331	0.9864615797996521	0.006655154749751091	0.004720046650618315	0.9886248111724854
189	0.0001382988120894879	0.0004307672497816384	0.9994309544563293	0.0007609330350533128	0.0008131858194246888	0.9984259605407715
190	0.0019175622146576643	0.004713303409516811	0.9933691620826721	0.0009018840501084924	0.0027109095826745033	0.996387243270874
191	0.00032729317899793386	0.0005381167284213006	0.9991346001625061	0.0004136140341870487	0.0005228054942563176	0.9990635514259338
192	0.0003020722942892462	0.0007464064983651042	0.9989514350891113	0.0003030485240742564	0.0009033253300003707	0.9987936019897461
193	0.9888022541999817	0.008570273406803608	0.0026274514384567738	0.9888022541999817	0.008570273406803608	0.0026274514384567738
194	6.104729254730046e-05	0.0002465039142407477	0.999692440032959	9.283364488510415e-05	0.0001999577070819214	0.9997071623802185
195	0.00029831600841134787	0.005777166225016117	0.9939245581626892	0.0004766346246469766	0.005797476973384619	0.9937259554862976
196	0.00011593128147069365	0.00042432924965396523	0.9994598031044006	0.0002940111153293401	0.0005866456776857376	0.9991193413734436
197	0.00010416050645289943	0.0005593180540017784	0.9993365406990051	0.00012113094999222085	0.0005268904496915638	0.9993519186973572
198	0.0014252630062401295	0.009102617390453815	0.9894720911979675	0.0005371361621655524	0.0013285612221807241	0.9981343150138855
199	0.0021611012052744627	0.0025105327367782593	0.995328426361084	0.008356048725545406	0.003033209592103958	0.9886106848716736
