0	0.00027942925225943327	0.0010712266666814685	0.9986494183540344	0.0003015657130163163	0.0009212812292389572	0.9987770915031433
1	0.00019580687512643635	0.00028205278795212507	0.9995222091674805	0.005418805871158838	0.001929789548739791	0.9926514029502869
2	0.0004412011767271906	0.0010961684165522456	0.9984626770019531	0.0011299997568130493	0.0009218177292495966	0.9979482293128967
3	0.8664025068283081	0.04037151858210564	0.09322593361139297	0.7838767766952515	0.08399686962366104	0.1321263462305069
4	0.00013310938084032387	0.0004695201641879976	0.9993973970413208	0.00019414890266489238	0.0004985490813851357	0.9993072748184204
5	0.9807009696960449	0.016031473875045776	0.0032675722613930702	0.9905587434768677	0.0073262350633740425	0.0021150163374841213
6	0.7430306673049927	0.05668901652097702	0.2002803534269333	0.9577443599700928	0.017724262550473213	0.024531327188014984
7	0.0001903457596199587	0.0005521079292520881	0.999257504940033	0.0005853718612343073	0.000666686799377203	0.9987479448318481
8	0.00045744323870167136	0.000923694227822125	0.9986188411712646	0.058705370873212814	0.009416020475327969	0.9318785667419434
9	0.9863790273666382	0.008464105427265167	0.005156777333468199	0.993176281452179	0.0035646178293973207	0.0032590313348919153
10	0.00014810352877248079	0.0004093936295248568	0.9994425177574158	0.0014066273579373956	0.001356308115646243	0.9972370862960815
11	0.8687497973442078	0.04352534934878349	0.08772486448287964	0.9843500852584839	0.010750402696430683	0.004899399820715189
12	0.0012207073159515858	0.0018163438653573394	0.9969629645347595	0.00653891172260046	0.002677569165825844	0.9907834529876709
13	0.0365343876183033	0.008080821484327316	0.9553847908973694	0.13727404177188873	0.019226238131523132	0.8434997200965881
14	0.00048559519927948713	0.0009497700375504792	0.9985646605491638	0.1444358080625534	0.023183276876807213	0.8323808908462524
15	0.0005285667139105499	0.0006194160087034106	0.998852014541626	0.00026224899920634925	0.00033109355717897415	0.9994066953659058
16	0.00033555878326296806	0.0009249713039025664	0.9987395405769348	0.0011679725721478462	0.003222369821742177	0.995609700679779
17	0.005199120379984379	0.002113455906510353	0.992687463760376	0.6711388230323792	0.02517881989479065	0.3036823272705078
18	0.036491088569164276	0.015399666503071785	0.9481092691421509	0.002343214815482497	0.0016371275996789336	0.9960196614265442
19	8.044078276725486e-05	0.0008300964836962521	0.9990894794464111	0.0005904462304897606	0.0016459182370454073	0.9977636337280273
20	0.0002867496805265546	0.0002972446382045746	0.9994159936904907	0.001334863482043147	0.000768793688621372	0.9978963136672974
21	0.006420675665140152	0.011201328597962856	0.9823779463768005	0.03142186626791954	0.008758637122809887	0.9598194360733032
22	0.0003088036028202623	0.0012219850905239582	0.9984691739082336	0.002115772105753422	0.0022351962979882956	0.9956490397453308
23	0.00016754951502662152	0.0005004628328606486	0.9993320107460022	0.004279866814613342	0.0025526215322315693	0.9931675791740417
24	0.9793925881385803	0.01778523437678814	0.0028221893589943647	0.9886582493782043	0.00923684611916542	0.002104875398799777
25	0.00020760326879099011	0.0021084730979055166	0.9976838827133179	0.0016333512030541897	0.004959483165293932	0.993407130241394
26	0.8728492856025696	0.09379158169031143	0.03335907310247421	0.9527185559272766	0.04026723653078079	0.007014181464910507
27	0.9733535647392273	0.016813188791275024	0.0098332604393363	0.9903292655944824	0.0069011845625936985	0.0027695263270288706
28	0.0009922171011567116	0.0009916475974023342	0.9980161190032959	0.8762497901916504	0.06325802952051163	0.06049223244190216
29	0.007871925830841064	0.00224986020475626	0.9898781776428223	0.03910674899816513	0.00810231827199459	0.9527909755706787
30	0.40824806690216064	0.056222617626190186	0.5355293154716492	0.5463899374008179	0.02105344831943512	0.4325565993785858
31	0.7984589338302612	0.05054793879389763	0.15099303424358368	0.9397512674331665	0.010745907202363014	0.049502816051244736
32	0.00025887804804369807	0.0009201056091114879	0.998820960521698	0.0007567225256934762	0.001224985346198082	0.9980182647705078
33	0.0031827976927161217	0.005208815447986126	0.9916083216667175	0.013798910193145275	0.007883893325924873	0.9783172011375427
34	0.0004477749753277749	0.0008196922135539353	0.9987325072288513	0.09545338153839111	0.01638626679778099	0.8881603479385376
35	0.933698296546936	0.04131642356514931	0.024985296651721	0.9895289540290833	0.00783323124051094	0.002637808909639716
36	0.0004724344180431217	0.001864864956587553	0.9976626634597778	0.0031110018026083708	0.003506000619381666	0.99338299036026
37	0.0001812196132959798	0.0006024932954460382	0.9992163181304932	0.00044488784624263644	0.0008776534232310951	0.9986774325370789
38	0.9404348134994507	0.03795751556754112	0.02160768024623394	0.9484545588493347	0.024232514202594757	0.02731289714574814
39	0.00024833218776620924	0.0008479505777359009	0.998903751373291	0.0738038420677185	0.028254907578229904	0.8979412913322449
40	0.0070714522153139114	0.004822132643312216	0.988106369972229	0.1434450000524521	0.02805722877383232	0.8284977674484253
41	0.020810827612876892	0.006278082262724638	0.9729111194610596	0.07117748260498047	0.008670923300087452	0.9201515913009644
42	0.0023191424552351236	0.003898440394550562	0.9937824606895447	0.0024548533838242292	0.003383924486115575	0.9941611886024475
43	0.0007243882864713669	0.001232831389643252	0.9980427026748657	0.001843745936639607	0.0005540833226405084	0.9976021647453308
44	0.00024833218776620924	0.0008479505777359009	0.998903751373291	0.0738038420677185	0.028254907578229904	0.8979412913322449
45	8.686188812134787e-05	0.0010774725815281272	0.9988356232643127	0.001410511089488864	0.003726484952494502	0.994862973690033
46	8.315032027894631e-05	0.00040050025563687086	0.9995163679122925	0.0030954363755881786	0.002729778178036213	0.9941747784614563
47	0.0012273387983441353	0.005594647489488125	0.9931780099868774	0.019397979602217674	0.01789233088493347	0.9627096652984619
48	0.8967602849006653	0.05460721254348755	0.04863246902823448	0.9683721661567688	0.02002665400505066	0.011601121164858341
49	0.1866273283958435	0.32850128412246704	0.48487141728401184	0.7346774935722351	0.05734483525156975	0.20797760784626007
50	0.9858890771865845	0.009928958490490913	0.004181987605988979	0.9788782596588135	0.01856246404349804	0.0025593270547688007
51	0.00018287870625499636	0.0012245114194229245	0.9985925555229187	0.0005278323078528047	0.0017793042352423072	0.9976929426193237
52	0.005961949471384287	0.006009646691381931	0.9880284070968628	0.27138927578926086	0.028154047206044197	0.7004567384719849
53	0.0006912474054843187	0.0005085618468001485	0.9988001585006714	0.006345708854496479	0.0028012546245008707	0.9908530116081238
54	0.00814870372414589	0.0019366675987839699	0.9899146556854248	0.0696764886379242	0.010903076268732548	0.9194204211235046
55	0.9926652312278748	0.0061494894325733185	0.0011851867893710732	0.9948086142539978	0.004189329221844673	0.0010020751506090164
56	0.9150416851043701	0.05374908819794655	0.03120923414826393	0.45242223143577576	0.04796093702316284	0.499616801738739
57	0.0007765486370772123	0.0012861938448622823	0.9979373216629028	0.023386381566524506	0.007061850279569626	0.9695517420768738
58	0.0003329769242554903	0.0006446575280278921	0.999022364616394	0.0059815370477736	0.0027973114047199488	0.9912210702896118
59	0.001099966699257493	0.001308668521232903	0.9975913763046265	0.0018407815368846059	0.0015865933382883668	0.9965726137161255
60	0.00030521582812070847	0.00040537386666983366	0.9992893934249878	0.00028634234331548214	0.0003000602009706199	0.9994136095046997
61	0.0009638878982514143	0.0027536654379218817	0.9962825179100037	0.0019833650439977646	0.002800131682306528	0.9952164888381958
62	0.12400465458631516	0.028366437181830406	0.8476289510726929	0.13769660890102386	0.03531234711408615	0.8269910216331482
63	9.258664067601785e-05	0.00031247574952431023	0.9995949864387512	0.0001551169261801988	0.0003297681105323136	0.999515175819397
64	0.00021959567675366998	0.0014510893961414695	0.9983293414115906	0.0007953432505019009	0.0024492854718118906	0.9967553019523621
65	0.0008667783695273101	0.0020299723837524652	0.9971032738685608	0.005328215658664703	0.004505645949393511	0.9901661276817322
66	0.0012796497903764248	0.0008592784870415926	0.9978610873222351	0.043582282960414886	0.006339648738503456	0.9500780701637268
67	0.002150930929929018	0.0013791713863611221	0.9964698553085327	0.2689800560474396	0.021948503330349922	0.7090714573860168
68	0.003536483971402049	0.0069905356504023075	0.9894729256629944	0.025835853070020676	0.011892343871295452	0.9622717499732971
69	0.0033995546400547028	0.007191992364823818	0.9894084930419922	0.247969850897789	0.09519249945878983	0.6568377017974854
70	0.0005043671117164195	0.000629135116469115	0.9988665580749512	0.003535008290782571	0.0016718655824661255	0.9947931170463562
71	0.010865478776395321	0.005879291798919439	0.9832552671432495	0.03260590136051178	0.00883717741817236	0.9585569500923157
72	0.00010937999468296766	0.0002489210164640099	0.9996416568756104	0.0798364207148552	0.00892934575676918	0.9112342000007629
73	0.9662066698074341	0.02460091933608055	0.009192496538162231	0.985308825969696	0.01180025190114975	0.0028908660169690847
74	0.8892257213592529	0.04561902582645416	0.0651552602648735	0.9845459461212158	0.009847567416727543	0.005606548395007849
75	0.0007786671631038189	0.0006558814784511924	0.9985654950141907	0.01207863911986351	0.003784658620133996	0.984136700630188
76	0.9758396148681641	0.014411112293601036	0.00974929891526699	0.9946957230567932	0.0035678280983120203	0.0017364342929795384
77	0.030454391613602638	0.043756067752838135	0.9257895946502686	0.45192041993141174	0.09486794471740723	0.4532117247581482
78	0.006660592742264271	0.012048434466123581	0.9812909364700317	0.13709723949432373	0.046223871409893036	0.8166788816452026
79	0.01805221289396286	0.009699386544525623	0.9722484350204468	0.004775783512741327	0.0028349626809358597	0.9923892617225647
80	0.007093144115060568	0.0037962663918733597	0.98911052942276	0.841762363910675	0.10498888045549393	0.05324871838092804
81	0.0013189809396862984	0.0030652082059532404	0.9956158399581909	0.006138627417385578	0.005753204692155123	0.988108217716217
82	0.00022178332437761128	0.0006065685884095728	0.9991717338562012	0.006607446353882551	0.003477990161627531	0.9899145364761353
83	0.000187518002348952	0.0004953132010996342	0.9993171691894531	0.0002109029155690223	0.000362570135621354	0.9994266033172607
84	0.00027657256578095257	0.0009313579648733139	0.9987921118736267	0.0026400156784802675	0.0031185580883175135	0.99424147605896
85	0.0007979118963703513	0.0024116151034832	0.9967904686927795	0.0004422360798344016	0.0011515736114233732	0.9984062314033508
86	0.0006912474054843187	0.0005085618468001485	0.9988001585006714	0.006345708854496479	0.0028012546245008707	0.9908530116081238
87	0.00015039645950309932	0.0005523089203052223	0.9992972612380981	0.0002052075433311984	0.0005519119440577924	0.999242901802063
88	0.00015154859283939004	0.000654827628750354	0.9991936087608337	0.007542692590504885	0.00439044926315546	0.9880669116973877
89	0.0015141000039875507	0.0023863392416387796	0.996099591255188	0.002993302419781685	0.00644946563988924	0.9905571937561035
90	0.00033060688292607665	0.0008863552939146757	0.9987830519676208	0.001997927203774452	0.00326888938434422	0.9947332143783569
91	0.0014804310631006956	0.004208385944366455	0.9943112134933472	0.10196100920438766	0.03833930939435959	0.8596996665000916
92	0.0005898663657717407	0.001048147794790566	0.9983620047569275	0.0576033890247345	0.01430486049503088	0.9280917048454285
93	0.9779556393623352	0.017268231138586998	0.004776054993271828	0.9945408701896667	0.003449432086199522	0.0020096427761018276
94	0.5468800663948059	0.10057498514652252	0.3525449335575104	0.3749385476112366	0.02338409423828125	0.601677417755127
95	0.0005888502346351743	0.0036364053376019	0.9957748055458069	0.0029821819625794888	0.006104236003011465	0.9909136295318604
96	0.006304193753749132	0.0026962971314787865	0.9909995198249817	0.2401779592037201	0.028427833691239357	0.7313941717147827
97	0.00017547051538713276	0.0010252137435600162	0.9987993240356445	0.0006578034372068942	0.002167334081605077	0.997174859046936
98	0.0010976644698530436	0.009913504123687744	0.9889888167381287	0.002039521699771285	0.005332985892891884	0.9926275610923767
99	0.056253161281347275	0.014654334634542465	0.929092526435852	0.29080989956855774	0.020942138507962227	0.6882479786872864
100	0.00028732113423757255	0.0005067267338745296	0.999206006526947	0.0002726903185248375	0.0003949876409024	0.9993322491645813
101	0.9070960283279419	0.06685636937618256	0.02604755386710167	0.9530354142189026	0.03923434019088745	0.0077303205616772175
102	0.031046058982610703	0.008394979871809483	0.9605590105056763	0.17125867307186127	0.06741327047348022	0.7613280415534973
103	0.00024741384549997747	0.00104017264675349	0.998712420463562	0.006579599808901548	0.0083177350461483	0.985102653503418
104	0.0004030162235721946	0.002853895304724574	0.9967431426048279	0.0008944965084083378	0.0024469841737300158	0.9966585636138916
105	0.00025340067804791033	0.0008856572094373405	0.9988609552383423	0.0008676904835738242	0.0012272631283849478	0.9979050159454346
106	0.00018287870625499636	0.0012245114194229245	0.9985925555229187	0.0005278323078528047	0.0017793042352423072	0.9976929426193237
107	0.00013965314428787678	0.0014804766979068518	0.9983798265457153	0.00039690526318736374	0.0024629151448607445	0.9971401691436768
108	0.0007337289280258119	0.0021958278957754374	0.9970704317092896	0.004298365209251642	0.006516380235552788	0.9891852140426636
109	0.00039174649282358587	0.0008770308340899646	0.9987311959266663	0.0020123396534472704	0.00162523053586483	0.9963623881340027
110	0.0006830311031080782	0.0037044654600322247	0.9956125020980835	0.0022145004477351904	0.003224973799660802	0.9945605397224426
111	9.79964534053579e-05	0.0006950264796614647	0.9992069602012634	0.0015917925629764795	0.004967518150806427	0.9934406876564026
112	0.897152304649353	0.08930493146181107	0.013542809523642063	0.9741804003715515	0.021306954324245453	0.004512610845267773
113	0.00031545746605843306	0.0022632319014519453	0.9974212646484375	0.0014165681786835194	0.001976821105927229	0.9966065883636475
114	0.00020854419562965631	0.0007614627247676253	0.9990299940109253	0.0012761563993990421	0.0018068462377414107	0.9969170093536377
115	0.004566940478980541	0.003834380069747567	0.9915987253189087	0.008237611502408981	0.005244940519332886	0.9865173697471619
116	0.0011233192635700107	0.0016919415211305022	0.997184693813324	0.018531784415245056	0.005548523273319006	0.9759196639060974
117	0.0004477749753277749	0.0008196922135539353	0.9987325072288513	0.09545338153839111	0.01638626679778099	0.8881603479385376
118	0.9802262783050537	0.016880657523870468	0.002893025754019618	0.9894883036613464	0.00877102930098772	0.0017406308325007558
119	0.9466517567634583	0.015355990268290043	0.03799225389957428	0.5744261145591736	0.012998065911233425	0.41257572174072266
120	0.7922438979148865	0.01729588583111763	0.190460205078125	0.8649373650550842	0.01744440570473671	0.11761824041604996
121	0.94660884141922	0.023427793756127357	0.029963338747620583	0.9513034224510193	0.03517342358827591	0.013523165136575699
122	0.9138815402984619	0.044762466102838516	0.041356075555086136	0.95938640832901	0.016140151768922806	0.02447347529232502
123	0.0001774682168615982	0.0002861242101062089	0.999536395072937	0.006736597511917353	0.004227884579449892	0.9890355467796326
124	0.0009540492901578546	0.0009765686700120568	0.9980693459510803	0.0003380767593625933	0.0007352432003244758	0.9989266991615295
125	0.001247384469024837	0.0030594763811677694	0.9956931471824646	0.07000395655632019	0.04914061352610588	0.8808553814888
126	0.0010739309946075082	0.0021975464187562466	0.9967285394668579	0.0003502620093058795	0.0014633998507633805	0.9981862902641296
127	0.00019552359299268574	0.0006064251647330821	0.9991980195045471	0.03085014782845974	0.010266987606883049	0.9588828086853027
128	0.0011976850219070911	0.0016951377037912607	0.997107207775116	0.03892857953906059	0.007797457277774811	0.9532740116119385
129	0.0002990136854350567	0.000734601984731853	0.9989663362503052	0.14665529131889343	0.021078351885080338	0.8322664499282837
130	0.6001909971237183	0.11340931802988052	0.28639963269233704	0.9070298075675964	0.03752615302801132	0.05544409900903702
131	0.0030278346966952085	0.002307321410626173	0.9946647882461548	0.023159991949796677	0.011102988384664059	0.965736985206604
132	0.9863790273666382	0.008464105427265167	0.005156777333468199	0.993176281452179	0.0035646178293973207	0.0032590313348919153
133	6.475108966697007e-05	0.0002694771101232618	0.9996657371520996	0.0002545019378885627	0.00042136036790907383	0.9993242025375366
134	0.0006071110256016254	0.0007761677843518555	0.9986166954040527	0.023068001493811607	0.006817269138991833	0.9701147079467773
135	0.00538868922740221	0.011073566041886806	0.9835377335548401	0.4550490379333496	0.06670312583446503	0.47824785113334656
136	0.00042230059625580907	0.0010483046062290668	0.9985294342041016	0.003441006178036332	0.003378693712875247	0.9931802749633789
137	0.0001835114526329562	0.0013118886854499578	0.998504638671875	0.0007323494064621627	0.002497501904144883	0.9967701435089111
138	0.002520589856430888	0.001841363962739706	0.9956380724906921	0.0006896305712871253	0.0012953438563272357	0.9980150461196899
139	0.0014421864179894328	0.003031947650015354	0.9955258965492249	0.0004722742014564574	0.001997977262362838	0.9975298047065735
140	0.00011567976616788656	0.0002627279609441757	0.9996215105056763	0.0003542899212334305	0.00038781066541559994	0.9992578625679016
141	0.00022059785260353237	0.0005008605658076704	0.9992786049842834	0.0019715866073966026	0.0032500417437404394	0.9947783946990967
142	0.0007702226866967976	0.0010691439965739846	0.9981606602668762	0.009839522652328014	0.0039863865822553635	0.9861741065979004
143	0.00010858628229470924	0.00039439534884877503	0.9994970560073853	0.001654312014579773	0.0032344325445592403	0.9951112866401672
144	0.0016144569963216782	0.0009970469400286674	0.9973885416984558	0.01646316796541214	0.00589674711227417	0.9776400327682495
145	0.013007963076233864	0.04561668634414673	0.9413753747940063	0.29238083958625793	0.07196362316608429	0.6356555819511414
146	0.0012005731696262956	0.002413564594462514	0.9963858127593994	0.008465869352221489	0.00544894952327013	0.9860851764678955
147	0.0006735784700140357	0.0007692372309975326	0.9985571503639221	0.040714677423238754	0.011068963445723057	0.9482163190841675
148	0.00010124973050551489	0.0005047655431553721	0.9993939399719238	0.00013059526099823415	0.0004514842585194856	0.9994179010391235
149	0.0002858749940060079	0.0012036142870783806	0.9985105395317078	0.004696877673268318	0.006441835779696703	0.9888612627983093
150	9.284433326683939e-05	0.0006510944804176688	0.9992560744285583	0.00014928306336514652	0.0007092703599482775	0.9991414546966553
151	0.8299024105072021	0.02662188559770584	0.14347560703754425	0.8484417200088501	0.022792864590883255	0.12876535952091217
152	0.00023926053836476058	0.0008874043123796582	0.9988732933998108	0.003952112048864365	0.004728577099740505	0.9913192391395569
153	0.0005732522113248706	0.0004896146128885448	0.99893718957901	0.14334768056869507	0.008898185566067696	0.8477540612220764
154	0.7329896092414856	0.03491697460412979	0.23209340870380402	0.9904119372367859	0.004717610776424408	0.004870512057095766
155	0.9859091639518738	0.011173897422850132	0.002916941652074456	0.9781712889671326	0.015590131282806396	0.006238613277673721
156	9.830493218032643e-05	0.0005197194986976683	0.9993818998336792	0.0002782855008263141	0.000858906249050051	0.9988628625869751
157	0.00019254691142123193	0.00030772018362767994	0.9994996786117554	0.001326822442933917	0.0006236277404241264	0.9980494976043701
158	0.0004616748192347586	0.0006687179557047784	0.9988695979118347	0.0019756536930799484	0.0012241624062880874	0.9968001842498779
159	0.8869626522064209	0.05816721171140671	0.054870087653398514	0.9784679412841797	0.011502087116241455	0.010030003264546394
160	0.006785717327147722	0.0032723802141845226	0.9899418950080872	0.028801148757338524	0.007572033442556858	0.9636267423629761
161	0.0002926051674876362	0.0012512168614193797	0.9984561204910278	0.0009124104981310666	0.0019012314733117819	0.9971863627433777
162	0.09499432891607285	0.02806773968040943	0.876937985420227	0.48503822088241577	0.06878050416707993	0.4461812376976013
163	0.000720348150935024	0.00751902861520648	0.9917606115341187	0.010618439875543118	0.02362547256052494	0.9657561182975769
164	0.0018221925711259246	0.001020787749439478	0.9971569776535034	0.031676556915044785	0.004800662863999605	0.9635228514671326
165	0.009893516078591347	0.009890982881188393	0.9802155494689941	0.07254127413034439	0.016794947907328606	0.9106638431549072
166	0.003550334367901087	0.005857711657881737	0.9905919432640076	0.0009239922510460019	0.0014244692865759134	0.9976515173912048
167	0.0002638571313582361	0.0009094597189687192	0.9988266825675964	0.00026393894222564995	0.0006530605023726821	0.9990830421447754
168	0.7692186832427979	0.21037255227565765	0.02040872722864151	0.9859969019889832	0.01185639388859272	0.0021467097103595734
169	0.00023354821314569563	0.0011058850213885307	0.9986605644226074	0.0008957777754403651	0.0016418599989265203	0.9974623918533325
170	0.000353897426975891	0.0005218780715949833	0.9991242289543152	0.036887433379888535	0.008590254001319408	0.9545222520828247
171	0.000478360743727535	0.0014700265601277351	0.998051643371582	0.0009613556903786957	0.0017082986887544394	0.9973303079605103
172	0.00011061281111324206	0.0005467108567245305	0.9993426203727722	0.0002107654872816056	0.0005813203752040863	0.9992079138755798
173	5.662670810124837e-05	0.0004924712120555341	0.9994508624076843	7.326775812543929e-05	0.0003985796356573701	0.999528169631958
174	0.0005009426968172193	0.0007302476442418993	0.9987687468528748	0.03828691691160202	0.010271409526467323	0.9514416456222534
175	0.0009022072190418839	0.0035942159593105316	0.9955036044120789	0.012192737311124802	0.010990969836711884	0.9768162965774536
176	0.011162819340825081	0.04524895176291466	0.9435882568359375	0.3429428040981293	0.1375768780708313	0.5194803476333618
177	0.0013344127219170332	0.0017301682382822037	0.9969353675842285	0.002766033634543419	0.0019260973203927279	0.9953078627586365
178	0.9381258487701416	0.023828011006116867	0.03804614394903183	0.9614642262458801	0.010770640335977077	0.027765147387981415
179	0.0004971874295733869	0.0021924867760390043	0.9973104000091553	0.001954604871571064	0.00436381297186017	0.9936815500259399
180	0.051345180720090866	0.034072283655405045	0.9145825505256653	0.4305517375469208	0.06938119977712631	0.5000670552253723
181	0.00018608638492878526	0.0013456701999530196	0.9984682202339172	0.0004929546848870814	0.0018808211898431182	0.9976262450218201
182	0.9194890260696411	0.06964530050754547	0.010865689255297184	0.9754909873008728	0.018688200041651726	0.005820768885314465
183	0.0011944061843678355	0.0008956495439633727	0.9979099631309509	0.0020003195386379957	0.0011822307715192437	0.9968174695968628
184	0.8990268111228943	0.05429242178797722	0.04668077826499939	0.9818173050880432	0.01077714841812849	0.007405451033264399
185	0.0001424143265467137	0.0005224543856456876	0.9993351101875305	0.0002092704235110432	0.0005070861661806703	0.9992836117744446
186	0.0001239562116097659	0.0003790420014411211	0.9994969367980957	0.0010892815189436078	0.0015726827550679445	0.9973379969596863
187	0.9701692461967468	0.01977488584816456	0.010055932216346264	0.9869970083236694	0.006930358242243528	0.006072633434087038
188	0.6001909971237183	0.11340931802988052	0.28639963269233704	0.9070298075675964	0.03752615302801132	0.05544409900903702
189	0.0008543378789909184	0.0030259545892477036	0.9961197376251221	0.003358343383297324	0.004208242986351252	0.9924334287643433
190	0.0002612066164147109	0.000886741210706532	0.998852014541626	0.0042653256095945835	0.004536688793450594	0.9911980032920837
191	0.007871925830841064	0.00224986020475626	0.9898781776428223	0.03910674899816513	0.00810231827199459	0.9527909755706787
192	0.09064818918704987	0.020320409908890724	0.8890314102172852	0.1335173398256302	0.023198723793029785	0.8432838916778564
193	0.0004631257907021791	0.0006941211759112775	0.998842716217041	0.0014898126246407628	0.0012483687605708838	0.9972617626190186
194	0.00018419437401462346	0.0005605155602097511	0.9992552399635315	0.012410257011651993	0.0061898683197796345	0.9813998937606812
195	0.6423090100288391	0.2731018662452698	0.08458913862705231	0.9263799786567688	0.03800279647111893	0.035617247223854065
196	0.0001002408898784779	0.0004175088834017515	0.999482274055481	0.0005626658094115555	0.0006167261162772775	0.9988206028938293
197	0.009367752820253372	0.002957515884190798	0.9876747131347656	0.005762829910963774	0.0020895747002214193	0.9921476244926453
198	0.00014956855739001185	0.00044748373329639435	0.9994029998779297	0.002694600261747837	0.0014715525321662426	0.9958338737487793
199	0.0010553434258326888	0.0019362673629075289	0.9970083832740784	0.00041046348633244634	0.0009658714989200234	0.9986237287521362
