0	0.9932895302772522	0.005134230013936758	0.0015762082766741514	0.9920417666435242	0.006233197636902332	0.001725082634948194
1	0.9875670671463013	0.01010989397764206	0.00232303561642766	0.9909690022468567	0.006697756703943014	0.002333214273676276
2	0.9873784184455872	0.005686257965862751	0.006935245357453823	0.985755980014801	0.006622427608817816	0.007621523924171925
3	0.97407066822052	0.013388893567025661	0.01254041027277708	0.9770752191543579	0.01193302497267723	0.010991723276674747
4	0.9945788383483887	0.0030278905760496855	0.0023933646734803915	0.9943721294403076	0.0032794817816466093	0.0023483780678361654
5	0.9599601626396179	0.02463219314813614	0.015407649800181389	0.9735623002052307	0.01719287782907486	0.009244846180081367
6	0.6686459183692932	0.015331222675740719	0.3160229027271271	0.011468385346233845	0.9538972973823547	0.034634340554475784
7	0.8429918885231018	0.10010041296482086	0.05690770223736763	0.9573190808296204	0.019505826756358147	0.023175111040472984
8	0.32072627544403076	0.03814925625920296	0.641124427318573	0.020130064338445663	0.011078792624175549	0.9687911868095398
9	0.9897811412811279	0.004870609380304813	0.005348335951566696	0.30181393027305603	0.1180521547794342	0.5801339149475098
10	0.9628583788871765	0.03362506628036499	0.0035165438894182444	0.18849729001522064	0.7811956405639648	0.030307045206427574
11	0.9913660287857056	0.005209683440625668	0.003424297086894512	0.991702139377594	0.005215909797698259	0.003082003677263856
12	0.9936621189117432	0.004484470468014479	0.001853437628597021	0.9932987093925476	0.004101456142961979	0.002599791856482625
13	0.987644612789154	0.009451396763324738	0.002903992310166359	0.9858109951019287	0.01186167262494564	0.002327344845980406
14	0.9894924163818359	0.008031399920582771	0.0024761559907346964	0.9875338077545166	0.009573102928698063	0.0028930839616805315
15	0.9768387675285339	0.017276061698794365	0.005885197781026363	0.9618489742279053	0.033981502056121826	0.0041695209220051765
16	0.9379090666770935	0.046508822590112686	0.015582163818180561	0.8514950275421143	0.12187353521585464	0.02663140743970871
17	0.9942451119422913	0.0036038749385625124	0.002151134889572859	0.9938533306121826	0.004264212679117918	0.0018825329607352614
18	0.9403225183486938	0.03310411795973778	0.026573320850729942	0.013533957302570343	0.9849742650985718	0.0014917973894625902
19	0.991775631904602	0.005578362848609686	0.0026459330692887306	0.9916166663169861	0.006032104603946209	0.0023511911276727915
20	0.9942295551300049	0.003737527644261718	0.0020328920800238848	0.9918885827064514	0.005139635875821114	0.0029717320576310158
21	0.988751232624054	0.006701511796563864	0.004547294229269028	0.9720883369445801	0.018485931679606438	0.009425765834748745
22	0.991517961025238	0.005331126041710377	0.0031508945394307375	0.9925746917724609	0.005447770468890667	0.0019775209948420525
23	0.9927856922149658	0.004413087386637926	0.0028012513648718596	0.9921924471855164	0.004897465929389	0.0029100936371833086
24	0.9920286536216736	0.006500465329736471	0.0014709640527144074	0.9906594753265381	0.007841530255973339	0.001498977653682232
25	0.981895387172699	0.014555755071341991	0.0035488882567733526	0.9820514917373657	0.014359559863805771	0.003589001717045903
26	0.9705402851104736	0.01679089106619358	0.012668749317526817	0.9496923685073853	0.020663803443312645	0.02964375913143158
27	0.9898654818534851	0.007951133884489536	0.0021833456121385098	0.9934412240982056	0.0054883938282728195	0.0010703771840780973
28	0.6144521832466125	0.04091643542051315	0.34463146328926086	0.21231941878795624	0.023383529856801033	0.7642970681190491
29	0.9879974126815796	0.003460586303845048	0.008541980758309364	0.9962305426597595	0.0016475068405270576	0.0021218284964561462
30	0.7712429761886597	0.044785548001527786	0.18397146463394165	0.6970539689064026	0.0312035009264946	0.27174249291419983
31	0.07466709613800049	0.03478359803557396	0.8905492424964905	0.47960394620895386	0.09644928574562073	0.4239467978477478
32	0.9902698993682861	0.007452388759702444	0.0022777444683015347	0.9875592589378357	0.009455074556171894	0.0029856436885893345
33	0.9767085909843445	0.018607815727591515	0.0046836803667247295	0.9773398041725159	0.014994088560342789	0.007666129618883133
34	0.9646385908126831	0.03332732990384102	0.002034087898209691	0.9686711430549622	0.03044142760336399	0.000887380912899971
35	0.9903621673583984	0.007587694562971592	0.0020500856917351484	0.9925187826156616	0.005865792743861675	0.0016153760952875018
36	0.9843072295188904	0.010704823769629002	0.004987895023077726	0.7813674807548523	0.1741439551115036	0.0444885715842247
37	0.9509865045547485	0.038650669157505035	0.01036277785897255	0.6389591097831726	0.13221438229084015	0.22882643342018127
38	0.9759656190872192	0.02009012922644615	0.003944301046431065	0.4588545858860016	0.5314740538597107	0.00967145711183548
39	0.8466491103172302	0.011591185815632343	0.14175958931446075	0.9868507981300354	0.006437456700950861	0.0067116436548531055
40	0.9536696672439575	0.042991481721401215	0.0033388156443834305	0.8505030870437622	0.09128934890031815	0.05820756033062935
41	0.8654441237449646	0.10782694071531296	0.026728933677077293	0.8888377547264099	0.10694431513547897	0.004217992536723614
42	0.9886865615844727	0.009147527627646923	0.002165891695767641	0.9829177260398865	0.014198249205946922	0.0028840817976742983
43	0.9915207028388977	0.006249638274312019	0.002229745266959071	0.06327161937952042	0.9363276362419128	0.0004006766539532691
44	0.8466491103172302	0.011591185815632343	0.14175958931446075	0.9868507981300354	0.006437456700950861	0.0067116436548531055
45	0.986169695854187	0.010534582659602165	0.0032956930808722973	0.9866369366645813	0.00978229008615017	0.003580829594284296
46	0.9915673136711121	0.004523314069956541	0.003909340128302574	0.9899107813835144	0.005886216182261705	0.004203003831207752
47	0.9808849096298218	0.018138941377401352	0.0009761083638295531	0.978251576423645	0.020166512578725815	0.0015819603577256203
48	0.9592531323432922	0.03357633203268051	0.0071705542504787445	0.982395350933075	0.014080667868256569	0.003523945575580001
49	0.9839475154876709	0.011727813631296158	0.004324737004935741	0.9818028807640076	0.014437616802752018	0.003759609768167138
50	0.7881820797920227	0.05543692409992218	0.1563810110092163	0.6074868440628052	0.09036720544099808	0.30214595794677734
51	0.9928539395332336	0.005872683599591255	0.0012734334450215101	0.9832038879394531	0.015460563823580742	0.001335522043518722
52	0.9922383427619934	0.006363993044942617	0.0013976318296045065	0.9846886396408081	0.01339348778128624	0.0019178306683897972
53	0.9758490324020386	0.01652010716497898	0.0076309675350785255	0.9780199527740479	0.016872195526957512	0.005107827018946409
54	0.991936445236206	0.004250362049788237	0.0038133079651743174	0.9904919266700745	0.0035680020228028297	0.005940075498074293
55	0.9929435849189758	0.005848168395459652	0.0012081274762749672	0.9929373860359192	0.006211249623447657	0.0008514050859957933
56	0.9882171750068665	0.00929215643554926	0.002490677172318101	0.9850654006004333	0.011508060619235039	0.003426629351451993
57	0.6303045749664307	0.040055904537439346	0.3296394646167755	0.8644366264343262	0.027742773294448853	0.107820525765419
58	0.9901448488235474	0.007273498922586441	0.002581652719527483	0.9915531277656555	0.005857023876160383	0.002589782699942589
59	0.992793083190918	0.0056152138859033585	0.0015917276032269	0.9923931360244751	0.005697567481547594	0.0019092871807515621
60	0.9982298016548157	0.0009081161115318537	0.0008621530141681433	0.9976084232330322	0.0010909460252150893	0.0013006520457565784
61	0.9770526885986328	0.009362545795738697	0.01358484011143446	0.9822258949279785	0.008832599967718124	0.00894151534885168
62	0.8061215281486511	0.07287915796041489	0.1209992915391922	0.8975944519042969	0.05730593577027321	0.04509957879781723
63	0.9923156499862671	0.004870375618338585	0.002813902450725436	0.9920215010643005	0.00424619298428297	0.00373239372856915
64	0.9851679801940918	0.012687846086919308	0.002144087105989456	0.9698031544685364	0.011106807738542557	0.01909002847969532
65	0.9406518340110779	0.03091149777173996	0.028436612337827682	0.4885263442993164	0.08397425711154938	0.4274994134902954
66	0.9766111373901367	0.022356748580932617	0.0010321460431441665	0.984714925289154	0.014502959325909615	0.0007820984465070069
67	0.9320231080055237	0.011678287759423256	0.05629848688840866	0.6452253460884094	0.03664034232497215	0.31813427805900574
68	0.9754543304443359	0.021795667707920074	0.002749990439042449	0.9806533455848694	0.017005816102027893	0.0023408657871186733
69	0.9933897256851196	0.004376234486699104	0.00223406869918108	0.9932084679603577	0.004379189107567072	0.0024124032352119684
70	0.9956489205360413	0.002475983463227749	0.0018750206800177693	0.9957326054573059	0.0023746287915855646	0.0018927650526165962
71	0.9909370541572571	0.006637269165366888	0.002425677143037319	0.9774012565612793	0.021610772237181664	0.0009879058925434947
72	0.9965173006057739	0.0021546161733567715	0.0013281068531796336	0.9966493248939514	0.002088709734380245	0.0012620550114661455
73	0.9353722333908081	0.052656352519989014	0.011971427127718925	0.8955723643302917	0.05609837546944618	0.048329174518585205
74	0.9928049445152283	0.005070521496236324	0.0021245351526886225	0.9910702705383301	0.005463824607431889	0.0034659327939152718
75	0.5258492231369019	0.03166954591870308	0.44248124957084656	0.7825847864151001	0.043053872883319855	0.17436133325099945
76	0.995987594127655	0.0026268342044204473	0.0013855419820174575	0.9950317144393921	0.0033341082744300365	0.001634158892557025
77	0.987080991268158	0.011482170782983303	0.0014368209522217512	0.9788402318954468	0.019516589120030403	0.0016432267148047686
78	0.9900924563407898	0.006441121455281973	0.0034663586411625147	0.9903694987297058	0.008053213357925415	0.00157727871555835
79	0.9877495169639587	0.008887901902198792	0.003362530143931508	0.9872658252716064	0.008900186978280544	0.0038339984603226185
80	0.9892489910125732	0.009849149733781815	0.0009018323034979403	0.9841604828834534	0.015042081475257874	0.0007973877945914865
81	0.29248204827308655	0.02348000928759575	0.684037983417511	0.9298151135444641	0.05028294771909714	0.019901860505342484
82	0.9930205941200256	0.004231583327054977	0.0027477846015244722	0.9934616088867188	0.004408309701830149	0.00213006604462862
83	0.021801404654979706	0.00416569784283638	0.9740328788757324	0.10424366593360901	0.016817880794405937	0.8789384365081787
84	0.9927420616149902	0.005803115200251341	0.0014548104954883456	0.9940792322158813	0.004451422486454248	0.0014692959375679493
85	0.9892972111701965	0.007446957752108574	0.003255958901718259	0.9900070428848267	0.006368651986122131	0.003624385455623269
86	0.9758490324020386	0.01652010716497898	0.0076309675350785255	0.9780199527740479	0.016872195526957512	0.005107827018946409
87	0.9922839999198914	0.004480540286749601	0.0032354092691093683	0.9891035556793213	0.008326426148414612	0.00256996788084507
88	0.9792366027832031	0.014084689319133759	0.006678685545921326	0.9722951650619507	0.020768046379089355	0.00693674199283123
89	0.9872021079063416	0.009298781864345074	0.0034991407301276922	0.984351396560669	0.010658123530447483	0.004990564659237862
90	0.9867783784866333	0.009770391508936882	0.0034512588754296303	0.9855389595031738	0.010503009893000126	0.00395811116322875
91	0.04776511341333389	0.05273399129509926	0.8995009064674377	0.010869678109884262	0.007988535799086094	0.9811417460441589
92	0.9891863465309143	0.008368093520402908	0.0024455804377794266	0.990603506565094	0.007577461656183004	0.0018190634436905384
93	0.007991098798811436	0.0022177312057465315	0.989791214466095	0.07368555665016174	0.0030913029331713915	0.9232231974601746
94	0.9865641593933105	0.007525889668613672	0.005909928120672703	0.9830668568611145	0.008500742726027966	0.00843232125043869
95	0.9909720420837402	0.006710478104650974	0.002317566890269518	0.9892852902412415	0.00817717332392931	0.002537523629143834
96	0.9912379384040833	0.006132279057055712	0.0026298046577721834	0.986500084400177	0.011727860197424889	0.0017720501637086272
97	0.9868396520614624	0.00982479564845562	0.003335535991936922	0.990959882736206	0.006367165129631758	0.002672917442396283
98	0.9717766046524048	0.0243842676281929	0.00383905996568501	0.8855592608451843	0.10411392152309418	0.010326827876269817
99	0.9765914678573608	0.012932997196912766	0.010475583374500275	0.9641143083572388	0.028859058395028114	0.007026627194136381
100	0.8169236183166504	0.07149264961481094	0.11158368736505508	0.7824881672859192	0.13115495443344116	0.08635690808296204
101	0.9691420793533325	0.01687275432050228	0.013985122554004192	0.9475497007369995	0.020401623100042343	0.03204876556992531
102	0.9797096252441406	0.009162524715065956	0.011127750389277935	0.9766819477081299	0.008978730998933315	0.014339292421936989
103	0.9900228381156921	0.0074590034782886505	0.0025182038079947233	0.9369935393333435	0.06095477193593979	0.0020516577642410994
104	0.6543439626693726	0.3311116695404053	0.014544338919222355	0.9233032464981079	0.061856310814619064	0.014840438961982727
105	0.9946165680885315	0.004046885296702385	0.001336589572019875	0.9945064187049866	0.004517865367233753	0.000975712260697037
106	0.9928539395332336	0.005872683599591255	0.0012734334450215101	0.9832038879394531	0.015460563823580742	0.001335522043518722
107	0.993198573589325	0.003989908844232559	0.002811503130942583	0.9926397800445557	0.003996478859335184	0.0033638293389230967
108	0.9697716236114502	0.015883516520261765	0.014344854280352592	0.9704064726829529	0.018226172775030136	0.011367271654307842
109	0.9839622974395752	0.004839697387069464	0.011198014952242374	0.9746347069740295	0.013135815039277077	0.012229472398757935
110	0.9763227701187134	0.020877819508314133	0.0027993968687951565	0.9792364835739136	0.017989173531532288	0.0027743044774979353
111	0.9760249257087708	0.018800199031829834	0.005174994934350252	0.9764517545700073	0.02118305116891861	0.0023651323281228542
112	0.9890179634094238	0.008377531543374062	0.002604568377137184	0.9876130223274231	0.009387723170220852	0.0029992179479449987
113	0.9522298574447632	0.015820380300283432	0.031949758529663086	0.9658342003822327	0.021449312567710876	0.012716468423604965
114	0.989456832408905	0.0077681574039161205	0.002775113796815276	0.9915012121200562	0.006938269827514887	0.0015605867374688387
115	0.7728170156478882	0.021950138732790947	0.20523282885551453	0.8730142712593079	0.03775918111205101	0.08922655880451202
116	0.9786685109138489	0.009088071994483471	0.012243416160345078	0.9826112389564514	0.011221740394830704	0.006167038343846798
117	0.9646385908126831	0.03332732990384102	0.002034087898209691	0.9686711430549622	0.03044142760336399	0.000887380912899971
118	0.988679826259613	0.009822674095630646	0.0014975753147155046	0.9536868929862976	0.04255828633904457	0.003754759905859828
119	0.9894846081733704	0.007708259392529726	0.002807110780850053	0.014924583025276661	0.9845402836799622	0.0005351649597287178
120	0.9844294786453247	0.006543189287185669	0.00902741402387619	0.9817132353782654	0.009131224825978279	0.0091555742546916
121	0.9855648875236511	0.01055295579135418	0.003882187884300947	0.985372006893158	0.010577689856290817	0.004050292074680328
122	0.9738165736198425	0.013848856091499329	0.01233452558517456	0.5775229334831238	0.3719583749771118	0.05051868036389351
123	0.00019325243192724884	0.0005184750771149993	0.9992882609367371	0.00019620233797468245	0.0004143220721744001	0.9993894100189209
124	0.9890897870063782	0.006175097078084946	0.0047350917011499405	0.0003219659556634724	0.9994989633560181	0.00017905703862197697
125	0.9692597985267639	0.02078758180141449	0.009952711872756481	0.980509877204895	0.012461772188544273	0.007028362713754177
126	0.9942187070846558	0.003959481604397297	0.0018218052573502064	0.9815475940704346	0.008365039713680744	0.010087402537465096
127	0.9786009192466736	0.013305430300533772	0.008093604817986488	0.9722069501876831	0.018317345529794693	0.009475696831941605
128	0.9696797132492065	0.023264432325959206	0.0070559559389948845	0.971724808216095	0.023932073265314102	0.004343141335994005
129	0.9763477444648743	0.017642755061388016	0.0060095591470599174	0.9863889813423157	0.010349844582378864	0.0032611144706606865
130	0.9724836349487305	0.02185078151524067	0.005665612872689962	0.8251203894615173	0.14503377676010132	0.029845787212252617
131	0.9823019504547119	0.012630647048354149	0.005067487712949514	0.9871994853019714	0.009235311299562454	0.003565205028280616
132	0.9897811412811279	0.004870609380304813	0.005348335951566696	0.30181393027305603	0.1180521547794342	0.5801339149475098
133	0.9902687072753906	0.006167011335492134	0.003564278595149517	0.9903419017791748	0.006917400285601616	0.0027406844310462475
134	0.004693848080933094	0.005270544905215502	0.9900355935096741	0.0071321530267596245	0.012393995188176632	0.9804738759994507
135	0.9922089576721191	0.006232934538275003	0.0015581132611259818	0.9859075546264648	0.011867208406329155	0.0022253552451729774
136	0.9908162355422974	0.005725444760173559	0.003458293154835701	0.9905745387077332	0.005668310914188623	0.0037570761051028967
137	0.990784764289856	0.005756033584475517	0.003459265222772956	0.9912675023078918	0.005681902170181274	0.0030506406910717487
138	0.5179703235626221	0.4774201214313507	0.004609496332705021	0.538246214389801	0.4536718428134918	0.008081904612481594
139	0.9873794317245483	0.01032512728124857	0.002295340411365032	0.9819490313529968	0.01671825535595417	0.0013326444895938039
140	0.6240758299827576	0.07502830028533936	0.30089589953422546	0.17676271498203278	0.05463679879903793	0.7686004638671875
141	0.02167348936200142	0.03707723692059517	0.9412492513656616	0.12926720082759857	0.0552455298602581	0.8154873251914978
142	0.04989652335643768	0.01667878031730652	0.9334247708320618	0.11268952488899231	0.27784791588783264	0.6094624996185303
143	0.9831732511520386	0.014687049202620983	0.0021398181561380625	0.9747913479804993	0.02373349480330944	0.0014750490663573146
144	0.9763102531433105	0.014842171221971512	0.008847658522427082	0.9802491068840027	0.015755409374833107	0.00399555591866374
145	0.9925612807273865	0.006208100356161594	0.0012305420823395252	0.99289470911026	0.005913394968956709	0.0011919514508917928
146	0.9882816672325134	0.005739219486713409	0.005979055538773537	0.9851118922233582	0.006474633701145649	0.008413533680140972
147	0.9801635146141052	0.017417319118976593	0.002419198863208294	0.9922107458114624	0.005757656414061785	0.0020315793808549643
148	0.9795698523521423	0.01071489043533802	0.009715222753584385	0.9121193885803223	0.029389429837465286	0.058491144329309464
149	0.9566150307655334	0.040676943957805634	0.0027080667205154896	0.9431279301643372	0.05240196734666824	0.0044701071456074715
150	0.9928979873657227	0.004807239398360252	0.0022948498371988535	0.9890841841697693	0.0064107198268175125	0.004504989366978407
151	0.8828226327896118	0.03831229731440544	0.07886508107185364	0.9223988652229309	0.03832216188311577	0.039278898388147354
152	0.9664417505264282	0.03140663355588913	0.002151675522327423	0.9889459013938904	0.007500471081584692	0.0035535667557269335
153	0.9932831525802612	0.0055320789106190205	0.0011847935384139419	0.9950260519981384	0.004117109812796116	0.0008568605408072472
154	0.9820755124092102	0.010330777615308762	0.007593654561787844	0.7647493481636047	0.1929263174533844	0.042324330657720566
155	0.9780674576759338	0.01754269190132618	0.004389792215079069	0.9846590757369995	0.012325011193752289	0.0030159843154251575
156	0.9755519032478333	0.02239070273935795	0.0020573220681399107	0.989095151424408	0.006281910464167595	0.004622979089617729
157	0.9958095550537109	0.0024750183802098036	0.0017154720844700933	0.9939588308334351	0.004079414531588554	0.0019617010839283466
158	0.9890387058258057	0.007770967669785023	0.003190286224707961	0.9827342629432678	0.008853557519614697	0.008412178605794907
159	0.9617655873298645	0.03389456868171692	0.004339837934821844	0.969763457775116	0.023035410791635513	0.007201104424893856
160	0.2239268720149994	0.02400575391948223	0.7520673871040344	0.820956826210022	0.14403626322746277	0.03500698134303093
161	0.9430804252624512	0.018409451469779015	0.03851013630628586	0.9523695111274719	0.01821161061525345	0.02941892482340336
162	0.9910473227500916	0.006256074644625187	0.0026966200675815344	0.9880659580230713	0.007501161657273769	0.004432925954461098
163	0.9848018288612366	0.0118938609957695	0.0033042614813894033	0.9853346347808838	0.01145657803863287	0.0032087911386042833
164	0.9961352348327637	0.002466764533892274	0.001397985266521573	0.995187520980835	0.003093676408752799	0.0017187419580295682
165	0.9930296540260315	0.004657966084778309	0.0023124394938349724	0.8291733264923096	0.16948866844177246	0.0013380683958530426
166	0.9831576943397522	0.008569808676838875	0.008272584527730942	0.9863035082817078	0.0076992264948785305	0.005997267551720142
167	0.9853026866912842	0.01293905172497034	0.0017582180444151163	0.9904810786247253	0.00774066848680377	0.001778376754373312
168	0.9873042702674866	0.011316632851958275	0.0013790326192975044	0.9866742491722107	0.01194726675748825	0.0013784877955913544
169	0.993461012840271	0.004794982261955738	0.001743948319926858	0.9930470585823059	0.004887937102466822	0.002065045293420553
170	0.9962813258171082	0.0024610047694295645	0.0012577101588249207	0.9932148456573486	0.005105181597173214	0.001679967506788671
171	0.9900919795036316	0.008340112864971161	0.0015679324278607965	0.9802703857421875	0.017492782324552536	0.002236843341961503
172	0.9631696939468384	0.025167079642415047	0.011663197539746761	0.9699961543083191	0.02606436423957348	0.00393951591104269
173	0.9968497157096863	0.0012445376487448812	0.001905718701891601	0.9943337440490723	0.002342391526326537	0.0033238863106817007
174	0.9907348155975342	0.007302635814994574	0.001962505280971527	0.9839364290237427	0.014989200979471207	0.0010744486935436726
175	0.9705829620361328	0.01770123653113842	0.011715791188180447	0.9787377715110779	0.011088642291724682	0.010173613205552101
176	0.9915385842323303	0.006066007539629936	0.002395311836153269	0.9906024932861328	0.00816438440233469	0.0012330727186053991
177	0.9768587946891785	0.01774674281477928	0.005394412204623222	0.9846182465553284	0.013064121827483177	0.0023175531532615423
178	0.023211583495140076	0.009085441008210182	0.9677029848098755	0.6910239458084106	0.05503074452280998	0.2539452910423279
179	0.9863411784172058	0.00909995473921299	0.004558875225484371	0.992169201374054	0.006132618989795446	0.0016982140950858593
180	0.9906806349754333	0.007453126832842827	0.0018662470392882824	0.9904493689537048	0.007635984569787979	0.001914641004987061
181	0.343368262052536	0.040741730481386185	0.6158900260925293	0.9765601754188538	0.010616798885166645	0.012822985649108887
182	0.980820894241333	0.01422466803342104	0.004954438656568527	0.9819568395614624	0.013912446796894073	0.004130753688514233
183	0.6875061988830566	0.018837811425328255	0.29365599155426025	0.7838726043701172	0.0312964990735054	0.184830904006958
184	0.9875819683074951	0.005451652221381664	0.0069663384929299355	0.9879801869392395	0.005434888415038586	0.006584932561963797
185	0.987431526184082	0.010725916363298893	0.0018425318412482738	0.9947476983070374	0.0031844296026974916	0.002067836234346032
186	0.994147539138794	0.003767227753996849	0.0020852438174188137	0.9927244782447815	0.0036506291944533587	0.0036248841788619757
187	0.9552245140075684	0.022773222997784615	0.022002262994647026	0.9730024337768555	0.02328890562057495	0.0037086440715938807
188	0.9724836349487305	0.02185078151524067	0.005665612872689962	0.8251203894615173	0.14503377676010132	0.029845787212252617
189	0.9451594948768616	0.017729125916957855	0.037111394107341766	0.977367103099823	0.008815614506602287	0.013817355036735535
190	0.985395073890686	0.008184933103621006	0.006419993005692959	0.9425480365753174	0.05624997243285179	0.0012019274290651083
191	0.9879974126815796	0.003460586303845048	0.008541980758309364	0.9962305426597595	0.0016475068405270576	0.0021218284964561462
192	0.9907077550888062	0.00676643056795001	0.0025258164387196302	0.9896682500839233	0.007167324423789978	0.0031643658876419067
193	0.8709499835968018	0.015219775959849358	0.11383029073476791	0.009204352274537086	0.002569384640082717	0.9882262349128723
194	0.990980327129364	0.007147316355258226	0.001872363849543035	0.9909176230430603	0.00723789120092988	0.0018445535097271204
195	0.979220986366272	0.014837918803095818	0.0059411050751805305	0.9789270758628845	0.015333577990531921	0.005739432759582996
196	0.9915042519569397	0.0053945486433804035	0.0031011246610432863	0.991248607635498	0.005885170307010412	0.00286626978777349
197	0.7234902381896973	0.017317023128271103	0.25919270515441895	0.1594134122133255	0.008725345134735107	0.8318612575531006
198	0.9061518907546997	0.02131258137524128	0.07253547012805939	0.9615359902381897	0.02776665799319744	0.010697424411773682
199	0.9880528450012207	0.010042767971754074	0.001904404372908175	0.9777014255523682	0.017140720039606094	0.0051579102873802185
