0	0.7312058210372925	0.11011605709791183	0.15867815911769867	0.8460451364517212	0.07119693607091904	0.082757867872715
1	0.26560327410697937	0.6962029933929443	0.03819381445646286	0.9744069576263428	0.019801441580057144	0.005791657138615847
2	0.4734610915184021	0.48134034872055054	0.04519851133227348	0.9215348958969116	0.07016287744045258	0.00830217357724905
3	0.616752028465271	0.32486993074417114	0.05837809294462204	0.9552577137947083	0.03322521224617958	0.011517008766531944
4	0.9283961653709412	0.06114521250128746	0.010458624921739101	0.9751023054122925	0.021767258644104004	0.003130450611934066
5	0.9096084237098694	0.07395504415035248	0.016436530277132988	0.9230162501335144	0.06356983631849289	0.01341385766863823
6	0.19416896998882294	0.7541671991348267	0.051663778722286224	0.8766664266586304	0.07695084065198898	0.046382684260606766
7	0.00023921372485347092	0.0002768385747913271	0.9994839429855347	0.0005096803070046008	0.0006182542419992387	0.9988721013069153
8	0.7150627374649048	0.2687222361564636	0.016215136274695396	0.9861792325973511	0.009535369463264942	0.004285425879061222
9	0.661592960357666	0.1701255440711975	0.1682814210653305	0.863035261631012	0.12173867225646973	0.015226135030388832
10	0.5873343348503113	0.3003300130367279	0.1123356744647026	0.9604305624961853	0.03174787387251854	0.007821593433618546
11	0.7320361137390137	0.15834516286849976	0.10961878299713135	0.7936943769454956	0.14777065813541412	0.05853501707315445
12	0.94101881980896	0.05596780776977539	0.0030133267864584923	0.9863588213920593	0.011575091630220413	0.002066057873889804
13	0.002870786702260375	0.002820464549586177	0.9943087697029114	0.04442061856389046	0.03320325165987015	0.9223761558532715
14	0.11064561456441879	0.12497298419475555	0.764381468296051	0.5619201064109802	0.09899081289768219	0.339089035987854
15	0.1893126219511032	0.6716408729553223	0.13904651999473572	0.4605439007282257	0.06904791295528412	0.47040820121765137
16	0.7629525065422058	0.22057710587978363	0.016470303758978844	0.9685690402984619	0.024836407974362373	0.006594548933207989
17	0.06649480760097504	0.06599725782871246	0.8675079345703125	0.2088235467672348	0.03416835516691208	0.7570080757141113
18	0.9368196129798889	0.047290999442338943	0.01588941551744938	0.9904849529266357	0.006691347807645798	0.0028237728402018547
19	0.7020202279090881	0.27397865056991577	0.02400115132331848	0.9750629663467407	0.019631171599030495	0.005305877421051264
20	0.8023905158042908	0.18458081781864166	0.013028624467551708	0.965493381023407	0.03029046580195427	0.0042162188328802586
21	0.5033774375915527	0.3246636688709259	0.17195886373519897	0.8240566253662109	0.037672124803066254	0.1382712721824646
22	0.9039232134819031	0.08150932192802429	0.014567448757588863	0.95728600025177	0.029079601168632507	0.013634384609758854
23	0.6524143218994141	0.21796807646751404	0.1296175867319107	0.9488050937652588	0.04049024358391762	0.010704655200242996
24	0.9148784279823303	0.07909359782934189	0.0060279821045696735	0.9744647741317749	0.019539033994078636	0.00599622493609786
25	0.09999570995569229	0.5911633372306824	0.30884090065956116	0.3968501687049866	0.34339502453804016	0.2597547471523285
26	0.9252182841300964	0.06972420960664749	0.005057526286691427	0.9832134246826172	0.014149707742035389	0.002636790508404374
27	0.8742592334747314	0.11680759489536285	0.00893322005867958	0.9874962568283081	0.008296742103993893	0.004207019228488207
28	0.04263804480433464	0.1772625893354416	0.7800993323326111	0.2942732274532318	0.07623864710330963	0.6294881105422974
29	0.39351677894592285	0.5865678787231445	0.019915347918868065	0.9683535695075989	0.02938825823366642	0.002258130582049489
30	0.03831564262509346	0.16869278252124786	0.7929916381835938	0.10290663689374924	0.09458489716053009	0.8025084733963013
31	0.49576231837272644	0.33406734466552734	0.1701703667640686	0.7680468559265137	0.0897354707121849	0.14221765100955963
32	0.9405630230903625	0.05703921616077423	0.0023977800738066435	0.9504404067993164	0.046544741839170456	0.0030148883815854788
33	0.3798033595085144	0.576352059841156	0.043844595551490784	0.9807615876197815	0.014350521378219128	0.004887902643531561
34	0.8116378784179688	0.13870306313037872	0.04965897276997566	0.9649674892425537	0.03133133053779602	0.003701153676956892
35	0.07933202385902405	0.05293012782931328	0.8677378296852112	0.17244921624660492	0.03725496307015419	0.7902958393096924
36	0.5564190149307251	0.40995898842811584	0.03362198546528816	0.8518883585929871	0.07823875546455383	0.06987281143665314
37	0.26501238346099854	0.2863259017467499	0.44866180419921875	0.8185604214668274	0.09299097955226898	0.08844860643148422
38	0.9598228335380554	0.03473426029086113	0.005442796275019646	0.9819341897964478	0.015580796636641026	0.0024849947076290846
39	0.956028938293457	0.03903359919786453	0.004937461577355862	0.9902713894844055	0.007385239936411381	0.0023432790767401457
40	0.7210711240768433	0.16557370126247406	0.11335518956184387	0.8307825326919556	0.039014991372823715	0.13020241260528564
41	0.07923536002635956	0.059811268001794815	0.8609533905982971	0.2061399221420288	0.04826148971915245	0.745598554611206
42	0.6422451138496399	0.25708237290382385	0.10067251324653625	0.422966331243515	0.5243806838989258	0.05265301838517189
43	0.3900977075099945	0.3428163230419159	0.2670859098434448	0.5947604179382324	0.14191190898418427	0.2633277177810669
44	0.08214280754327774	0.09357398748397827	0.8242831826210022	0.19309021532535553	0.052947916090488434	0.7539618611335754
45	0.7929971814155579	0.19684866070747375	0.010154089890420437	0.9726762771606445	0.02443619817495346	0.0028875579591840506
46	0.048113010823726654	0.8740081787109375	0.07787884771823883	0.9103313684463501	0.06057233363389969	0.02909623458981514
47	0.8466008305549622	0.13836394250392914	0.015035128220915794	0.9730926156044006	0.01711328513920307	0.009794170036911964
48	0.783532440662384	0.18570393323898315	0.03076361119747162	0.9528537392616272	0.03525318577885628	0.011893066577613354
49	0.001080316142179072	0.9953911304473877	0.003528632689267397	0.9333948493003845	0.0646188035607338	0.0019864158239215612
50	0.025960342958569527	0.5456076264381409	0.42843207716941833	0.521753191947937	0.20166350901126862	0.2765832543373108
51	0.35584089159965515	0.5925753712654114	0.051583826541900635	0.9716759920120239	0.02095506526529789	0.007368935737758875
52	0.7895960211753845	0.19873636960983276	0.011667640879750252	0.9672551155090332	0.02582738734781742	0.006917539983987808
53	0.469975084066391	0.4574591815471649	0.07256574928760529	0.9729012846946716	0.019872941076755524	0.007225752342492342
54	0.13767555356025696	0.7870435118675232	0.07528091967105865	0.45783063769340515	0.3274328112602234	0.21473661065101624
55	0.021000998094677925	0.1750389188528061	0.8039600849151611	0.051977235823869705	0.14281508326530457	0.8052077293395996
56	0.7569459080696106	0.1438206136226654	0.09923353046178818	0.27257752418518066	0.3562282621860504	0.3711942434310913
57	0.9613118171691895	0.0352320522069931	0.0034561592619866133	0.9902273416519165	0.007552692200988531	0.0022199200466275215
58	0.5054897665977478	0.2061985731124878	0.288311630487442	0.8711972236633301	0.09298194944858551	0.03582090884447098
59	0.9405113458633423	0.04058394581079483	0.018904734402894974	0.9742243885993958	0.013705603778362274	0.012069981545209885
60	0.3815270662307739	0.5162913799285889	0.10218151658773422	0.7379336953163147	0.14558878540992737	0.11647749692201614
61	0.9168155193328857	0.07490041106939316	0.008284111507236958	0.9522364735603333	0.0443553626537323	0.003408163320273161
62	0.6436678767204285	0.3148409426212311	0.041491176933050156	0.8828290700912476	0.0961538702249527	0.02101714164018631
63	0.03520022705197334	0.3582397401332855	0.6065600514411926	0.6035133600234985	0.19691330194473267	0.19957342743873596
64	0.8040198683738708	0.1466936618089676	0.049286436289548874	0.9424760341644287	0.04586408659815788	0.01165985967963934
65	0.13899026811122894	0.04281437024474144	0.8181953430175781	0.08688744902610779	0.026408137753605843	0.8867044448852539
66	0.8805022239685059	0.1053091287612915	0.014188653789460659	0.987694501876831	0.009106107987463474	0.0031993684824556112
67	0.8492200374603271	0.11931247264146805	0.03146751597523689	0.9667693972587585	0.02895195595920086	0.004278633743524551
68	0.5748867988586426	0.26319029927253723	0.16192293167114258	0.6027215719223022	0.10148750245571136	0.2957909107208252
69	0.8845890164375305	0.10973788797855377	0.0056730215437710285	0.9824033975601196	0.015323652885854244	0.0022728557232767344
70	0.013798609375953674	0.5869444608688354	0.3992569148540497	0.45749154686927795	0.15774618089199066	0.3847622275352478
71	0.20400427281856537	0.2104589194059372	0.585536777973175	0.9709057211875916	0.02324715442955494	0.005847135558724403
72	0.15204337239265442	0.1683853417634964	0.6795713305473328	0.30638256669044495	0.04191434755921364	0.6517031192779541
73	0.21449397504329681	0.2116004228591919	0.5739055871963501	0.9702409505844116	0.014142025262117386	0.01561701763421297
74	0.9295894503593445	0.06458596885204315	0.005824549123644829	0.9883495569229126	0.008717421442270279	0.0029330698307603598
75	0.898234486579895	0.09035530686378479	0.011410260573029518	0.9813959002494812	0.015821993350982666	0.0027821080293506384
76	0.07150758802890778	0.5299659967422485	0.3985264003276825	0.3263862431049347	0.567060649394989	0.1065531000494957
77	0.975236713886261	0.022067774087190628	0.0026955564972013235	0.973326563835144	0.023671161383390427	0.0030023083090782166
78	0.6309654712677002	0.3550204336643219	0.014014051295816898	0.9060124754905701	0.08829613775014877	0.005691478028893471
79	0.8760614991188049	0.10862257331609726	0.01531583908945322	0.9050014019012451	0.07902638614177704	0.015972189605236053
80	0.1808365434408188	0.16876286268234253	0.6504005789756775	0.19964025914669037	0.1504932940006256	0.6498664617538452
81	0.26287561655044556	0.7205729484558105	0.01655144989490509	0.9718722105026245	0.024865154176950455	0.0032625931780785322
82	0.8290111422538757	0.15877041220664978	0.012218478135764599	0.9224314093589783	0.07480839639902115	0.0027601381298154593
83	0.20421196520328522	0.06514976918697357	0.7306382060050964	0.051873497664928436	0.04261329770088196	0.9055131673812866
84	0.12557286024093628	0.07867512851953506	0.7957520484924316	0.7970520853996277	0.06431093066930771	0.13863703608512878
85	0.39120593667030334	0.5159870982170105	0.09280690550804138	0.14613750576972961	0.8304368257522583	0.023425716906785965
86	0.23553909361362457	0.524085521697998	0.24037539958953857	0.9786281585693359	0.015963101759552956	0.005408668890595436
87	0.07974067330360413	0.4237408936023712	0.49651840329170227	0.7582392692565918	0.1837749183177948	0.05798579007387161
88	0.8905079364776611	0.09094346314668655	0.018548576161265373	0.9864959120750427	0.010000347159802914	0.003503772895783186
89	0.5266950726509094	0.3657834529876709	0.10752145946025848	0.818414568901062	0.0996096134185791	0.08197584748268127
90	0.34594130516052246	0.2872258424758911	0.3668328523635864	0.7865337133407593	0.0565192811191082	0.1569470465183258
91	0.6411787271499634	0.21544323861598969	0.14337804913520813	0.941015899181366	0.04174184054136276	0.017242340371012688
92	0.5562258362770081	0.38620859384536743	0.057565610855817795	0.9427408576011658	0.04459018632769585	0.012668965384364128
93	0.5104297399520874	0.37426143884658813	0.11530870199203491	0.8110781908035278	0.13175338506698608	0.0571683906018734
94	0.7925524115562439	0.1930185705423355	0.014429018832743168	0.9302095174789429	0.05565645918250084	0.014134026132524014
95	0.9609161615371704	0.03677434101700783	0.002309429459273815	0.9731980562210083	0.025206582620739937	0.0015953703550621867
96	0.4866677224636078	0.23183901607990265	0.2814931869506836	0.8942067623138428	0.058036092668771744	0.04775713384151459
97	0.3275836110115051	0.34249448776245117	0.3299218714237213	0.7895708084106445	0.11805595457553864	0.09237314015626907
98	0.7119811773300171	0.2422025203704834	0.04581627622246742	0.7959026098251343	0.17794950306415558	0.02614792250096798
99	0.9358500242233276	0.06024693325161934	0.0039030006155371666	0.9801428914070129	0.016921626403927803	0.0029353683348745108
100	0.20569871366024017	0.761486828327179	0.03281446546316147	0.9490917325019836	0.03723594546318054	0.013672388158738613
101	0.861518144607544	0.08528205752372742	0.05319981276988983	0.8905693888664246	0.09134470671415329	0.018085911870002747
102	0.8485201001167297	0.12085861712694168	0.03062128648161888	0.9709795713424683	0.02246890962123871	0.006551562342792749
103	0.8629289269447327	0.09388437122106552	0.043186768889427185	0.9622148275375366	0.03364641219377518	0.004138818942010403
104	0.5883057117462158	0.38478779792785645	0.026906471699476242	0.7958846688270569	0.12662266194820404	0.07749269902706146
105	0.7345232367515564	0.23291777074337006	0.03255893290042877	0.5700092911720276	0.4055292308330536	0.02446145936846733
106	0.5925070643424988	0.3629923164844513	0.04450060427188873	0.9283555746078491	0.04760928452014923	0.024035073816776276
107	0.752043604850769	0.23826269805431366	0.009693692438304424	0.9883834719657898	0.009945554658770561	0.001671035191975534
108	0.8350911140441895	0.14079870283603668	0.024110158905386925	0.9779161810874939	0.018857315182685852	0.0032265109475702047
109	0.8213208913803101	0.15579853951931	0.022880565375089645	0.9715560078620911	0.024616211652755737	0.003827792825177312
110	0.7231327295303345	0.26642176508903503	0.01044552493840456	0.9702668786048889	0.027309076860547066	0.002424068981781602
111	0.893566370010376	0.06779507547616959	0.03863849118351936	0.954088032245636	0.02772923745214939	0.018182799220085144
112	0.046593841165304184	0.9456965923309326	0.007709530647844076	0.9584828019142151	0.02135402150452137	0.020163120701909065
113	0.9245515465736389	0.06278390437364578	0.012664441019296646	0.9849424362182617	0.013142168521881104	0.001915363478474319
114	0.5721345543861389	0.21766343712806702	0.21020202338695526	0.8902832865715027	0.03289547190070152	0.07682124525308609
115	0.5445608496665955	0.4328514337539673	0.022587712854146957	0.9592318534851074	0.03189912065863609	0.00886907521635294
116	0.5506757497787476	0.28685784339904785	0.1624663919210434	0.9620767831802368	0.03307262063026428	0.004850595723837614
117	0.10490136593580246	0.3371135890483856	0.5579850077629089	0.3991028070449829	0.1361972689628601	0.4646998941898346
118	0.9010397791862488	0.08820000290870667	0.010760282166302204	0.9370343685150146	0.05609709769487381	0.006868502590805292
119	0.15190540254116058	0.5832369923591614	0.26485762000083923	0.7164623141288757	0.1796589344739914	0.10387875139713287
120	0.9698227643966675	0.027020564302802086	0.0031567085534334183	0.9877033233642578	0.009730865247547626	0.0025657471269369125
121	0.8126075863838196	0.1625639647245407	0.02482845075428486	0.8985373377799988	0.07606879621744156	0.025393811985850334
122	0.7973989248275757	0.1814173012971878	0.0211836788803339	0.9418591260910034	0.037968073040246964	0.020172875374555588
123	0.9160254001617432	0.0604185089468956	0.02355612814426422	0.9840362668037415	0.011028905399143696	0.004934878088533878
124	0.7027267217636108	0.2528057396411896	0.04446757584810257	0.9715438485145569	0.02011636458337307	0.00833976361900568
125	0.24828365445137024	0.4688827693462372	0.28283360600471497	0.46507659554481506	0.4351080656051636	0.09981530159711838
126	0.7833167314529419	0.19732193648815155	0.019361350685358047	0.9892833232879639	0.008349896408617496	0.0023667674977332354
127	0.36785799264907837	0.598736047744751	0.03340602666139603	0.5399305820465088	0.36351409554481506	0.09655530005693436
128	0.6024271249771118	0.3391838073730469	0.05838901177048683	0.9589548110961914	0.022357037290930748	0.01868807151913643
129	0.7726436257362366	0.21860714256763458	0.008749284781515598	0.9839606285095215	0.013812832534313202	0.0022265042643994093
130	0.7891314625740051	0.20740172266960144	0.003466798225417733	0.9660946130752563	0.03244807943701744	0.001457338803447783
131	0.7554370760917664	0.23214507102966309	0.01241784542798996	0.9782058000564575	0.01832534372806549	0.0034688294399529696
132	0.5741860866546631	0.35314297676086426	0.07267096638679504	0.9757924675941467	0.018309732899069786	0.00589772267267108
133	0.5713216066360474	0.19452616572380066	0.23415224254131317	0.8399661779403687	0.09451976418495178	0.06551399827003479
134	0.9200534224510193	0.06510293483734131	0.014843606390058994	0.9833758473396301	0.013024569489061832	0.003599636722356081
135	0.7987849116325378	0.15782850980758667	0.04338666796684265	0.9804806113243103	0.01601462997496128	0.003504763823002577
136	0.6250050663948059	0.20261533558368683	0.17237959802150726	0.8538041710853577	0.07856982946395874	0.06762600690126419
137	0.04904773831367493	0.016346782445907593	0.9346055388450623	0.06025021895766258	0.05979098379611969	0.8799587488174438
138	0.020156750455498695	0.015788104385137558	0.9640551209449768	0.026839321479201317	0.04191578924655914	0.9312448501586914
139	0.782305896282196	0.1307278424501419	0.08696627616882324	0.9589676856994629	0.029850216582417488	0.011182145215570927
140	0.9001896381378174	0.09145445376634598	0.008355889469385147	0.9880027770996094	0.009037425741553307	0.0029597908724099398
141	0.13872456550598145	0.13852302730083466	0.7227524518966675	0.4758260250091553	0.10396534204483032	0.4202086329460144
142	0.3969215154647827	0.5744108557701111	0.028667578473687172	0.9524196982383728	0.041781891137361526	0.005798336584120989
143	0.9717200994491577	0.02477947436273098	0.0035003747325390577	0.973821759223938	0.023248936980962753	0.002929240232333541
144	0.9071434736251831	0.07821249216794968	0.014643981121480465	0.9871653318405151	0.009947573766112328	0.002887137932702899
145	0.9310005307197571	0.06605315208435059	0.0029462806414812803	0.9761468768119812	0.021625593304634094	0.002227470278739929
146	0.5278592705726624	0.4109106957912445	0.061229996383190155	0.9771604537963867	0.020556002855300903	0.0022835026029497385
147	0.42199698090553284	0.34325000643730164	0.23475298285484314	0.9642561674118042	0.024662353098392487	0.0110814543440938
148	0.3716391921043396	0.6071517467498779	0.021209044381976128	0.9473835825920105	0.04237751290202141	0.010238857939839363
149	0.12461764365434647	0.2508406937122345	0.6245416402816772	0.1236506775021553	0.2751680910587311	0.6011812090873718
150	0.02039632946252823	0.9655874967575073	0.014016112312674522	0.917708158493042	0.05601368099451065	0.02627815119922161
151	0.834948718547821	0.1083344966173172	0.056716710329055786	0.957809567451477	0.03621320426464081	0.005977299064397812
152	0.13747233152389526	0.060768283903598785	0.8017593622207642	0.13228058815002441	0.06138145923614502	0.8063379526138306
153	0.7863656878471375	0.1502409279346466	0.06339334696531296	0.985829770565033	0.01119925081729889	0.0029710272792726755
154	0.060534823685884476	0.25067827105522156	0.6887868642807007	0.15795224905014038	0.10440868139266968	0.7376390099525452
155	0.6313286423683167	0.20402951538562775	0.16464173793792725	0.8624594211578369	0.09864521026611328	0.03889530897140503
156	0.8883519768714905	0.10400568693876266	0.0076423645950853825	0.9851251840591431	0.013285529799759388	0.0015892904484644532
157	0.9246659278869629	0.061129920184612274	0.014204180799424648	0.9750995635986328	0.0207980889827013	0.00410232599824667
158	0.6023162007331848	0.2699168026447296	0.12776699662208557	0.6335728168487549	0.2675796449184418	0.09884756058454514
159	0.5112527012825012	0.38532501459121704	0.10342232137918472	0.9747416377067566	0.017250729724764824	0.008007680997252464
160	0.9021967053413391	0.07730542123317719	0.020497938618063927	0.9864113926887512	0.01070693414658308	0.0028816992416977882
161	0.8309034109115601	0.1496955007314682	0.019401133060455322	0.9636750221252441	0.02728588692843914	0.009039150550961494
162	0.7534070611000061	0.13812726736068726	0.10846565663814545	0.7656049728393555	0.09048930555582047	0.14390577375888824
163	0.8478609323501587	0.12819144129753113	0.023947622627019882	0.9647288918495178	0.027227619662880898	0.008043586276471615
164	0.3315001428127289	0.2252250462770462	0.44327476620674133	0.1974269598722458	0.2721084952354431	0.5304645895957947
165	0.12664268910884857	0.36304590106010437	0.5103114247322083	0.4064752161502838	0.3325088322162628	0.2610158920288086
166	0.874953031539917	0.11862284690141678	0.006424048915505409	0.9790706634521484	0.01794140599668026	0.0029878851491957903
167	0.8862536549568176	0.10010350495576859	0.013642843812704086	0.9859391450881958	0.01198037713766098	0.002080483129248023
168	0.7713833451271057	0.12620463967323303	0.10241198539733887	0.9800875782966614	0.01565413922071457	0.00425827456638217
169	0.35158124566078186	0.09493917971849442	0.5534796118736267	0.6865653395652771	0.12123845517635345	0.19219619035720825
170	0.2557055950164795	0.7125619053840637	0.03173257037997246	0.9643945693969727	0.028886703774333	0.006718691438436508
171	0.7117053866386414	0.25963470339775085	0.02865990623831749	0.8565636873245239	0.05918007716536522	0.08425627648830414
172	0.5612807869911194	0.1731969267129898	0.2655223309993744	0.826253354549408	0.07391496002674103	0.09983170032501221
173	0.7009333372116089	0.2635635435581207	0.035503096878528595	0.6142374277114868	0.36174851655960083	0.024014074355363846
174	0.35805001854896545	0.297493577003479	0.34445640444755554	0.8973428010940552	0.06443265080451965	0.038224607706069946
175	0.053379133343696594	0.899489164352417	0.047131724655628204	0.1907147318124771	0.6912765502929688	0.11800874769687653
176	0.35666513442993164	0.6078629493713379	0.03547200933098793	0.9545067548751831	0.04016603156924248	0.005327180493623018
177	0.03494967520236969	0.5111656785011292	0.4538846015930176	0.5094608068466187	0.08142946660518646	0.40910980105400085
178	0.21642573177814484	0.5293402671813965	0.2542339861392975	0.12622620165348053	0.7430768013000488	0.13069704174995422
179	0.7865575551986694	0.20355947315692902	0.009883010759949684	0.9696372151374817	0.026678109541535378	0.003684703493490815
180	0.013007432222366333	0.9390836358070374	0.047908950597047806	0.9427880048751831	0.0506153479218483	0.006596707738935947
181	0.8271735906600952	0.09806441515684128	0.07476197928190231	0.8678358197212219	0.11578373610973358	0.016380395740270615
182	0.7590078115463257	0.22227589786052704	0.018716275691986084	0.9852862358093262	0.010566480457782745	0.00414717523381114
183	0.8722400069236755	0.12139803171157837	0.0063620079308748245	0.9742801785469055	0.022017396986484528	0.003702431684359908
184	0.45344144105911255	0.47623953223228455	0.0703190267086029	0.9661931991577148	0.01949145644903183	0.014315439388155937
185	0.3458097577095032	0.5923012495040894	0.06188895180821419	0.9353411197662354	0.058080289512872696	0.00657853065058589
186	0.42052677273750305	0.4729301929473877	0.10654294490814209	0.40679797530174255	0.5395641326904297	0.05363788455724716
187	0.8015570640563965	0.17947080731391907	0.018972188234329224	0.9815837740898132	0.013542477041482925	0.004873701836913824
188	0.9144350290298462	0.042420532554388046	0.04314441978931427	0.9739248156547546	0.01694329082965851	0.00913186464458704
189	0.45387181639671326	0.4506953954696655	0.09543273597955704	0.899751603603363	0.07207481563091278	0.028173672035336494
190	0.6013646125793457	0.2827289402484894	0.1159064993262291	0.8765401840209961	0.09602737426757812	0.027432426810264587
191	0.680506706237793	0.1505240499973297	0.1689692735671997	0.6861927509307861	0.05458955094218254	0.2592177391052246
192	0.026035411283373833	0.08463878184556961	0.8893257975578308	0.06743807345628738	0.06302595138549805	0.8695359230041504
193	0.9698001146316528	0.028104739263653755	0.002095144474878907	0.9898656010627747	0.007960919290781021	0.0021734810434281826
194	0.8205767273902893	0.053398389369249344	0.12602490186691284	0.40785807371139526	0.035263389348983765	0.5568785071372986
195	0.8974606990814209	0.06383804976940155	0.03870129585266113	0.9720359444618225	0.023742550984025	0.004221493843942881
196	0.02393820881843567	0.9559904932975769	0.02007121965289116	0.9220944046974182	0.07389224320650101	0.004013357684016228
197	0.8924393057823181	0.09403669089078903	0.013523992151021957	0.9826071858406067	0.014509954489767551	0.002882828237488866
198	0.9134213924407959	0.08074772357940674	0.005830851849168539	0.9864336252212524	0.011820631101727486	0.0017457976937294006
199	0.8945163488388062	0.08885582536458969	0.016627905890345573	0.9650295376777649	0.028078550472855568	0.006891955155879259
