0	0.021738970652222633	0.9735885262489319	0.004672536160796881	0.9772153496742249	0.017762713134288788	0.00502184871584177
1	0.038815710693597794	0.9459567070007324	0.01522756740450859	0.9752006530761719	0.01948029175400734	0.005319044925272465
2	0.24489837884902954	0.6308085322380066	0.12429308146238327	0.9711490869522095	0.02027231454849243	0.00857854075729847
3	0.25697168707847595	0.7275074124336243	0.015520866960287094	0.9836998581886292	0.014058781787753105	0.0022412764374166727
4	0.13217170536518097	0.8608632683753967	0.006964976899325848	0.970334529876709	0.026359476149082184	0.0033060533460229635
5	0.2786312997341156	0.6918531060218811	0.029515601694583893	0.968848705291748	0.025354130193591118	0.005797161720693111
6	0.03580499067902565	0.9588139653205872	0.0053810132667422295	0.9771562814712524	0.014392348937690258	0.0084513695910573
7	0.21139341592788696	0.7430010437965393	0.045605506747961044	0.9727855324745178	0.02253228984773159	0.004682214930653572
8	0.20889200270175934	0.7786068320274353	0.012501177377998829	0.9372076392173767	0.055707015097141266	0.007085375487804413
9	0.07875574380159378	0.7451993823051453	0.17604488134384155	0.4802047312259674	0.058712150901556015	0.46108317375183105
10	0.07444941252470016	0.900834321975708	0.024716272950172424	0.9604871869087219	0.024618785828351974	0.014894024468958378
11	0.2553519308567047	0.7282882332801819	0.01635989546775818	0.958815336227417	0.0358087383210659	0.005376022774726152
12	0.04690232500433922	0.9417861700057983	0.011311488226056099	0.965912401676178	0.029039811342954636	0.0050478181801736355
13	0.08213789016008377	0.912788450717926	0.00507359579205513	0.9471099972724915	0.04359280318021774	0.009297225624322891
14	0.4723702669143677	0.5071102976799011	0.020519405603408813	0.9605898261070251	0.03237012028694153	0.007040009833872318
15	0.19112741947174072	0.7957781553268433	0.013094400987029076	0.9786730408668518	0.01760280504822731	0.0037241759710013866
16	0.288798987865448	0.6948012709617615	0.016399675980210304	0.9582601189613342	0.03685074672102928	0.0048891701735556126
17	0.08936669677495956	0.9050424098968506	0.005590979475528002	0.9790494441986084	0.016752876341342926	0.004197599831968546
18	0.44298189878463745	0.544803261756897	0.0122147798538208	0.9839627146720886	0.013937543146312237	0.002099784789606929
19	0.6968695521354675	0.29582589864730835	0.007304445840418339	0.977837085723877	0.01874881237745285	0.0034140932839363813
20	0.0693606436252594	0.9222438931465149	0.008395428769290447	0.9779545068740845	0.019629251211881638	0.002416313625872135
21	0.15633296966552734	0.8314568400382996	0.012210148386657238	0.9612851738929749	0.0337035097181797	0.005011322442442179
22	0.06556851416826248	0.9287484288215637	0.005682977847754955	0.9834913611412048	0.013105740770697594	0.0034029092639684677
23	0.1781286597251892	0.8038389086723328	0.01803242601454258	0.9859208464622498	0.011469517834484577	0.002609641058370471
24	0.10843497514724731	0.8843027353286743	0.007262267172336578	0.9850711822509766	0.011125323362648487	0.0038035160396248102
25	0.31225356459617615	0.6700923442840576	0.0176540594547987	0.918864369392395	0.06062949448823929	0.020506175234913826
26	0.1995517462491989	0.7911823987960815	0.009265821427106857	0.9561033844947815	0.03691313788294792	0.006983580067753792
27	0.16117125749588013	0.8337686657905579	0.005060101393610239	0.9788508415222168	0.015163008123636246	0.005986140109598637
28	0.17912591993808746	0.806395947933197	0.014478158205747604	0.9375293850898743	0.04691139608621597	0.015559190884232521
29	0.03744559362530708	0.9549846649169922	0.007569709327071905	0.9674994349479675	0.024976050481200218	0.007524573709815741
30	0.4641953110694885	0.5311188697814941	0.004685800056904554	0.9802640676498413	0.017086099833250046	0.0026497889775782824
31	0.3119148910045624	0.6793146729469299	0.0087704723700881	0.9694786667823792	0.025231922045350075	0.0052893939428031445
32	0.2760102152824402	0.7178449630737305	0.0061447774060070515	0.9740635752677917	0.022680286318063736	0.0032561453990638256
33	0.09700575470924377	0.875338077545166	0.027656178921461105	0.9774599075317383	0.018921835348010063	0.003618278307840228
34	0.0675613135099411	0.9149102568626404	0.017528388649225235	0.9778081178665161	0.019435996189713478	0.002755912486463785
35	0.4922518730163574	0.4973229765892029	0.010425149463117123	0.9738737940788269	0.021739637479186058	0.004386537708342075
36	0.12978358566761017	0.8629782199859619	0.007238231599330902	0.9742386937141418	0.022246219217777252	0.0035151750780642033
37	0.13621662557125092	0.8466954231262207	0.01708792708814144	0.981117308139801	0.016413575038313866	0.0024691137950867414
38	0.39827772974967957	0.5645426511764526	0.037179507315158844	0.9452027082443237	0.04486098885536194	0.00993631687015295
39	0.2689281105995178	0.7228913307189941	0.008180501870810986	0.9820688366889954	0.015094821341335773	0.002836261410266161
40	0.5856754779815674	0.3804495930671692	0.03387482091784477	0.9832656383514404	0.01291780173778534	0.003816516138613224
41	0.41261669993400574	0.5781760811805725	0.00920713972300291	0.963296115398407	0.03220904618501663	0.0044948747381567955
42	0.2139865756034851	0.771935224533081	0.014078149572014809	0.9560171961784363	0.032811060547828674	0.011171719059348106
43	0.16027379035949707	0.8207526803016663	0.01897348277270794	0.9725498557090759	0.02262449637055397	0.004825599491596222
44	0.18989378213882446	0.7847248911857605	0.025381283834576607	0.9485985636711121	0.04562181234359741	0.005779618863016367
45	0.23447245359420776	0.7571333050727844	0.008394187316298485	0.9782151579856873	0.015405945479869843	0.006378872785717249
46	0.058688849210739136	0.9358088374137878	0.005502348765730858	0.9790006279945374	0.015387952327728271	0.005611457861959934
47	0.1707720309495926	0.8194563984870911	0.009771579876542091	0.9763638973236084	0.01984996721148491	0.0037861615419387817
48	0.44834622740745544	0.5318581461906433	0.0197956133633852	0.9535285234451294	0.03669220954179764	0.00977927353233099
49	0.0789257138967514	0.9126235246658325	0.008450725115835667	0.9178369045257568	0.042362622916698456	0.039800435304641724
50	0.15470711886882782	0.8356836438179016	0.009609270840883255	0.9792366027832031	0.016953326761722565	0.0038100520614534616
51	0.15406093001365662	0.8191654682159424	0.026773694902658463	0.9704509377479553	0.02348211221396923	0.006067007314413786
52	0.21103934943675995	0.7823424339294434	0.006618216168135405	0.9837934374809265	0.013412044383585453	0.002794471802189946
53	0.13491122424602509	0.8584569692611694	0.006631834898144007	0.9753409624099731	0.02043699100613594	0.004222156945616007
54	0.18812519311904907	0.7849714159965515	0.026903482154011726	0.897768497467041	0.08311246335506439	0.01911897026002407
55	0.3837575614452362	0.6074519753456116	0.008790475316345692	0.9801629781723022	0.017081551253795624	0.002755507128313184
56	0.363339364528656	0.616734504699707	0.019926084205508232	0.9824364185333252	0.015392450615763664	0.002171050990000367
57	0.48215538263320923	0.46000972390174866	0.05783489719033241	0.9734164476394653	0.02007613144814968	0.00650747399777174
58	0.320017546415329	0.6544959545135498	0.02548651024699211	0.9518754482269287	0.03226339444518089	0.015861202031373978
59	0.16160835325717926	0.811291515827179	0.02710016444325447	0.9230400323867798	0.059915103018283844	0.01704481616616249
60	0.23582513630390167	0.7062855958938599	0.05788920819759369	0.9419308304786682	0.04576496034860611	0.012304170057177544
61	0.29419612884521484	0.6762675046920776	0.02953638695180416	0.9806193113327026	0.015461374074220657	0.003919214475899935
62	0.43086546659469604	0.5171610116958618	0.05197345092892647	0.968546450138092	0.024058543145656586	0.007394961081445217
63	0.13699589669704437	0.8445499539375305	0.01845422200858593	0.9158939123153687	0.03031020052731037	0.05379591882228851
64	0.21945789456367493	0.7580744624137878	0.022467665374279022	0.9777742624282837	0.018274758011102676	0.003950990736484528
65	0.02323981374502182	0.9615476727485657	0.01521247811615467	0.9859073162078857	0.010672380216419697	0.0034203571267426014
66	0.2532922327518463	0.7130070328712463	0.03370076045393944	0.9177877902984619	0.06748317182064056	0.014729085378348827
67	0.034621041268110275	0.9580504298210144	0.007328575011342764	0.9605042338371277	0.027365349233150482	0.012130307964980602
68	0.14282773435115814	0.8465925455093384	0.010579773224890232	0.9570879340171814	0.033943451941013336	0.008968528360128403
69	0.09291059523820877	0.9044420719146729	0.002647389890626073	0.9792725443840027	0.018510444089770317	0.0022171116434037685
70	0.07728888839483261	0.9034637808799744	0.019247248768806458	0.9763634204864502	0.01984386332333088	0.0037927734665572643
71	0.7079384326934814	0.2799144983291626	0.012147048488259315	0.9800668954849243	0.017018264159560204	0.0029148750472813845
72	0.4182879626750946	0.5710001587867737	0.010711879469454288	0.9751269817352295	0.018450304865837097	0.006422750186175108
73	0.47414299845695496	0.5167275071144104	0.009129536338150501	0.9602924585342407	0.032102663069963455	0.00760485976934433
74	0.18020124733448029	0.7828824520111084	0.036916255950927734	0.9596573710441589	0.03287282586097717	0.007469763979315758
75	0.8186508417129517	0.1488076001405716	0.032541558146476746	0.9597806930541992	0.028719894587993622	0.011499329470098019
76	0.10663153231143951	0.8832333087921143	0.010135202668607235	0.979425847530365	0.015453827567398548	0.0051203821785748005
77	0.28118929266929626	0.6987229585647583	0.020087704062461853	0.9172486662864685	0.05504767596721649	0.027703674510121346
78	0.04910947382450104	0.9209651947021484	0.029925325885415077	0.9226167798042297	0.0393490344285965	0.03803414851427078
79	0.07670482993125916	0.9122151136398315	0.011080126278102398	0.980754017829895	0.013713114894926548	0.0055329217575490475
80	0.41250863671302795	0.5697796940803528	0.017711587250232697	0.9834489226341248	0.014161710627377033	0.00238936604000628
81	0.5400137305259705	0.4548996686935425	0.005086683202534914	0.9744789600372314	0.022587746381759644	0.00293335085734725
82	0.18286314606666565	0.8071698546409607	0.009967002086341381	0.9683164954185486	0.025525478646159172	0.006158111616969109
83	0.13252481818199158	0.8579052090644836	0.009570007212460041	0.9819092750549316	0.014396137557923794	0.003694534068927169
84	0.29795387387275696	0.6760581731796265	0.0259880218654871	0.9747844338417053	0.02132532186806202	0.0038902396336197853
85	0.2841392755508423	0.6956489682197571	0.02021184004843235	0.9740685224533081	0.023147106170654297	0.0027843581046909094
86	0.1183152124285698	0.8415123224258423	0.0401725098490715	0.891997754573822	0.05322691425681114	0.054775334894657135
87	0.3624722957611084	0.4632470905780792	0.17428059875965118	0.9657634496688843	0.02724463678896427	0.0069918581284582615
88	0.22238054871559143	0.7577818036079407	0.019837701693177223	0.9679315686225891	0.024096116423606873	0.00797231774777174
89	0.20705603063106537	0.7872515320777893	0.0056925308890640736	0.9647871255874634	0.025759324431419373	0.009453525766730309
90	0.14207226037979126	0.848087728023529	0.00983993150293827	0.982597291469574	0.013113290071487427	0.004289502277970314
91	0.4165975749492645	0.5398417115211487	0.043560732156038284	0.9683980941772461	0.027355745434761047	0.0042461915872991085
92	0.3738403618335724	0.6140192151069641	0.012140411883592606	0.9658212661743164	0.02446645312011242	0.009712236933410168
93	0.1572079211473465	0.8100938200950623	0.03269825503230095	0.9170599579811096	0.03669421374797821	0.046245887875556946
94	0.34973329305648804	0.6396335363388062	0.010633219964802265	0.9797974228858948	0.013662385754287243	0.006540138740092516
95	0.10794061422348022	0.8733310699462891	0.018728282302618027	0.9332666993141174	0.028365014120936394	0.03836829960346222
96	0.2245386391878128	0.7689559459686279	0.006505358032882214	0.9582794904708862	0.038013435900211334	0.003707058960571885
97	0.281492680311203	0.708037257194519	0.010470020584762096	0.9746335744857788	0.021297112107276917	0.004069248214364052
98	0.1188158392906189	0.873847484588623	0.007336596958339214	0.979454755783081	0.01863657683134079	0.0019087305990979075
99	0.15411490201950073	0.8378910422325134	0.007994033396244049	0.9432312250137329	0.05240890383720398	0.004359770566225052
100	0.041004475206136703	0.9405605792999268	0.01843487285077572	0.9561311602592468	0.03200482577085495	0.011864027008414268
101	0.2665582001209259	0.7139776349067688	0.019464170560240746	0.9797373414039612	0.016229083761572838	0.0040336172096431255
102	0.0657338872551918	0.9298652410507202	0.004400908946990967	0.976762592792511	0.019391385838389397	0.0038459873758256435
103	0.24875260889530182	0.7321998476982117	0.01904747635126114	0.9535342454910278	0.03263738378882408	0.013828360475599766
104	0.10924091935157776	0.8828504085540771	0.00790862925350666	0.9727029800415039	0.023105395957827568	0.004191699903458357
105	0.20594222843647003	0.7687126994132996	0.02534504234790802	0.8994185328483582	0.08012644201517105	0.020455028861761093
106	0.1813344806432724	0.8075572848320007	0.011108223348855972	0.9235371351242065	0.06439308822154999	0.012069721706211567
107	0.04634830355644226	0.9509394764900208	0.0027122870087623596	0.975723385810852	0.020777825266122818	0.003498717676848173
108	0.1556248515844345	0.8253937363624573	0.01898142136633396	0.9592891931533813	0.035564031451940536	0.005146711133420467
109	0.05725840851664543	0.9351173639297485	0.007624159101396799	0.9772233963012695	0.02047201804816723	0.0023045914713293314
110	0.45669782161712646	0.5305155515670776	0.012786643579602242	0.9662386775016785	0.027433572337031364	0.006327773444354534
111	0.11652399599552155	0.7942827343940735	0.08919325470924377	0.9632882475852966	0.026830486953258514	0.009881211444735527
112	0.14397212862968445	0.8044198751449585	0.051608022302389145	0.9763810634613037	0.01409478485584259	0.009524124674499035
113	0.08691241592168808	0.9004803895950317	0.012607244774699211	0.9890303015708923	0.008318007923662663	0.002651735208928585
114	0.18517914414405823	0.7879219055175781	0.02689901553094387	0.970091700553894	0.023039817810058594	0.006868458818644285
115	0.13805432617664337	0.8475327491760254	0.014412838034331799	0.9608092904090881	0.03462080657482147	0.004569951444864273
116	0.37469977140426636	0.6167364120483398	0.008563872426748276	0.9835569858551025	0.012838562950491905	0.003604525700211525
117	0.27934423089027405	0.6985105276107788	0.022145206108689308	0.9729084968566895	0.02346639335155487	0.0036251102574169636
118	0.20299392938613892	0.7837004661560059	0.013305624946951866	0.9674779772758484	0.029443439096212387	0.003078530542552471
119	0.2705067992210388	0.7166049480438232	0.01288827694952488	0.9527407884597778	0.038271475583314896	0.008987762965261936
120	0.1477249264717102	0.8277366161346436	0.024538476020097733	0.9678149819374084	0.026779545471072197	0.005405453499406576
121	0.19915106892585754	0.7900136113166809	0.010835222899913788	0.981532096862793	0.015062455087900162	0.0034054836723953485
122	0.7017602324485779	0.2825861871242523	0.015653613954782486	0.9777573943138123	0.019382664933800697	0.002859946107491851
123	0.136943057179451	0.8565006256103516	0.006556354463100433	0.9696214199066162	0.027841735631227493	0.0025368540082126856
124	0.16924870014190674	0.8234668970108032	0.007284464780241251	0.9689429402351379	0.02779880166053772	0.0032582052517682314
125	0.22456687688827515	0.765654981136322	0.00977806095033884	0.9473488330841064	0.04408223554491997	0.008568963967263699
126	0.26473018527030945	0.7048436403274536	0.030426165089011192	0.9434179067611694	0.028467092663049698	0.02811497636139393
127	0.07020822167396545	0.9226707816123962	0.007121040020138025	0.9580068588256836	0.03758016601204872	0.004412903916090727
128	0.03773205354809761	0.9578155279159546	0.004452378489077091	0.9434399008750916	0.027249082922935486	0.029310978949069977
129	0.2206888198852539	0.7590463161468506	0.02026480622589588	0.9766567945480347	0.02124406397342682	0.0020990236662328243
130	0.1606561243534088	0.8246040344238281	0.014739742502570152	0.9625276923179626	0.023087559267878532	0.014384808950126171
131	0.5937095880508423	0.3897291123867035	0.016561288386583328	0.9859659075737	0.010156483389437199	0.003877675626426935
132	0.1412908285856247	0.8316103219985962	0.027098841965198517	0.9790416359901428	0.014378262683749199	0.006580061744898558
133	0.8309524655342102	0.15197287499904633	0.01707465574145317	0.929703414440155	0.054819975048303604	0.015476647764444351
134	0.0781187117099762	0.9065521359443665	0.015329078771173954	0.9655836224555969	0.028451072052121162	0.005965313874185085
135	0.3341313600540161	0.6612207889556885	0.00464783888310194	0.9859040379524231	0.012715993449091911	0.0013799533480778337
136	0.16264067590236664	0.8241775035858154	0.013181827962398529	0.9783768653869629	0.015329723246395588	0.006293472833931446
137	0.10983804613351822	0.8810986280441284	0.009063252247869968	0.9599344730377197	0.03633430600166321	0.0037312444765120745
138	0.6796992421150208	0.2711833417415619	0.049117397516965866	0.9854171872138977	0.009761618450284004	0.004821237176656723
139	0.3250075578689575	0.6611971855163574	0.013795292004942894	0.9328103065490723	0.054773714393377304	0.012416031211614609
140	0.21760158240795135	0.7708097100257874	0.011588655412197113	0.9521588683128357	0.041683129966259	0.006158050149679184
141	0.12242032587528229	0.8461911678314209	0.03138851001858711	0.9165015816688538	0.031917694956064224	0.051580704748630524
142	0.044477563351392746	0.9414598941802979	0.014062509872019291	0.9748859405517578	0.01927214302122593	0.005841970443725586
143	0.309160053730011	0.6495431661605835	0.04129680618643761	0.9698256850242615	0.01814776472747326	0.012026576325297356
144	0.34483960270881653	0.6368779540061951	0.018282514065504074	0.9764714241027832	0.01713951863348484	0.006389099173247814
145	0.13272437453269958	0.8551214337348938	0.012154223397374153	0.9630304574966431	0.033647261559963226	0.003322229953482747
146	0.22619646787643433	0.7536540031433105	0.02014957182109356	0.9658625721931458	0.02429872564971447	0.009838704019784927
147	0.06951586157083511	0.9163731336593628	0.014110964722931385	0.8943185806274414	0.0717453882098198	0.03393605723977089
148	0.08505604416131973	0.9092009663581848	0.005742975976318121	0.976405143737793	0.01966511830687523	0.003929780330508947
149	0.32535260915756226	0.5880337357521057	0.08661368489265442	0.9145333170890808	0.04961024597287178	0.03585644066333771
150	0.06139306724071503	0.9260922074317932	0.012514668516814709	0.9812589287757874	0.015617210417985916	0.003123784437775612
151	0.1130579262971878	0.8676801919937134	0.01926184818148613	0.9788978099822998	0.012686756439507008	0.008415496908128262
152	0.12532368302345276	0.8654014468193054	0.009274808689951897	0.9792628884315491	0.01835677959024906	0.0023802760988473892
153	0.1312268078327179	0.8641574382781982	0.0046157315373420715	0.9824120402336121	0.015362819656729698	0.0022251764312386513
154	0.03475961089134216	0.9333391785621643	0.03190118819475174	0.9867178201675415	0.010646805167198181	0.002635458717122674
155	0.4814384877681732	0.509373128414154	0.009188375435769558	0.9791843891143799	0.017962656915187836	0.002852941630408168
156	0.26797857880592346	0.7091962695121765	0.022825222462415695	0.9547476768493652	0.030995985493063927	0.014256350696086884
157	0.12679892778396606	0.8634532690048218	0.009747855365276337	0.9828672409057617	0.013631165958940983	0.003501475788652897
158	0.2632007598876953	0.7134723663330078	0.023326866328716278	0.929637610912323	0.062089186161756516	0.00827325414866209
159	0.5593180656433105	0.4309225380420685	0.009759420529007912	0.983802318572998	0.011746257543563843	0.00445140665397048
160	0.18230889737606049	0.8110793232917786	0.006611858028918505	0.9589295983314514	0.03500945493578911	0.006060883868485689
161	0.19253651797771454	0.7733638286590576	0.03409965708851814	0.9430767297744751	0.04192293435335159	0.015000327490270138
162	0.05967907980084419	0.9380959868431091	0.0022249838802963495	0.9739763736724854	0.02372075617313385	0.0023028987925499678
163	0.029366768896579742	0.9636452198028564	0.006987992208451033	0.9771121144294739	0.01724364049732685	0.005644368473440409
164	0.18163767457008362	0.8060712814331055	0.01229106541723013	0.9762890934944153	0.0198983121663332	0.0038126108702272177
165	0.3088580369949341	0.6822344064712524	0.008907637558877468	0.9849167466163635	0.013282143510878086	0.001801067148335278
166	0.1342226266860962	0.8552420139312744	0.010535412468016148	0.9756261110305786	0.01898087188601494	0.005393059458583593
167	0.09450793266296387	0.8955514430999756	0.009940673597157001	0.9844892024993896	0.012589946389198303	0.002920842031016946
168	0.4485885500907898	0.5440301299095154	0.007381284609436989	0.9814163446426392	0.01611611433327198	0.0024675026070326567
169	0.16279001533985138	0.8345098495483398	0.0027001178823411465	0.9731839299201965	0.02393227443099022	0.00288387481123209
170	0.22105079889297485	0.7746762633323669	0.004273002035915852	0.9734883904457092	0.024067450314760208	0.0024441597051918507
171	0.14660802483558655	0.8404601216316223	0.012931885197758675	0.9824072122573853	0.01417752355337143	0.0034152911975979805
172	0.28642788529396057	0.6737887263298035	0.03978341817855835	0.9727645516395569	0.019910747185349464	0.007324704434722662
173	0.4857141077518463	0.464561402797699	0.04972454160451889	0.9494206309318542	0.035724200308322906	0.01485514733940363
174	0.23712091147899628	0.7511610388755798	0.011718129739165306	0.980688214302063	0.01595127582550049	0.0033604588825255632
175	0.15551386773586273	0.7874540686607361	0.05703199654817581	0.9725586175918579	0.022233624011278152	0.005207652226090431
176	0.15844979882240295	0.8293086290359497	0.012241492979228497	0.9862576127052307	0.011439740657806396	0.0023026654962450266
177	0.08737530559301376	0.9043883681297302	0.008236391469836235	0.9738721251487732	0.019926732406020164	0.006201221141964197
178	0.16013555228710175	0.8071151971817017	0.03274931386113167	0.9555104970932007	0.0305945947766304	0.01389484666287899
179	0.11661835014820099	0.8759624361991882	0.007419124245643616	0.9828557372093201	0.014896702021360397	0.002247618278488517
180	0.2705684006214142	0.7178909182548523	0.011540643870830536	0.9434909224510193	0.044746797531843185	0.011762320064008236
181	0.3091185986995697	0.6844912171363831	0.0063902828842401505	0.982394278049469	0.015376540832221508	0.002229143865406513
182	0.6095638275146484	0.30434736609458923	0.08608882129192352	0.9785948395729065	0.01797676831483841	0.00342830503359437
183	0.14074328541755676	0.8525712490081787	0.006685453001409769	0.9555609822273254	0.036104071885347366	0.008334916085004807
184	0.07311036437749863	0.9233149290084839	0.0035746388603001833	0.9643903970718384	0.033048007637262344	0.0025616702623665333
185	0.15723299980163574	0.8337621092796326	0.009004888124763966	0.9811738729476929	0.0168035626411438	0.0020225858315825462
186	0.31323468685150146	0.6806411147117615	0.006124192848801613	0.9473678469657898	0.044010210782289505	0.008621959015727043
187	0.043888483196496964	0.9468622803688049	0.009249202907085419	0.9394194483757019	0.02853281795978546	0.03204764425754547
188	0.11129584908485413	0.8827616572380066	0.005942382384091616	0.9489680528640747	0.040079668164253235	0.010952303186058998
189	0.14977411925792694	0.8386570811271667	0.011568776331841946	0.9793444275856018	0.018089354038238525	0.0025662481784820557
190	0.31853851675987244	0.6693475246429443	0.012113967910408974	0.977997362613678	0.018566438928246498	0.0034361854195594788
191	0.21257801353931427	0.7734251618385315	0.013996787369251251	0.9571700692176819	0.020995041355490685	0.02183488756418228
192	0.2769705653190613	0.7024616599082947	0.020567752420902252	0.979768693447113	0.015964042395353317	0.004267340991646051
193	0.16938933730125427	0.8188795447349548	0.011731059290468693	0.9810112118721008	0.013969525694847107	0.005019290838390589
194	0.18270792067050934	0.8105740547180176	0.00671808747574687	0.9649227261543274	0.01901065744459629	0.016066623851656914
195	0.04352972283959389	0.9509285092353821	0.005541854538023472	0.9792897701263428	0.016596173867583275	0.0041141025722026825
196	0.0716780573129654	0.9160066843032837	0.012315147556364536	0.9644825458526611	0.029373636469244957	0.006143804173916578
197	0.13124574720859528	0.8650377988815308	0.0037164187524467707	0.9603912830352783	0.02279484085738659	0.01681382581591606
198	0.2377123087644577	0.7107192277908325	0.051568403840065	0.9732873439788818	0.023744434118270874	0.002968264976516366
199	0.35903170704841614	0.6220205426216125	0.018947700038552284	0.9522057771682739	0.03985544294118881	0.007938817143440247
