0	0.9865131974220276	0.01209750585258007	0.0013892634306102991	0.9832278490066528	0.01543797180056572	0.001334255444817245
1	0.9789061546325684	0.01803288795053959	0.0030610631220042706	0.9774382710456848	0.019970020279288292	0.0025917435996234417
2	0.9349870085716248	0.032299529761075974	0.032713476568460464	0.9276479482650757	0.04573654383420944	0.026615528389811516
3	0.9867842793464661	0.0111538739874959	0.00206181057728827	0.9841460585594177	0.013986915349960327	0.0018669718410819769
4	0.9774135947227478	0.018185872584581375	0.004400575999170542	0.973207414150238	0.019496267661452293	0.007296288851648569
5	0.7070660591125488	0.13427448272705078	0.1586594432592392	0.9188304543495178	0.03363742679357529	0.047532107681035995
6	0.968379557132721	0.029567211866378784	0.002053253585472703	0.987953782081604	0.010094012133777142	0.001952235703356564
7	0.9698474407196045	0.025170061737298965	0.004982540849596262	0.9700098037719727	0.022600317373871803	0.0073897759430110455
8	0.9861534833908081	0.012187471613287926	0.0016591438325121999	0.9881985783576965	0.010307541117072105	0.0014938366366550326
9	0.13478653132915497	0.8544397950172424	0.010773641988635063	0.8900450468063354	0.09890805929899216	0.011046923696994781
10	0.9661175012588501	0.024528272449970245	0.009354270063340664	0.9629579782485962	0.026389261707663536	0.010652722790837288
11	0.6782834529876709	0.3171292841434479	0.004587298259139061	0.912046492099762	0.08303160965442657	0.004921825136989355
12	0.9881193041801453	0.010219800285995007	0.0016608474543318152	0.9858351349830627	0.011906595900654793	0.0022582565434277058
13	0.9346351027488708	0.05775725468993187	0.007607622072100639	0.9641830921173096	0.023998908698558807	0.01181800290942192
14	0.9836464524269104	0.015272639691829681	0.00108089460991323	0.9901756644248962	0.008297373540699482	0.0015269415453076363
15	0.9818089604377747	0.013250547461211681	0.004940547049045563	0.9805436730384827	0.014347936026751995	0.005108396057039499
16	0.9843332171440125	0.013764585368335247	0.001902220887131989	0.9846590757369995	0.013784565962851048	0.0015563262859359384
17	0.9611594080924988	0.03564875200390816	0.003191816620528698	0.9917113780975342	0.006957456935197115	0.0013312158407643437
18	0.974160373210907	0.02328437753021717	0.0025552883744239807	0.9897105097770691	0.007781494874507189	0.0025079059414565563
19	0.8822071552276611	0.09004983305931091	0.027743032202124596	0.8272444605827332	0.09681706130504608	0.0759384036064148
20	0.041167762130498886	0.9572348594665527	0.0015973111148923635	0.8892326951026917	0.09384148567914963	0.01692577823996544
21	0.9616608619689941	0.028163813054561615	0.0101753119379282	0.49792149662971497	0.39961254596710205	0.10246598720550537
22	0.6004292368888855	0.10390415787696838	0.29566654562950134	0.5901764631271362	0.09645462781190872	0.3133688271045685
23	0.9776771664619446	0.020254317671060562	0.0020685200579464436	0.9612634778022766	0.029313215985894203	0.009423302486538887
24	0.9746747016906738	0.02244591899216175	0.0028794158715754747	0.974024772644043	0.023696430027484894	0.0022787759080529213
25	0.9863259792327881	0.011604636907577515	0.002069431822746992	0.9190012216567993	0.07811344414949417	0.0028853798285126686
26	0.975200891494751	0.01993841677904129	0.00486065773293376	0.9737154245376587	0.019467581063508987	0.006816978100687265
27	0.9553028345108032	0.030032750219106674	0.014664342626929283	0.9734002947807312	0.02177097648382187	0.004828699864447117
28	0.9753941297531128	0.02127549611032009	0.0033303815871477127	0.9854204058647156	0.012427856214344501	0.0021517453715205193
29	0.5947769284248352	0.20439031720161438	0.20083272457122803	0.7270554900169373	0.19225475192070007	0.0806896761059761
30	0.9483191967010498	0.04585513845086098	0.005825649946928024	0.9465664029121399	0.046332947909832	0.007100692950189114
31	0.9833198189735413	0.014417003840208054	0.0022631478495895863	0.984237015247345	0.013897747732698917	0.0018651476129889488
32	0.8718323707580566	0.06355424225330353	0.06461339443922043	0.8121815323829651	0.05337585508823395	0.13444258272647858
33	0.9628844857215881	0.0325060673058033	0.004609475843608379	0.32589343190193176	0.6625955700874329	0.011510917916893959
34	0.6274766325950623	0.06140289083123207	0.3111204504966736	0.304625928401947	0.5302127003669739	0.1651613563299179
35	0.6026503443717957	0.055052511394023895	0.342297226190567	0.5973256230354309	0.0916687473654747	0.3110056519508362
36	0.9648346304893494	0.027630744501948357	0.007534665521234274	0.9335998296737671	0.05792512372136116	0.008475170470774174
37	0.9808226227760315	0.016290146857500076	0.002887198468670249	0.9862387776374817	0.011534081771969795	0.0022270670160651207
38	0.11022983491420746	0.6111298203468323	0.27864035964012146	0.4841676950454712	0.29833266139030457	0.21749965846538544
39	0.9758179187774658	0.018825147300958633	0.005356955341994762	0.9668272733688354	0.028214696794748306	0.004958087578415871
40	0.9852721691131592	0.011569918133318424	0.0031580314971506596	0.97300785779953	0.022193221375346184	0.004798897076398134
41	0.9883164763450623	0.009444613009691238	0.0022388529032468796	0.9891636371612549	0.009087680839002132	0.0017486619763076305
42	0.9643920660018921	0.032609082758426666	0.0029988968744874	0.9627812504768372	0.033072810620069504	0.004145916551351547
43	0.9845230579376221	0.012343039736151695	0.003133846912533045	0.9696037173271179	0.027305562049150467	0.0030908132903277874
44	0.9674683213233948	0.02770121395587921	0.004830539226531982	0.9743635058403015	0.02101833000779152	0.0046181208454072475
45	0.7957455515861511	0.06417340040206909	0.14008095860481262	0.9578917026519775	0.021274680271744728	0.020833607763051987
46	0.9477662444114685	0.04916096478700638	0.0030727325938642025	0.9761679172515869	0.021457932889461517	0.002374192699790001
47	0.9833285808563232	0.014860411174595356	0.0018109158845618367	0.9828850030899048	0.014655603095889091	0.0024594042915850878
48	0.9529285430908203	0.036553144454956055	0.010518338531255722	0.34285664558410645	0.652740478515625	0.004402868915349245
49	0.9832085967063904	0.01412093173712492	0.002670404501259327	0.9841446876525879	0.01353231817483902	0.0023229920770972967
50	0.9375810623168945	0.021484045311808586	0.04093489050865173	0.729412317276001	0.032089896500110626	0.2384977638721466
51	0.9640899300575256	0.029983175918459892	0.005926870740950108	0.9635943174362183	0.03059035912156105	0.005815238691866398
52	0.9805506467819214	0.01730472780764103	0.0021445532329380512	0.9705149531364441	0.027382908388972282	0.002102132886648178
53	0.9736903309822083	0.02202124521136284	0.004288380034267902	0.9784998893737793	0.018455788493156433	0.003044389421120286
54	0.893097460269928	0.065738245844841	0.04116430878639221	0.9714608192443848	0.021904559805989265	0.006634606048464775
55	0.9869157075881958	0.01137365959584713	0.0017106245504692197	0.9637969136238098	0.03302215039730072	0.003180939005687833
56	0.9754860997200012	0.020817982032895088	0.003695965511724353	0.5446605682373047	0.4374910593032837	0.017848417162895203
57	0.9814127683639526	0.01693994738161564	0.0016472265124320984	0.9738678932189941	0.02342918887734413	0.002702895784750581
58	0.9811977744102478	0.015662644058465958	0.00313947768881917	0.9844177961349487	0.013302402570843697	0.0022797673009335995
59	0.3691013753414154	0.4487669765949249	0.18213164806365967	0.3379930257797241	0.5350838899612427	0.1269230991601944
60	0.9794104099273682	0.01588801108300686	0.004701545927673578	0.9867237210273743	0.008978662081062794	0.004297586623579264
61	0.9676548838615417	0.028431003913283348	0.003914103377610445	0.4706030786037445	0.5052498579025269	0.02414707839488983
62	0.9730485677719116	0.02033570036292076	0.006615789141505957	0.9438088536262512	0.048888079822063446	0.007303107064217329
63	0.9875032305717468	0.01024902705103159	0.00224774400703609	0.9882755279541016	0.009311605244874954	0.0024128821678459644
64	0.9606086015701294	0.03708918020129204	0.002302197739481926	0.9784050583839417	0.017848258838057518	0.0037466234061867
65	0.9821987748146057	0.015273777768015862	0.00252739991992712	0.9818416833877563	0.015363926067948341	0.0027942750602960587
66	0.958872377872467	0.038481056690216064	0.002646511420607567	0.9176626801490784	0.07980483770370483	0.0025324926245957613
67	0.8764454126358032	0.05440809577703476	0.0691465437412262	0.8927212357521057	0.06037820130586624	0.04690055176615715
68	0.22970765829086304	0.6916992664337158	0.07859308272600174	0.9392538666725159	0.039013128727674484	0.021732939407229424
69	0.8657611012458801	0.07374577224254608	0.060493104159832	0.9708309769630432	0.017504246905446053	0.0116647407412529
70	0.9699540734291077	0.022547714412212372	0.007498251274228096	0.973569393157959	0.02117876522243023	0.005251722410321236
71	0.8250327706336975	0.14714151620864868	0.027825690805912018	0.8025879859924316	0.16843923926353455	0.02897278405725956
72	0.9804989695549011	0.014695580117404461	0.0048054964281618595	0.983792781829834	0.011924367398023605	0.004282900597900152
73	0.9787818789482117	0.01799740269780159	0.0032207400072366	0.98687344789505	0.011039516888558865	0.002087055239826441
74	0.9800862073898315	0.017417166382074356	0.002496659755706787	0.9746741652488708	0.022967303171753883	0.002358571859076619
75	0.9840685725212097	0.013857916928827763	0.002073474694043398	0.9732257127761841	0.02419290319085121	0.0025813428219407797
76	0.9617167711257935	0.02501365914940834	0.013269564136862755	0.7021689414978027	0.0564655102789402	0.24136555194854736
77	0.9781654477119446	0.017711695283651352	0.004122874699532986	0.9662254452705383	0.02125728875398636	0.012517260387539864
78	0.8967399001121521	0.08802282810211182	0.015237221494317055	0.9243859052658081	0.06775073707103729	0.007863286882638931
79	0.1049760952591896	0.1580614149570465	0.7369624972343445	0.18366149067878723	0.08102995902299881	0.7353085279464722
80	0.9818440079689026	0.015961647033691406	0.002194393891841173	0.77614825963974	0.2158690243959427	0.007982738316059113
81	0.9726319313049316	0.024527505040168762	0.002840602770447731	0.9872892498970032	0.01048949733376503	0.002221260918304324
82	0.9772493839263916	0.01813378371298313	0.00461677135899663	0.9797035455703735	0.017979908734560013	0.0023165750317275524
83	0.22036607563495636	0.5566582083702087	0.22297565639019012	0.8465195298194885	0.09916705638170242	0.05431341379880905
84	0.961353063583374	0.029093537479639053	0.009553483687341213	0.7903005480766296	0.11425226926803589	0.09544724971055984
85	0.49196675419807434	0.4315709173679352	0.0764622688293457	0.7565719485282898	0.2094084620475769	0.034019675105810165
86	0.9808434844017029	0.01616806723177433	0.002988480729982257	0.9747658967971802	0.01866329275071621	0.0065708342008292675
87	0.9776214361190796	0.018723327666521072	0.003655195003375411	0.9593281149864197	0.02595471777021885	0.014717104844748974
88	0.9863792657852173	0.01202863734215498	0.0015921007143333554	0.9905734658241272	0.007881145924329758	0.001545435399748385
89	0.9720776081085205	0.022169744595885277	0.005752628203481436	0.9766747951507568	0.018124019727110863	0.005201202817261219
90	0.9697930216789246	0.021175852045416832	0.009031097404658794	0.9629697799682617	0.03410070016980171	0.0029294369742274284
91	0.9356671571731567	0.05927512049674988	0.005057729315012693	0.973681628704071	0.02230321243405342	0.0040151095017790794
92	0.9823530912399292	0.013436107896268368	0.004210775718092918	0.9841123223304749	0.012460547499358654	0.003427147399634123
93	0.4341970980167389	0.16282828152179718	0.4029746353626251	0.16760921478271484	0.06360875815153122	0.7687820196151733
94	0.9831807017326355	0.014032280072569847	0.0027869418263435364	0.9877730011940002	0.009921819902956486	0.002305127214640379
95	0.9766910672187805	0.0192817822098732	0.0040272618643939495	0.9791554808616638	0.016036316752433777	0.004808243364095688
96	0.7922343015670776	0.07372543215751648	0.13404026627540588	0.5458309650421143	0.12190750241279602	0.33226150274276733
97	0.9801730513572693	0.01687154918909073	0.0029554334469139576	0.9815598726272583	0.015612258575856686	0.0028278303798288107
98	0.5764711499214172	0.2375025600194931	0.18602629005908966	0.04789641126990318	0.7561565041542053	0.19594706594944
99	0.9550015926361084	0.041987091302871704	0.003011358669027686	0.9680295586585999	0.029383784160017967	0.0025866918731480837
100	0.9843311905860901	0.012437191791832447	0.0032316907308995724	0.9831973314285278	0.013194643892347813	0.0036081126891076565
101	0.9711751341819763	0.024510979652404785	0.0043138619512319565	0.9788514375686646	0.01563274674117565	0.005515854340046644
102	0.9831542372703552	0.014240705408155918	0.00260501098819077	0.9811527729034424	0.01643475703895092	0.0024124158080667257
103	0.9773856997489929	0.018127847462892532	0.004486480262130499	0.9650558233261108	0.022272989153862	0.01267115119844675
104	0.9527119994163513	0.04560830816626549	0.0016796801937744021	0.9818986058235168	0.013716379180550575	0.004385044332593679
105	0.9752445816993713	0.022190505638718605	0.0025649198796600103	0.9842972159385681	0.011975223198533058	0.003727553877979517
106	0.8053891658782959	0.17429277300834656	0.020318059250712395	0.8687090277671814	0.1272536665201187	0.004037322476506233
107	0.6936528086662292	0.13240619003772736	0.17394103109836578	0.7337931394577026	0.08074973523616791	0.18545714020729065
108	0.986815869808197	0.01112967450171709	0.0020544060971587896	0.9812043905258179	0.016847170889377594	0.0019484577933326364
109	0.9810681939125061	0.016708796843886375	0.0022230311296880245	0.9809061288833618	0.016815336421132088	0.0022785584442317486
110	0.7388408780097961	0.2172195464372635	0.04393959045410156	0.6407836079597473	0.3091588318347931	0.05005756765604019
111	0.9735264778137207	0.01981690526008606	0.006656577344983816	0.9773461818695068	0.017431022599339485	0.0052228947170078754
112	0.8305869698524475	0.04091249406337738	0.1285005509853363	0.5824708938598633	0.060874734073877335	0.35665440559387207
113	0.9936710596084595	0.0050361379981040955	0.0012927644420415163	0.9795687794685364	0.019052116200327873	0.0013791327364742756
114	0.9770088791847229	0.01944630593061447	0.0035447939299046993	0.9767190217971802	0.019626017659902573	0.00365492538549006
115	0.6116961240768433	0.17468364536762238	0.21362027525901794	0.7210800051689148	0.12917685508728027	0.14974310994148254
116	0.9802785515785217	0.018016425892710686	0.001705134636722505	0.9863378405570984	0.012120885774493217	0.0015412094071507454
117	0.8981533646583557	0.09428606927394867	0.0075605264864861965	0.9370632767677307	0.05857463553547859	0.004362108185887337
118	0.9782950282096863	0.018236150965094566	0.003468841314315796	0.9402725696563721	0.05375837907195091	0.0059690517373383045
119	0.6192176342010498	0.10991040617227554	0.27087199687957764	0.740217387676239	0.13081158697605133	0.12897101044654846
120	0.18923161923885345	0.46940016746520996	0.3413681983947754	0.3093557357788086	0.32651984691619873	0.3641244173049927
121	0.986315906047821	0.011659890413284302	0.0020241988822817802	0.9855809807777405	0.01240633800625801	0.002012699143961072
122	0.9856288433074951	0.011912724934518337	0.002458532340824604	0.974389374256134	0.023095566779375076	0.002514999359846115
123	0.6974580883979797	0.16587409377098083	0.136667862534523	0.9039689898490906	0.06307432055473328	0.032956693321466446
124	0.6498775482177734	0.13657046854496002	0.21355199813842773	0.5893223881721497	0.1949125975370407	0.21576492488384247
125	0.5885457396507263	0.18088485300540924	0.23056945204734802	0.5135897994041443	0.2813301980495453	0.20508001744747162
126	0.9815688133239746	0.014791353605687618	0.003639751812443137	0.9819189310073853	0.014488380402326584	0.003592770081013441
127	0.9640961289405823	0.029793988913297653	0.006109835114330053	0.9659801125526428	0.028766870498657227	0.005252974107861519
128	0.6369118690490723	0.20916913449764252	0.15391893684864044	0.8507794737815857	0.07341768592596054	0.07580278813838959
129	0.9867962598800659	0.01143454946577549	0.0017692770343273878	0.9855871200561523	0.012590717524290085	0.001822198391892016
130	0.9442832469940186	0.031356435269117355	0.024360328912734985	0.9450235366821289	0.03223736211657524	0.02273908257484436
131	0.9826903939247131	0.01540389098227024	0.0019057652680203319	0.9739978313446045	0.023096999153494835	0.002905142493546009
132	0.6107615828514099	0.3549679219722748	0.03427053615450859	0.3833017647266388	0.5359112024307251	0.08078707009553909
133	0.9514226913452148	0.03845326229929924	0.010124079883098602	0.9629802107810974	0.026489805430173874	0.010530062951147556
134	0.9757168889045715	0.022511349990963936	0.0017717074370011687	0.9798445701599121	0.018120523542165756	0.002034865552559495
135	0.8414852023124695	0.10304147750139236	0.055473338812589645	0.864591121673584	0.07083715498447418	0.06457174569368362
136	0.8683874607086182	0.12909947335720062	0.0025130175054073334	0.9141554832458496	0.08326259255409241	0.0025819779839366674
137	0.9733389616012573	0.023541199043393135	0.003119894303381443	0.9557167887687683	0.04048663377761841	0.0037966042291373014
138	0.9777781367301941	0.01265410054475069	0.009567711502313614	0.9826348423957825	0.011456076055765152	0.005909141153097153
139	0.9832267165184021	0.014481883496046066	0.0022914211731404066	0.9783892631530762	0.018904760479927063	0.0027060166466981173
140	0.9602006673812866	0.03645232692360878	0.0033469400368630886	0.9723533391952515	0.022911593317985535	0.004735022317618132
141	0.9828285574913025	0.013361992314457893	0.003809381043538451	0.98201984167099	0.014291369356215	0.0036887023597955704
142	0.9855626821517944	0.012748218141496181	0.0016891277628019452	0.985909640789032	0.012331941165030003	0.0017585152527317405
143	0.9896698594093323	0.008639194071292877	0.0016910121776163578	0.9887810945510864	0.009600521996617317	0.0016184381674975157
144	0.9856410622596741	0.012438270263373852	0.0019206112483516335	0.989080011844635	0.008815947920084	0.002104090293869376
145	0.9558357000350952	0.03974730893969536	0.004417078103870153	0.9753425121307373	0.019595539197325706	0.005061971955001354
146	0.6454065442085266	0.0484674908220768	0.3061259388923645	0.6987227201461792	0.06890302896499634	0.23237426578998566
147	0.9127501249313354	0.05220440775156021	0.0350455567240715	0.8961806297302246	0.08951718360185623	0.014302280731499195
148	0.9681274890899658	0.026846393942832947	0.00502610532566905	0.9875895380973816	0.010163767263293266	0.002246742369607091
149	0.6367495656013489	0.34284791350364685	0.02040250226855278	0.9592815041542053	0.028728166595101357	0.011990207247436047
150	0.9681131839752197	0.02851889468729496	0.003367968136444688	0.9765042662620544	0.019797632470726967	0.003698101732879877
151	0.8901715278625488	0.0544537678360939	0.055374715477228165	0.8789410591125488	0.040229130536317825	0.08082973957061768
152	0.5605608820915222	0.4317503869533539	0.007688689976930618	0.9325655698776245	0.0647902637720108	0.002644243882969022
153	0.9563587307929993	0.03336608037352562	0.010275212116539478	0.9266313910484314	0.04635625332593918	0.027012325823307037
154	0.9794794917106628	0.01772695779800415	0.002793533494696021	0.9775660634040833	0.01866915263235569	0.003764728782698512
155	0.9862160682678223	0.012555351480841637	0.0012285502161830664	0.9753336906433105	0.023095697164535522	0.0015707232523709536
156	0.9004307985305786	0.0550108328461647	0.044558338820934296	0.34436389803886414	0.10114976018667221	0.5544863343238831
157	0.8879327774047852	0.09229432046413422	0.019772984087467194	0.7304184436798096	0.23769691586494446	0.03188469633460045
158	0.9818182587623596	0.013898343779146671	0.004283408634364605	0.8463064432144165	0.1442841738462448	0.009409373626112938
159	0.8298833966255188	0.03451955318450928	0.13559705018997192	0.957355797290802	0.022422539070248604	0.020221667364239693
160	0.8269948959350586	0.12374516576528549	0.04925989732146263	0.7299938797950745	0.20980729162693024	0.060198824852705
161	0.9736972451210022	0.024496382102370262	0.0018062882591038942	0.9779350161552429	0.01858622580766678	0.0034788898192346096
162	0.9832490682601929	0.014573508873581886	0.0021774591878056526	0.9738624691963196	0.02455465868115425	0.0015828057657927275
163	0.9839731454849243	0.01372423768043518	0.0023027134593576193	0.9831045269966125	0.014400698244571686	0.0024947896599769592
164	0.37215858697891235	0.3016741871833801	0.3261672854423523	0.24251331388950348	0.3596211373806	0.39786556363105774
165	0.97450190782547	0.021260088309645653	0.004238021560013294	0.9800984859466553	0.017311301082372665	0.0025902411434799433
166	0.9289827942848206	0.06104069948196411	0.00997654814273119	0.9579460620880127	0.03568998724222183	0.00636395113542676
167	0.4730473756790161	0.4218786656856537	0.10507390648126602	0.8314281702041626	0.14182983338832855	0.026741990819573402
168	0.9691683053970337	0.028164826333522797	0.0026668207719922066	0.9833969473838806	0.01444848533719778	0.0021545514464378357
169	0.9928989410400391	0.00593041954562068	0.0011706389486789703	0.9921383261680603	0.006360927596688271	0.0015008009504526854
170	0.9778270125389099	0.019966155290603638	0.0022067709360271692	0.9775363802909851	0.02037208527326584	0.002091545145958662
171	0.9852065443992615	0.012511742301285267	0.0022817791905254126	0.983507513999939	0.014439289458096027	0.002053214469924569
172	0.9775280356407166	0.01977439969778061	0.002697611693292856	0.9828328490257263	0.015407349914312363	0.0017597642727196217
173	0.275164932012558	0.5883346796035767	0.13650035858154297	0.7610241770744324	0.2052241563796997	0.03375167399644852
174	0.9808282256126404	0.016733162105083466	0.002438540104776621	0.9787560701370239	0.018104596063494682	0.003139348467811942
175	0.9824019074440002	0.01330819446593523	0.004289856180548668	0.9827874898910522	0.014108437113463879	0.003104081144556403
176	0.9749617576599121	0.022586403414607048	0.002451868262141943	0.9857264757156372	0.011679351329803467	0.0025941606145352125
177	0.7651548385620117	0.07242050021886826	0.1624247431755066	0.39612144231796265	0.13650228083133698	0.4673762321472168
178	0.9607244729995728	0.03360522538423538	0.005670215468853712	0.9142075777053833	0.07387986034154892	0.011912522837519646
179	0.9817875623703003	0.015444205142557621	0.002768156351521611	0.9581294059753418	0.03938082605600357	0.0024897363036870956
180	0.981511652469635	0.015224437229335308	0.0032640183344483376	0.9779742360115051	0.015878956764936447	0.006146865896880627
181	0.9567449688911438	0.04144783318042755	0.0018071605591103435	0.9761589169502258	0.022031376138329506	0.00180971366353333
182	0.9860442876815796	0.012405632063746452	0.0015500275185331702	0.9861341118812561	0.012485248036682606	0.00138067954685539
183	0.9674392938613892	0.0276769008487463	0.00488376896828413	0.770596444606781	0.22454161942005157	0.004861866123974323
184	0.9759432673454285	0.022020934149622917	0.00203584018163383	0.9747728109359741	0.021853027865290642	0.0033741584047675133
185	0.9849753975868225	0.013408400118350983	0.001616094377823174	0.9858017563819885	0.012640530243515968	0.0015576538862660527
186	0.9552384614944458	0.03645512834191322	0.008306358009576797	0.9511411190032959	0.026753433048725128	0.022105561569333076
187	0.9418665170669556	0.024874893948435783	0.03325856477022171	0.0156403798609972	0.9787294864654541	0.005630203522741795
188	0.9674647450447083	0.021539360284805298	0.010995840653777122	0.9104703068733215	0.06496833264827728	0.02456141822040081
189	0.9838274717330933	0.01436719112098217	0.0018053295789286494	0.9551270604133606	0.04096351936459541	0.00390936154872179
190	0.9872549772262573	0.009200108237564564	0.0035448865965008736	0.9853248000144958	0.01014973409473896	0.00452549010515213
191	0.6932145357131958	0.3016156256198883	0.005169799085706472	0.9747781157493591	0.022524844855070114	0.002697040792554617
192	0.9774219989776611	0.0189766027033329	0.00360141065903008	0.9725813865661621	0.02422480657696724	0.0031937649473547935
193	0.9667294025421143	0.030677352100610733	0.0025932290591299534	0.9766097664833069	0.01859043352305889	0.004799814894795418
194	0.9778321385383606	0.011111187748610973	0.011056691408157349	0.9813041687011719	0.011225600726902485	0.007470299955457449
195	0.9792206287384033	0.01832217536866665	0.0024571758694946766	0.9546061158180237	0.043427884578704834	0.0019659921526908875
196	0.9696642160415649	0.01823650300502777	0.012099245563149452	0.7929244637489319	0.033512603491544724	0.1735629439353943
197	0.608237087726593	0.11414901912212372	0.2776138186454773	0.7076173424720764	0.10102098435163498	0.1913616955280304
198	0.8964948654174805	0.050252415239810944	0.05325270816683769	0.9324953556060791	0.04693003371357918	0.020574577152729034
199	0.9729557037353516	0.025472264736890793	0.0015720253577455878	0.9727790951728821	0.02525731362402439	0.0019636654760688543
