0	0.9742807745933533	0.0219587292522192	0.0037605022080242634	0.9223032593727112	0.07467589527368546	0.0030209117103368044
1	0.9769458174705505	0.019852828234434128	0.0032013223972171545	0.9672814607620239	0.029065852984786034	0.003652741899713874
2	0.8665566444396973	0.054484352469444275	0.07895895093679428	0.23880890011787415	0.720274031162262	0.04091706871986389
3	0.9654616117477417	0.028828484937548637	0.005709961988031864	0.7434645295143127	0.2534046471118927	0.0031307770404964685
4	0.9522023797035217	0.03732956573367119	0.010468029417097569	0.48774391412734985	0.48546943068504333	0.026786597445607185
5	0.9170777201652527	0.056148599833250046	0.026773717254400253	0.4368307888507843	0.550552487373352	0.012616677209734917
6	0.9710129499435425	0.025829631835222244	0.0031574389431625605	0.02043144591152668	0.9765278100967407	0.0030407393351197243
7	0.5646637678146362	0.1604384034872055	0.27489784359931946	0.19115382432937622	0.6787735819816589	0.13007259368896484
8	0.8571821451187134	0.12448833882808685	0.0183295588940382	0.2839507460594177	0.6894369125366211	0.026612283661961555
9	0.2125057429075241	0.762424886226654	0.025069424882531166	0.5034579038619995	0.4056987762451172	0.0908433124423027
10	0.9420363903045654	0.04528508707880974	0.012678551487624645	0.16611352562904358	0.8246410489082336	0.009245485998690128
11	0.9669418334960938	0.02778329700231552	0.005274946801364422	0.9491514563560486	0.045318182557821274	0.005530467256903648
12	0.8859431743621826	0.07815811783075333	0.035898685455322266	0.33342453837394714	0.5475602149963379	0.11901521682739258
13	0.9399546980857849	0.053841739892959595	0.006203467026352882	0.5833871364593506	0.3952379822731018	0.02137494646012783
14	0.9703754782676697	0.02676570788025856	0.0028587894048541784	0.821713387966156	0.1629658192396164	0.01532081700861454
15	0.9462264776229858	0.03401742875576019	0.019756102934479713	0.520878255367279	0.44678860902786255	0.03233315423130989
16	0.9623332619667053	0.03402325138449669	0.0036434775684028864	0.4441154897212982	0.5263645052909851	0.029519978910684586
17	0.9840488433837891	0.01337982714176178	0.00257143029011786	0.16025382280349731	0.8351519703865051	0.00459420308470726
18	0.9618346095085144	0.033384695649147034	0.004780622664839029	0.08019030839204788	0.9127101898193359	0.007099521812051535
19	0.9094740748405457	0.07694585621356964	0.013580056838691235	0.6930070519447327	0.29255086183547974	0.014442073181271553
20	0.08017939329147339	0.8039171099662781	0.11590349674224854	0.42307761311531067	0.47444891929626465	0.10247339308261871
21	0.9012583494186401	0.09003438800573349	0.008707216009497643	0.08760914206504822	0.9050468802452087	0.007343950681388378
22	0.7995604872703552	0.06636054068803787	0.1340789794921875	0.006370586808770895	0.9904589653015137	0.0031704674474895
23	0.9709765315055847	0.02713594399392605	0.0018875242676585913	0.5613335371017456	0.42833182215690613	0.01033469382673502
24	0.9655242562294006	0.028988095000386238	0.0054875705391168594	0.11369872838258743	0.8757470846176147	0.010554115287959576
25	0.9125134944915771	0.045063573867082596	0.042422980070114136	0.6093012094497681	0.37249866127967834	0.01820012554526329
26	0.98213791847229	0.013406679034233093	0.004455371294170618	0.41188380122184753	0.5812516212463379	0.00686460267752409
27	0.977428138256073	0.016524935141205788	0.006046965718269348	0.20059414207935333	0.705990731716156	0.09341509640216827
28	0.9435553550720215	0.046549517661333084	0.009895176626741886	0.3532774746417999	0.6360365152359009	0.010685944929718971
29	0.483408659696579	0.2875381112098694	0.22905312478542328	0.5108281373977661	0.4245089590549469	0.06466291099786758
30	0.8348831534385681	0.12139172852039337	0.04372510313987732	0.1542418897151947	0.8069387674331665	0.03881935030221939
31	0.971924901008606	0.02122468128800392	0.006850325968116522	0.4745287299156189	0.5148727893829346	0.010598470456898212
32	0.882920503616333	0.09905815124511719	0.01802145689725876	0.566115140914917	0.3156185448169708	0.11826632916927338
33	0.9772802591323853	0.02084052376449108	0.001879243180155754	0.11549539119005203	0.8784710764884949	0.006033532787114382
34	0.8682194948196411	0.032504852861166	0.09927566349506378	0.31891104578971863	0.6024342775344849	0.07865466922521591
35	0.9081414341926575	0.040586069226264954	0.05127250775694847	0.25471773743629456	0.7241251468658447	0.02115713432431221
36	0.9709823727607727	0.022532913833856583	0.0064846244640648365	0.2354898452758789	0.7540009617805481	0.010509267449378967
37	0.9477975964546204	0.03723415732383728	0.014968208968639374	0.9482117295265198	0.047760333865880966	0.004027886316180229
38	0.10186704993247986	0.49125584959983826	0.4068771302700043	0.16492116451263428	0.6761174201965332	0.15896137058734894
39	0.9710548520088196	0.02269960753619671	0.006245568860322237	0.7295159697532654	0.25602009892463684	0.014463941566646099
40	0.88758784532547	0.038026899099349976	0.07438526302576065	0.42285868525505066	0.18617653846740723	0.3909647464752197
41	0.9638862013816833	0.02899760939180851	0.007116217166185379	0.14932943880558014	0.8449599146842957	0.005710723344236612
42	0.9170342087745667	0.06939752399921417	0.013568236492574215	0.1256767362356186	0.8612722158432007	0.013051052577793598
43	0.9791420698165894	0.014867741614580154	0.005990240257233381	0.08415166288614273	0.9114286303520203	0.004419688135385513
44	0.9296835660934448	0.060113947838544846	0.010202506557106972	0.9393399357795715	0.050589073449373245	0.010070939548313618
45	0.8153548240661621	0.06926485151052475	0.11538027226924896	0.3891872465610504	0.4861624836921692	0.12465028464794159
46	0.9527947306632996	0.04309611767530441	0.004109146539121866	0.30968642234802246	0.650668740272522	0.03964485600590706
47	0.8838449716567993	0.08518816530704498	0.030966874212026596	0.5426599979400635	0.4521769881248474	0.005162895191460848
48	0.9290016293525696	0.04213307052850723	0.02886533923447132	0.11783646047115326	0.8750342726707458	0.007129177451133728
49	0.9760958552360535	0.02028210647404194	0.003622035263106227	0.08272198587656021	0.9054487943649292	0.011829250492155552
50	0.974740743637085	0.017547590658068657	0.007711723446846008	0.951059877872467	0.04528867080807686	0.0036515279207378626
51	0.6384720206260681	0.0986899733543396	0.2628379762172699	0.7258673906326294	0.25784119963645935	0.016291391104459763
52	0.9735923409461975	0.02365867607295513	0.0027490556240081787	0.2945266664028168	0.6370599865913391	0.06841331720352173
53	0.9699321985244751	0.02375206910073757	0.006315752863883972	0.9295735359191895	0.05883469060063362	0.011591799557209015
54	0.8520239591598511	0.10554593801498413	0.04243014380335808	0.065580815076828	0.9269061088562012	0.007513002492487431
55	0.953528642654419	0.04060352221131325	0.005867814179509878	0.0678739920258522	0.9193188548088074	0.012807128019630909
56	0.9647420644760132	0.030708057805895805	0.004549840465188026	0.3397696614265442	0.6357904672622681	0.024439837783575058
57	0.9792575240135193	0.01816646382212639	0.002576070837676525	0.2995557188987732	0.6869571208953857	0.013487112708389759
58	0.9683351516723633	0.026522444561123848	0.005142342299222946	0.2096935659646988	0.7748016715049744	0.015504765324294567
59	0.48474183678627014	0.37562623620033264	0.13963191211223602	0.21580079197883606	0.7107563614845276	0.07344292104244232
60	0.9070501327514648	0.05220917612314224	0.040740758180618286	0.9226046204566956	0.06893136352300644	0.0084640271961689
61	0.9638733267784119	0.03342573344707489	0.0027008838951587677	0.6500149965286255	0.33387795090675354	0.016107037663459778
62	0.836523711681366	0.050089940428733826	0.11338629573583603	0.5357552170753479	0.3058285713195801	0.1584162414073944
63	0.9564863443374634	0.026977546513080597	0.016536202281713486	0.9067875146865845	0.06836532056331635	0.024847233667969704
64	0.9390146732330322	0.05407499149441719	0.006910369265824556	0.2890150845050812	0.7006350755691528	0.01034978311508894
65	0.9430211782455444	0.048741620033979416	0.008237198926508427	0.3851478397846222	0.5889807939529419	0.02587137371301651
66	0.7756897211074829	0.1823161244392395	0.04199419915676117	0.8730664849281311	0.12120550870895386	0.005728003103286028
67	0.7196224331855774	0.0848647877573967	0.1955127865076065	0.05485013499855995	0.9411840438842773	0.003965800628066063
68	0.2319553643465042	0.7000424265861511	0.06800216436386108	0.05613035336136818	0.9347719550132751	0.009097671136260033
69	0.9567959308624268	0.04038644954562187	0.0028176128398627043	0.35649773478507996	0.6291155815124512	0.01438671350479126
70	0.862856924533844	0.10246816277503967	0.03467493876814842	0.13407641649246216	0.845625102519989	0.02029847539961338
71	0.7173607349395752	0.2120542824268341	0.0705849826335907	0.6036335825920105	0.3585560917854309	0.03781026601791382
72	0.4995212256908417	0.1453348845243454	0.35514381527900696	0.31782785058021545	0.6443922519683838	0.03777991607785225
73	0.981823742389679	0.01583065837621689	0.002345586894080043	0.19319777190685272	0.8023794889450073	0.0044227056205272675
74	0.9738605618476868	0.02222263813018799	0.003916753455996513	0.8419620990753174	0.1521138697862625	0.005923990625888109
75	0.9715686440467834	0.025199711322784424	0.003231674199923873	0.4202418029308319	0.566621720790863	0.013136484660208225
76	0.954053521156311	0.03139524161815643	0.01455125492066145	0.1891057938337326	0.7656955718994141	0.045198556035757065
77	0.8951389193534851	0.08655465394258499	0.018306395038962364	0.7907436490058899	0.1487339437007904	0.060522351413965225
78	0.8292769193649292	0.11126343905925751	0.059459660202264786	0.5316036343574524	0.4399375319480896	0.02845880202949047
79	0.9733293652534485	0.01400553248822689	0.01266515627503395	0.211740642786026	0.7593417167663574	0.028917653486132622
80	0.9639538526535034	0.03086422197520733	0.005181949585676193	0.5789088606834412	0.40816983580589294	0.012921317480504513
81	0.9275841116905212	0.06431912630796432	0.008096746169030666	0.15956318378448486	0.8276143670082092	0.0128224678337574
82	0.9427948594093323	0.03911297395825386	0.018092241138219833	0.1866755485534668	0.8051773309707642	0.0081471037119627
83	0.2329634428024292	0.5350461006164551	0.23199044167995453	0.22281301021575928	0.7410337924957275	0.036153197288513184
84	0.9682884216308594	0.02526126243174076	0.006450289394706488	0.5146252512931824	0.4794173538684845	0.005957466550171375
85	0.8154962062835693	0.16832110285758972	0.016182754188776016	0.7905399203300476	0.1987883746623993	0.010671663098037243
86	0.9427482485771179	0.04366005212068558	0.013591610826551914	0.7991125583648682	0.19261665642261505	0.008270817808806896
87	0.9702001810073853	0.02580339089035988	0.0039964462630450726	0.54172283411026	0.43498870730400085	0.023288507014513016
88	0.9447381496429443	0.04688962548971176	0.008372158743441105	0.13941636681556702	0.8522194027900696	0.008364193141460419
89	0.2972929775714874	0.1719418615102768	0.5307651162147522	0.3702041804790497	0.4530443549156189	0.176751509308815
90	0.9539227485656738	0.03372521698474884	0.01235195528715849	0.537868857383728	0.4428197145462036	0.019311448559165
91	0.9447348713874817	0.04879070073366165	0.006474439986050129	0.6994901895523071	0.24940608441829681	0.05110373720526695
92	0.13945432007312775	0.045829396694898605	0.8147162795066833	0.29332390427589417	0.6699499487876892	0.03672614321112633
93	0.47400882840156555	0.17003925144672394	0.3559519350528717	0.22345368564128876	0.7007262110710144	0.07582008838653564
94	0.9762195944786072	0.01882949285209179	0.004950899630784988	0.03896605968475342	0.9534491896629333	0.00758478045463562
95	0.9571545720100403	0.0312156081199646	0.011629837565124035	0.11323925852775574	0.8669658303260803	0.019794858992099762
96	0.6473805904388428	0.132451593875885	0.2201678305864334	0.4543225169181824	0.39812952280044556	0.14754799008369446
97	0.9544732570648193	0.033887479454278946	0.01163923554122448	0.292339950799942	0.698682427406311	0.008977657184004784
98	0.8306153416633606	0.10534050315618515	0.06404411047697067	0.09207136929035187	0.830114483833313	0.07781413942575455
99	0.8449048399925232	0.12757942080497742	0.027515700086951256	0.2813475728034973	0.6898519396781921	0.028800485655665398
100	0.9855124354362488	0.01138647086918354	0.003101072972640395	0.03577651083469391	0.9601709246635437	0.0040525891818106174
101	0.9731765985488892	0.020739974454045296	0.0060834093019366264	0.585405707359314	0.4005346894264221	0.014059574343264103
102	0.9110537767410278	0.04460262507200241	0.044343505054712296	0.08853476494550705	0.9048852324485779	0.006579953245818615
103	0.985299825668335	0.011640294454991817	0.003059897106140852	0.517856240272522	0.38416245579719543	0.09798126667737961
104	0.9666228294372559	0.03037773072719574	0.002999490825459361	0.8965043425559998	0.07666664570569992	0.026829062029719353
105	0.8273094296455383	0.09907113015651703	0.07361944764852524	0.7129124402999878	0.22954732179641724	0.057540323585271835
106	0.7802461385726929	0.17473237216472626	0.04502153769135475	0.19250263273715973	0.7856979370117188	0.021799398586153984
107	0.7887541055679321	0.11905379593372345	0.09219220280647278	0.011666842736303806	0.9630008339881897	0.025332286953926086
108	0.9868764877319336	0.011224830523133278	0.001898653688840568	0.7222004532814026	0.2708999514579773	0.006899668835103512
109	0.6356395483016968	0.18891237676143646	0.17544810473918915	0.13346870243549347	0.8589227199554443	0.007608471903949976
110	0.8087694644927979	0.1554933339357376	0.035737138241529465	0.34849634766578674	0.5641016960144043	0.08740190416574478
111	0.9625194072723389	0.027240408584475517	0.0102402213960886	0.8578907251358032	0.1386876255273819	0.0034217049833387136
112	0.7570592761039734	0.0631466880440712	0.179794043302536	0.1554257571697235	0.8005549907684326	0.044019293040037155
113	0.988481879234314	0.00835821870714426	0.003159840125590563	0.1798790842294693	0.8093507289886475	0.010770219378173351
114	0.9780827760696411	0.018591489642858505	0.003325787140056491	0.04142197594046593	0.9529826641082764	0.005595317110419273
115	0.7902547717094421	0.13480553030967712	0.07493967562913895	0.32622677087783813	0.6493646502494812	0.024408556520938873
116	0.984862208366394	0.013234656304121017	0.0019031261326745152	0.24165122210979462	0.7419478297233582	0.016401004046201706
117	0.8499316573143005	0.12311150133609772	0.026956832036376	0.5004016757011414	0.47050535678863525	0.029092878103256226
118	0.975482165813446	0.021069344133138657	0.0034484281204640865	0.06362079828977585	0.9321399331092834	0.004239171743392944
119	0.8666675090789795	0.07727555185556412	0.05605699121952057	0.17878594994544983	0.6766157150268555	0.14459829032421112
120	0.1564641147851944	0.4729176163673401	0.3706182837486267	0.21709592640399933	0.5044465065002441	0.2784576416015625
121	0.9789708256721497	0.019209926947951317	0.0018193162977695465	0.24820245802402496	0.7469759583473206	0.004821599926799536
122	0.9486528635025024	0.04126688465476036	0.010080219246447086	0.2608710527420044	0.7094885110855103	0.029640449211001396
123	0.756809413433075	0.17899121344089508	0.06419932842254639	0.4574469327926636	0.24296775460243225	0.29958534240722656
124	0.7338886857032776	0.08757534623146057	0.17853602766990662	0.08502528816461563	0.9044516086578369	0.010523015633225441
125	0.9331039190292358	0.051415055990219116	0.015480954200029373	0.0562298446893692	0.942034900188446	0.0017352873692288995
126	0.9704148173332214	0.019554901868104935	0.01003040187060833	0.2905990183353424	0.6903383731842041	0.019062593579292297
127	0.7761585712432861	0.11011125147342682	0.11373020708560944	0.2886422872543335	0.7038778066635132	0.007479870691895485
128	0.7286038994789124	0.19628983736038208	0.07510636746883392	0.034193433821201324	0.9624270796775818	0.0033794420305639505
129	0.902286171913147	0.07707366347312927	0.02064022421836853	0.2543383538722992	0.7260203957557678	0.01964130438864231
130	0.9471777677536011	0.036459531635046005	0.016362719237804413	0.15206553041934967	0.8157999515533447	0.032134540379047394
131	0.9873069524765015	0.011117487214505672	0.0015756511129438877	0.5837281942367554	0.40936973690986633	0.006901975255459547
132	0.6755965948104858	0.293648898601532	0.03075452335178852	0.46720853447914124	0.46727076172828674	0.0655207708477974
133	0.8286486864089966	0.1288183331489563	0.04253295063972473	0.749588668346405	0.23483914136886597	0.01557213719934225
134	0.9666987061500549	0.03007519245147705	0.0032261814922094345	0.39953652024269104	0.5937692523002625	0.006694224197417498
135	0.8789558410644531	0.09193036705255508	0.029113756492733955	0.22055348753929138	0.7681460380554199	0.011300499550998211
136	0.9340815544128418	0.059564366936683655	0.006354113575071096	0.4290655255317688	0.5525017976760864	0.01843266189098358
137	0.9335275888442993	0.045298267155885696	0.021174157038331032	0.3029400110244751	0.6938472390174866	0.003212785581126809
138	0.8556016683578491	0.03922893479466438	0.10516941547393799	0.6214731335639954	0.19537104666233063	0.183155819773674
139	0.9592943787574768	0.03372699394822121	0.006978675257414579	0.33773738145828247	0.6429052352905273	0.019357437267899513
140	0.8342497944831848	0.13843980431556702	0.02731037326157093	0.04656928777694702	0.9421887397766113	0.011241940781474113
141	0.9599184393882751	0.029379691928625107	0.01070194598287344	0.06636013835668564	0.9302834868431091	0.0033562909811735153
142	0.9665278196334839	0.0305628702044487	0.0029092985205352306	0.9588124752044678	0.03896236792206764	0.0022251540794968605
143	0.9843528866767883	0.011326595209538937	0.004320475738495588	0.8310233950614929	0.1601981520652771	0.008778419345617294
144	0.9720627665519714	0.02393265813589096	0.004004545975476503	0.09518235921859741	0.8867236375808716	0.018093986436724663
145	0.3061028718948364	0.18806010484695435	0.505837082862854	0.5943946242332458	0.3247511386871338	0.08085422217845917
146	0.47948724031448364	0.1443575918674469	0.37615522742271423	0.3023485839366913	0.6371247172355652	0.06052662432193756
147	0.866362988948822	0.07643461227416992	0.05720249563455582	0.06467870622873306	0.9322220683097839	0.0030991421081125736
148	0.9472813010215759	0.046061113476753235	0.006657612044364214	0.5867899060249329	0.40979018807411194	0.0034198942594230175
149	0.5409561991691589	0.36833783984184265	0.09070593118667603	0.20447617769241333	0.6882790923118591	0.10724467039108276
150	0.9529233574867249	0.041042499244213104	0.006034144200384617	0.33035808801651	0.6327974796295166	0.036844491958618164
151	0.7699757814407349	0.08469739556312561	0.14532680809497833	0.07455439865589142	0.9022107124328613	0.02323482558131218
152	0.6274483799934387	0.36218398809432983	0.010367709212005138	0.2664925456047058	0.7179090976715088	0.015598327852785587
153	0.9651575684547424	0.031745802611112595	0.003096601227298379	0.011703374795615673	0.9823532104492188	0.0059433504939079285
154	0.9290146827697754	0.06300613284111023	0.007979110814630985	0.4236885905265808	0.5625846982002258	0.013726696372032166
155	0.9602211117744446	0.03632444143295288	0.0034543736837804317	0.48721984028816223	0.510227620601654	0.0025525556411594152
156	0.7386711835861206	0.09368714690208435	0.16764165461063385	0.5693544149398804	0.2047095000743866	0.22593611478805542
157	0.7889885306358337	0.1424219012260437	0.06858957558870316	0.20791079103946686	0.7535011768341064	0.03858797624707222
158	0.9798213243484497	0.016033407300710678	0.0041452134028077126	0.4150639772415161	0.5769168138504028	0.008019227534532547
159	0.9666769504547119	0.022952768951654434	0.010370256379246712	0.2889518439769745	0.6513903737068176	0.059657733887434006
160	0.9095507264137268	0.07283303141593933	0.01761619932949543	0.2306087464094162	0.688992440700531	0.08039876818656921
161	0.9511092901229858	0.04419299215078354	0.004697688855230808	0.17756031453609467	0.7904666066169739	0.03197302669286728
162	0.9778550863265991	0.018139753490686417	0.004005251452326775	0.040980014950037	0.9559893012046814	0.0030306729022413492
163	0.8199465870857239	0.08999628573656082	0.09005708247423172	0.038184914737939835	0.8886390924453735	0.07317602634429932
164	0.9704390168190002	0.024660807102918625	0.004900169093161821	0.5520731806755066	0.4186769723892212	0.029249781742691994
165	0.9329054951667786	0.050272077322006226	0.016822433099150658	0.6394082307815552	0.34776344895362854	0.012828338891267776
166	0.7389762997627258	0.19126944243907928	0.06975417584180832	0.20122340321540833	0.7774884104728699	0.02128821797668934
167	0.9797159433364868	0.0167213287204504	0.003562774509191513	0.7765409350395203	0.2204342484474182	0.0030248556286096573
168	0.979904294013977	0.018123827874660492	0.0019717991817742586	0.08123970776796341	0.9127089977264404	0.006051303818821907
169	0.9794054627418518	0.01248230505734682	0.008112167939543724	0.5037295818328857	0.46394577622413635	0.032324694097042084
170	0.9649299383163452	0.03107646107673645	0.003993579186499119	0.09918883442878723	0.892516553401947	0.008294559083878994
171	0.980090320110321	0.01759766787290573	0.0023119247052818537	0.1683119386434555	0.8269447088241577	0.0047433641739189625
172	0.953676700592041	0.04145091027021408	0.004872355610132217	0.18160727620124817	0.8112831711769104	0.007109573110938072
173	0.4320405125617981	0.4537178575992584	0.11424166709184647	0.235141322016716	0.7132284045219421	0.051630258560180664
174	0.9387427568435669	0.03830670937895775	0.022950535640120506	0.8559154272079468	0.13403144478797913	0.010053074918687344
175	0.9749218821525574	0.020122027024626732	0.004956038203090429	0.6623589992523193	0.3231099545955658	0.014531015418469906
176	0.8972935676574707	0.09219934791326523	0.01050709467381239	0.3982336223125458	0.5918580889701843	0.009908274747431278
177	0.7113981246948242	0.12097550928592682	0.16762641072273254	0.6056175231933594	0.3041263520717621	0.0902562066912651
178	0.9304466247558594	0.05646649748086929	0.013086901977658272	0.9024799466133118	0.0827639028429985	0.014756124466657639
179	0.2409753054380417	0.06074599549174309	0.6982787251472473	0.028028303757309914	0.40711623430252075	0.5648554563522339
180	0.8757686614990234	0.0928521379828453	0.03137921541929245	0.45683377981185913	0.4752023220062256	0.06796379387378693
181	0.9322613477706909	0.061679236590862274	0.006059352308511734	0.03301456570625305	0.9646786451339722	0.0023067633155733347
182	0.9830629825592041	0.0135912224650383	0.003345798933878541	0.016277318820357323	0.9765055179595947	0.00721722561866045
183	0.9563667178153992	0.03985349461436272	0.003779840422794223	0.2940187156200409	0.6944212913513184	0.011559938080608845
184	0.9711069464683533	0.026035653427243233	0.0028573861345648766	0.8030565977096558	0.1937272697687149	0.003216132754459977
185	0.9895777702331543	0.009068015962839127	0.0013542050728574395	0.17213456332683563	0.823763370513916	0.004102111328393221
186	0.9350259900093079	0.05170215666294098	0.013271844014525414	0.305676132440567	0.6899186372756958	0.0044052498415112495
187	0.9588425159454346	0.020291678607463837	0.020865872502326965	0.02877303957939148	0.9650872945785522	0.0061396826058626175
188	0.9733031392097473	0.018740691244602203	0.007956180721521378	0.9362320303916931	0.057307519018650055	0.006460502743721008
189	0.9702404737472534	0.025910085067152977	0.003849472850561142	0.07360704988241196	0.9146140813827515	0.011778860352933407
190	0.9714062809944153	0.023376889526844025	0.005216842982918024	0.7110810875892639	0.2700934112071991	0.01882551796734333
191	0.8831636309623718	0.10874411463737488	0.00809220876544714	0.26720041036605835	0.6584959030151367	0.07430370151996613
192	0.9772979021072388	0.017219925299286842	0.0054821232333779335	0.23598593473434448	0.7352088093757629	0.028805222362279892
193	0.9364659190177917	0.05720532312989235	0.006328699644654989	0.12818019092082977	0.8608270287513733	0.010992801748216152
194	0.9807884097099304	0.010808444581925869	0.008403120562434196	0.028544744476675987	0.9662603735923767	0.005194847006350756
195	0.9683598279953003	0.028472237288951874	0.003167962422594428	0.5672085881233215	0.42332515120506287	0.009466340765357018
196	0.9104758501052856	0.06450055539608002	0.025023572146892548	0.3521542549133301	0.5672043561935425	0.08064130693674088
197	0.7299007177352905	0.09300436079502106	0.1770949512720108	0.028760286048054695	0.9523780941963196	0.018861744552850723
198	0.9040422439575195	0.062001973390579224	0.03395579755306244	0.5153418779373169	0.46784707903862	0.01681099832057953
199	0.927695631980896	0.06514880806207657	0.007155602797865868	0.6442520618438721	0.34915369749069214	0.006594199687242508
