0	0.9865131974220276	0.01209750585258007	0.0013892634306102991	0.9832278490066528	0.01543797180056572	0.001334255444817245
1	0.9349870085716248	0.032299529761075974	0.032713476568460464	0.9276479482650757	0.04573654383420944	0.026615528389811516
2	0.9774135947227478	0.018185872584581375	0.004400575999170542	0.973207414150238	0.019496267661452293	0.007296288851648569
3	0.7070660591125488	0.13427448272705078	0.1586594432592392	0.9188304543495178	0.03363742679357529	0.047532107681035995
4	0.968379557132721	0.029567211866378784	0.002053253585472703	0.987953782081604	0.010094012133777142	0.001952235703356564
5	0.9861534833908081	0.012187471613287926	0.0016591438325121999	0.9881985783576965	0.010307541117072105	0.0014938366366550326
6	0.13478653132915497	0.8544397950172424	0.010773641988635063	0.8900450468063354	0.09890805929899216	0.011046923696994781
7	0.9836464524269104	0.015272639691829681	0.00108089460991323	0.9901756644248962	0.008297373540699482	0.0015269415453076363
8	0.9611594080924988	0.03564875200390816	0.003191816620528698	0.9917113780975342	0.006957456935197115	0.0013312158407643437
9	0.8822071552276611	0.09004983305931091	0.027743032202124596	0.8272444605827332	0.09681706130504608	0.0759384036064148
10	0.041167762130498886	0.9572348594665527	0.0015973111148923635	0.8892326951026917	0.09384148567914963	0.01692577823996544
11	0.9746747016906738	0.02244591899216175	0.0028794158715754747	0.974024772644043	0.023696430027484894	0.0022787759080529213
12	0.975200891494751	0.01993841677904129	0.00486065773293376	0.9737154245376587	0.019467581063508987	0.006816978100687265
13	0.5947769284248352	0.20439031720161438	0.20083272457122803	0.7270554900169373	0.19225475192070007	0.0806896761059761
14	0.9833198189735413	0.014417003840208054	0.0022631478495895863	0.984237015247345	0.013897747732698917	0.0018651476129889488
15	0.8718323707580566	0.06355424225330353	0.06461339443922043	0.8121815323829651	0.05337585508823395	0.13444258272647858
16	0.9628844857215881	0.0325060673058033	0.004609475843608379	0.32589343190193176	0.6625955700874329	0.011510917916893959
17	0.9648346304893494	0.027630744501948357	0.007534665521234274	0.9335998296737671	0.05792512372136116	0.008475170470774174
18	0.11022983491420746	0.6111298203468323	0.27864035964012146	0.4841676950454712	0.29833266139030457	0.21749965846538544
19	0.9883164763450623	0.009444613009691238	0.0022388529032468796	0.9891636371612549	0.009087680839002132	0.0017486619763076305
20	0.9643920660018921	0.032609082758426666	0.0029988968744874	0.9627812504768372	0.033072810620069504	0.004145916551351547
21	0.9845230579376221	0.012343039736151695	0.003133846912533045	0.9696037173271179	0.027305562049150467	0.0030908132903277874
22	0.7957455515861511	0.06417340040206909	0.14008095860481262	0.9578917026519775	0.021274680271744728	0.020833607763051987
23	0.9529285430908203	0.036553144454956055	0.010518338531255722	0.34285664558410645	0.652740478515625	0.004402868915349245
24	0.9805506467819214	0.01730472780764103	0.0021445532329380512	0.9705149531364441	0.027382908388972282	0.002102132886648178
25	0.893097460269928	0.065738245844841	0.04116430878639221	0.9714608192443848	0.021904559805989265	0.006634606048464775
26	0.9754860997200012	0.020817982032895088	0.003695965511724353	0.5446605682373047	0.4374910593032837	0.017848417162895203
27	0.9814127683639526	0.01693994738161564	0.0016472265124320984	0.9738678932189941	0.02342918887734413	0.002702895784750581
28	0.9794104099273682	0.01588801108300686	0.004701545927673578	0.9867237210273743	0.008978662081062794	0.004297586623579264
29	0.9676548838615417	0.028431003913283348	0.003914103377610445	0.4706030786037445	0.5052498579025269	0.02414707839488983
30	0.22970765829086304	0.6916992664337158	0.07859308272600174	0.9392538666725159	0.039013128727674484	0.021732939407229424
31	0.9787818789482117	0.01799740269780159	0.0032207400072366	0.98687344789505	0.011039516888558865	0.002087055239826441
32	0.9840685725212097	0.013857916928827763	0.002073474694043398	0.9732257127761841	0.02419290319085121	0.0025813428219407797
33	0.1049760952591896	0.1580614149570465	0.7369624972343445	0.18366149067878723	0.08102995902299881	0.7353085279464722
34	0.9772493839263916	0.01813378371298313	0.00461677135899663	0.9797035455703735	0.017979908734560013	0.0023165750317275524
35	0.22036607563495636	0.5566582083702087	0.22297565639019012	0.8465195298194885	0.09916705638170242	0.05431341379880905
36	0.49196675419807434	0.4315709173679352	0.0764622688293457	0.7565719485282898	0.2094084620475769	0.034019675105810165
37	0.9808434844017029	0.01616806723177433	0.002988480729982257	0.9747658967971802	0.01866329275071621	0.0065708342008292675
38	0.9356671571731567	0.05927512049674988	0.005057729315012693	0.973681628704071	0.02230321243405342	0.0040151095017790794
39	0.7922343015670776	0.07372543215751648	0.13404026627540588	0.5458309650421143	0.12190750241279602	0.33226150274276733
40	0.5764711499214172	0.2375025600194931	0.18602629005908966	0.04789641126990318	0.7561565041542053	0.19594706594944
41	0.9550015926361084	0.041987091302871704	0.003011358669027686	0.9680295586585999	0.029383784160017967	0.0025866918731480837
42	0.9527119994163513	0.04560830816626549	0.0016796801937744021	0.9818986058235168	0.013716379180550575	0.004385044332593679
43	0.9752445816993713	0.022190505638718605	0.0025649198796600103	0.9842972159385681	0.011975223198533058	0.003727553877979517
44	0.8053891658782959	0.17429277300834656	0.020318059250712395	0.8687090277671814	0.1272536665201187	0.004037322476506233
45	0.6936528086662292	0.13240619003772736	0.17394103109836578	0.7337931394577026	0.08074973523616791	0.18545714020729065
46	0.9810681939125061	0.016708796843886375	0.0022230311296880245	0.9809061288833618	0.016815336421132088	0.0022785584442317486
47	0.9735264778137207	0.01981690526008606	0.006656577344983816	0.9773461818695068	0.017431022599339485	0.0052228947170078754
48	0.8305869698524475	0.04091249406337738	0.1285005509853363	0.5824708938598633	0.060874734073877335	0.35665440559387207
49	0.9770088791847229	0.01944630593061447	0.0035447939299046993	0.9767190217971802	0.019626017659902573	0.00365492538549006
50	0.6116961240768433	0.17468364536762238	0.21362027525901794	0.7210800051689148	0.12917685508728027	0.14974310994148254
51	0.9782950282096863	0.018236150965094566	0.003468841314315796	0.9402725696563721	0.05375837907195091	0.0059690517373383045
52	0.18923161923885345	0.46940016746520996	0.3413681983947754	0.3093557357788086	0.32651984691619873	0.3641244173049927
53	0.6974580883979797	0.16587409377098083	0.136667862534523	0.9039689898490906	0.06307432055473328	0.032956693321466446
54	0.6498775482177734	0.13657046854496002	0.21355199813842773	0.5893223881721497	0.1949125975370407	0.21576492488384247
55	0.5885457396507263	0.18088485300540924	0.23056945204734802	0.5135897994041443	0.2813301980495453	0.20508001744747162
56	0.9640961289405823	0.029793988913297653	0.006109835114330053	0.9659801125526428	0.028766870498657227	0.005252974107861519
57	0.6369118690490723	0.20916913449764252	0.15391893684864044	0.8507794737815857	0.07341768592596054	0.07580278813838959
58	0.9826903939247131	0.01540389098227024	0.0019057652680203319	0.9739978313446045	0.023096999153494835	0.002905142493546009
59	0.8414852023124695	0.10304147750139236	0.055473338812589645	0.864591121673584	0.07083715498447418	0.06457174569368362
60	0.9855626821517944	0.012748218141496181	0.0016891277628019452	0.985909640789032	0.012331941165030003	0.0017585152527317405
61	0.9558357000350952	0.03974730893969536	0.004417078103870153	0.9753425121307373	0.019595539197325706	0.005061971955001354
62	0.9681274890899658	0.026846393942832947	0.00502610532566905	0.9875895380973816	0.010163767263293266	0.002246742369607091
63	0.8901715278625488	0.0544537678360939	0.055374715477228165	0.8789410591125488	0.040229130536317825	0.08082973957061768
64	0.5605608820915222	0.4317503869533539	0.007688689976930618	0.9325655698776245	0.0647902637720108	0.002644243882969022
65	0.9862160682678223	0.012555351480841637	0.0012285502161830664	0.9753336906433105	0.023095697164535522	0.0015707232523709536
66	0.8879327774047852	0.09229432046413422	0.019772984087467194	0.7304184436798096	0.23769691586494446	0.03188469633460045
67	0.8298833966255188	0.03451955318450928	0.13559705018997192	0.957355797290802	0.022422539070248604	0.020221667364239693
68	0.9736972451210022	0.024496382102370262	0.0018062882591038942	0.9779350161552429	0.01858622580766678	0.0034788898192346096
69	0.9839731454849243	0.01372423768043518	0.0023027134593576193	0.9831045269966125	0.014400698244571686	0.0024947896599769592
70	0.97450190782547	0.021260088309645653	0.004238021560013294	0.9800984859466553	0.017311301082372665	0.0025902411434799433
71	0.9289827942848206	0.06104069948196411	0.00997654814273119	0.9579460620880127	0.03568998724222183	0.00636395113542676
72	0.9691683053970337	0.028164826333522797	0.0026668207719922066	0.9833969473838806	0.01444848533719778	0.0021545514464378357
73	0.9778270125389099	0.019966155290603638	0.0022067709360271692	0.9775363802909851	0.02037208527326584	0.002091545145958662
74	0.9775280356407166	0.01977439969778061	0.002697611693292856	0.9828328490257263	0.015407349914312363	0.0017597642727196217
75	0.275164932012558	0.5883346796035767	0.13650035858154297	0.7610241770744324	0.2052241563796997	0.03375167399644852
76	0.9808282256126404	0.016733162105083466	0.002438540104776621	0.9787560701370239	0.018104596063494682	0.003139348467811942
77	0.9824019074440002	0.01330819446593523	0.004289856180548668	0.9827874898910522	0.014108437113463879	0.003104081144556403
78	0.9817875623703003	0.015444205142557621	0.002768156351521611	0.9581294059753418	0.03938082605600357	0.0024897363036870956
79	0.9567449688911438	0.04144783318042755	0.0018071605591103435	0.9761589169502258	0.022031376138329506	0.00180971366353333
80	0.9860442876815796	0.012405632063746452	0.0015500275185331702	0.9861341118812561	0.012485248036682606	0.00138067954685539
81	0.9674392938613892	0.0276769008487463	0.00488376896828413	0.770596444606781	0.22454161942005157	0.004861866123974323
82	0.9849753975868225	0.013408400118350983	0.001616094377823174	0.9858017563819885	0.012640530243515968	0.0015576538862660527
83	0.9552384614944458	0.03645512834191322	0.008306358009576797	0.9511411190032959	0.026753433048725128	0.022105561569333076
84	0.9838274717330933	0.01436719112098217	0.0018053295789286494	0.9551270604133606	0.04096351936459541	0.00390936154872179
85	0.9872549772262573	0.009200108237564564	0.0035448865965008736	0.9853248000144958	0.01014973409473896	0.00452549010515213
86	0.9667294025421143	0.030677352100610733	0.0025932290591299534	0.9766097664833069	0.01859043352305889	0.004799814894795418
87	0.9792206287384033	0.01832217536866665	0.0024571758694946766	0.9546061158180237	0.043427884578704834	0.0019659921526908875
88	0.9815683960914612	0.017096251249313354	0.0013353460235521197	0.9849737882614136	0.013097161427140236	0.0019290671916678548
89	0.9004631042480469	0.024703290313482285	0.07483356446027756	0.937066912651062	0.02142113633453846	0.04151188209652901
90	0.8658328652381897	0.054647479206323624	0.07951971143484116	0.6915640830993652	0.09079135954380035	0.21764451265335083
91	0.9747504591941833	0.020625894889235497	0.004623665940016508	0.9653434753417969	0.030435582622885704	0.004220922477543354
92	0.9832804203033447	0.01467510312795639	0.00204445025883615	0.9525514245033264	0.04148705676198006	0.0059614768251776695
93	0.641357958316803	0.1862032413482666	0.17243880033493042	0.9649716019630432	0.026616772636771202	0.008411543443799019
94	0.977202832698822	0.021237177774310112	0.0015600428450852633	0.9765346050262451	0.021941648796200752	0.0015237180050462484
95	0.9783455729484558	0.01803852990269661	0.0036159418523311615	0.9812993407249451	0.014352907426655293	0.004347783513367176
96	0.9772791862487793	0.020107358694076538	0.0026134783402085304	0.9801320433616638	0.016992731019854546	0.002875223755836487
97	0.9820937514305115	0.010592130944132805	0.00731418002396822	0.9653618931770325	0.020862217992544174	0.013775900937616825
98	0.9835186004638672	0.014636463485658169	0.0018449794733896852	0.9829474091529846	0.01532883383333683	0.0017237917054444551
99	0.9127192497253418	0.047324273735284805	0.039956506341695786	0.9346171021461487	0.04741609841585159	0.01796683482825756
100	0.9648167490959167	0.03311245143413544	0.002070847898721695	0.9645722508430481	0.033010538667440414	0.002417230512946844
101	0.9819619059562683	0.015112745575606823	0.0029253573156893253	0.9797118306159973	0.01839319057762623	0.0018949934747070074
102	0.18466588854789734	0.10101672261953354	0.7143174409866333	0.1679515540599823	0.08220519125461578	0.7498432397842407
103	0.9663414359092712	0.024509361013770103	0.009149215184152126	0.13197600841522217	0.8641420602798462	0.003881999058648944
104	0.9614442586898804	0.016035130247473717	0.022520583122968674	0.9103381633758545	0.055699486285448074	0.03396234288811684
105	0.9857572913169861	0.012518771924078465	0.0017239712178707123	0.9803953766822815	0.0179690383374691	0.0016356136184185743
106	0.9828365445137024	0.015284394845366478	0.0018790903268381953	0.9805006980895996	0.017105787992477417	0.002393591683357954
107	0.9854788780212402	0.010487795807421207	0.004033372737467289	0.977912962436676	0.016038397327065468	0.006048597861081362
108	0.9740390181541443	0.01973985694348812	0.006221192888915539	0.9243028163909912	0.04038737714290619	0.035309791564941406
109	0.9815558791160583	0.016077246516942978	0.0023669099900871515	0.9792323708534241	0.01882448047399521	0.0019431737018749118
110	0.46677395701408386	0.5276009440422058	0.0056249825283885	0.9695720076560974	0.027442948892712593	0.0029849670827388763
111	0.7035416960716248	0.09769757837057114	0.19876067340373993	0.1832350790500641	0.7223224639892578	0.09444250911474228
112	0.9382036924362183	0.048080045729875565	0.013716311194002628	0.9681306481361389	0.02653016895055771	0.0053391773253679276
113	0.9555070996284485	0.03891716152429581	0.005575765389949083	0.9839169383049011	0.014204593375325203	0.0018785170977935195
114	0.9851357340812683	0.013626973144710064	0.0012373131467029452	0.9474894404411316	0.0491119809448719	0.003398601897060871
115	0.9898245930671692	0.008341774344444275	0.0018336857901886106	0.988716185092926	0.009523036889731884	0.0017607298213988543
116	0.9360674619674683	0.05818692594766617	0.005745496600866318	0.8931396007537842	0.09530715644359589	0.011553329415619373
117	0.9691901206970215	0.02462787926197052	0.0061820195987820625	0.9693999290466309	0.024685265496373177	0.005914756562560797
118	0.97608882188797	0.02148832380771637	0.002422833815217018	0.7043853402137756	0.27555450797080994	0.02006017602980137
119	0.9777646660804749	0.019602499902248383	0.0026328428648412228	0.9841248989105225	0.01407347060739994	0.0018016798421740532
120	0.98579341173172	0.012653082609176636	0.0015535862185060978	0.9858270287513733	0.011949035339057446	0.002223904710263014
121	0.5955708026885986	0.10699979215860367	0.2974294126033783	0.44955068826675415	0.3435167074203491	0.20693255960941315
122	0.4607878625392914	0.5277238488197327	0.01148821972310543	0.9611700773239136	0.03137720748782158	0.007452715653926134
123	0.9763355851173401	0.016210101544857025	0.007454325444996357	0.9456123113632202	0.035157956182956696	0.019229795783758163
124	0.960863471031189	0.03610067069530487	0.003035899018868804	0.9495812058448792	0.046398792415857315	0.004019985906779766
125	0.6208650469779968	0.3259367346763611	0.05319827422499657	0.9782243967056274	0.01359768770635128	0.00817787367850542
126	0.9826770424842834	0.013997672125697136	0.003325204597786069	0.9832276105880737	0.013518115505576134	0.0032542606350034475
127	0.37181538343429565	0.264896422624588	0.36328816413879395	0.20723100006580353	0.31399038434028625	0.47877854108810425
128	0.9807795882225037	0.016136322170495987	0.0030841047409921885	0.974677324295044	0.02272893488407135	0.0025936891324818134
129	0.9767705202102661	0.021323658525943756	0.0019057937897741795	0.9766921997070312	0.021330639719963074	0.001977211330085993
130	0.9813565015792847	0.0160501841455698	0.002593298675492406	0.9820755124092102	0.015431485138833523	0.002493065083399415
131	0.9754011631011963	0.019768573343753815	0.004830284975469112	0.9776290655136108	0.01961531490087509	0.002755699446424842
132	0.9811100959777832	0.015605119056999683	0.0032847982365638018	0.7628645896911621	0.2068718522787094	0.030263589695096016
133	0.972392201423645	0.023436695337295532	0.0041710734367370605	0.9728636145591736	0.02349867857992649	0.0036376386415213346
134	0.981526255607605	0.014479396864771843	0.003994408063590527	0.9815834164619446	0.014579329639673233	0.0038372217677533627
135	0.872749388217926	0.12093425542116165	0.006316341459751129	0.9645538330078125	0.033406417816877365	0.0020397016778588295
136	0.21661238372325897	0.5523971915245056	0.23099039494991302	0.01735915243625641	0.8351884484291077	0.14745235443115234
137	0.1009993702173233	0.09127666056156158	0.8077239990234375	0.06586562842130661	0.11048296093940735	0.8236514329910278
138	0.9870748519897461	0.0086556700989604	0.004269540775567293	0.9832822680473328	0.010903432033956051	0.005814339965581894
139	0.6569951176643372	0.32581111788749695	0.017193812876939774	0.9823155999183655	0.015404156409204006	0.0022801749873906374
140	0.9713394641876221	0.02588132582604885	0.002779239322990179	0.9773788452148438	0.01949634589254856	0.0031248496379703283
141	0.9730461239814758	0.02243264764547348	0.004521288443356752	0.9670772552490234	0.026475585997104645	0.006447230465710163
142	0.11652252078056335	0.21915127336978912	0.6643262505531311	0.18794988095760345	0.22319693863391876	0.5888531804084778
143	0.9268966317176819	0.051340945065021515	0.021762507036328316	0.8806129693984985	0.07677208632230759	0.042614951729774475
144	0.9782329797744751	0.01900733821094036	0.002759697148576379	0.981410801410675	0.01597381941974163	0.0026154310908168554
145	0.8752374053001404	0.11991872638463974	0.0048438189551234245	0.9182419776916504	0.07725536078214645	0.0045026326552033424
146	0.9422428607940674	0.05256776884198189	0.00518936337903142	0.9287389516830444	0.06126873195171356	0.009992299601435661
147	0.977562665939331	0.020314183086156845	0.0021231002174317837	0.9571334719657898	0.039902474731206894	0.002964029088616371
148	0.9806298613548279	0.015131602995097637	0.00423851702362299	0.9657016396522522	0.02982351928949356	0.004474833142012358
149	0.24894756078720093	0.26160097122192383	0.48945146799087524	0.21122831106185913	0.38108620047569275	0.40768545866012573
150	0.961101233959198	0.03324848785996437	0.005650270264595747	0.9332473874092102	0.05562075600028038	0.011131799779832363
151	0.9540804028511047	0.04328736662864685	0.0026321818586438894	0.9871262907981873	0.011283989995718002	0.0015898216515779495
152	0.9792906641960144	0.019243823364377022	0.0014654203550890088	0.9838207960128784	0.014284955337643623	0.001894187880679965
153	0.9679797291755676	0.02879475988447666	0.0032255358528345823	0.9776464104652405	0.019725725054740906	0.0026277899742126465
154	0.9799673557281494	0.01346251554787159	0.006570169702172279	0.8961561918258667	0.07002023607492447	0.03382354974746704
155	0.2940797209739685	0.14311714470386505	0.5628030896186829	0.043780822306871414	0.08424684405326843	0.871972382068634
156	0.9869786500930786	0.011242211796343327	0.0017790528945624828	0.9875904321670532	0.010665111243724823	0.0017443604301661253
157	0.9652370810508728	0.03227612376213074	0.002486801939085126	0.6358956098556519	0.35774824023246765	0.006356093566864729
158	0.9069960713386536	0.07672242820262909	0.016281528398394585	0.696973443031311	0.1689363270998001	0.13409017026424408
159	0.9525831341743469	0.03687732666730881	0.010539548471570015	0.9188894629478455	0.07433225959539413	0.006778199225664139
160	0.678358256816864	0.306464821100235	0.015176893211901188	0.6628478765487671	0.22207100689411163	0.11508119851350784
161	0.9043172597885132	0.07724548876285553	0.018437199294567108	0.9077804088592529	0.08220861107110977	0.010010994970798492
162	0.9876987934112549	0.010055151768028736	0.0022460471373051405	0.9642073512077332	0.032874468713998795	0.0029181698337197304
163	0.9867082834243774	0.011073394678533077	0.002218283014371991	0.9801614880561829	0.016948111355304718	0.0028903663624078035
164	0.9094913601875305	0.06599408388137817	0.02451462671160698	0.9310653209686279	0.04019369184970856	0.028740940615534782
165	0.9808408617973328	0.012423111125826836	0.006736024282872677	0.9838289618492126	0.011545689776539803	0.004625312518328428
166	0.9801183938980103	0.01853746548295021	0.0013441086048260331	0.9829960465431213	0.01564478874206543	0.0013592428294941783
167	0.20639310777187347	0.2432832419872284	0.5503236651420593	0.26838019490242004	0.19412992894649506	0.5374898910522461
168	0.973466694355011	0.020476609468460083	0.006056644953787327	0.810111939907074	0.18602783977985382	0.003860179102048278
169	0.9882888793945312	0.008705812506377697	0.003005240112543106	0.9835510849952698	0.013404968194663525	0.0030438899993896484
170	0.9482398629188538	0.04660975560545921	0.0051504336297512054	0.9370608329772949	0.06013544276356697	0.0028037659358233213
171	0.943522036075592	0.04611695557832718	0.010360999964177608	0.9790096282958984	0.017184283584356308	0.003806076943874359
172	0.9811825156211853	0.01641518995165825	0.002402334241196513	0.9726763367652893	0.024509521201252937	0.002814197912812233
173	0.9211931824684143	0.0406174436211586	0.0381893664598465	0.8054274916648865	0.06119241565465927	0.13338014483451843
174	0.9775807857513428	0.02049868181347847	0.0019205788848921657	0.9894214868545532	0.008424205705523491	0.002154276706278324
175	0.95526522397995	0.036498572677373886	0.008236204273998737	0.977262556552887	0.021279659122228622	0.0014577389229089022
176	0.9806764125823975	0.01179559901356697	0.0075279781594872475	0.9775517582893372	0.01230595912784338	0.010142318904399872
177	0.8709445595741272	0.05339004471898079	0.07566532492637634	0.835273027420044	0.054435040801763535	0.11029182374477386
178	0.9741569757461548	0.018841473385691643	0.007001479156315327	0.9222854971885681	0.053616710007190704	0.02409786731004715
179	0.9847196340560913	0.011594558134675026	0.003685812931507826	0.9831522703170776	0.012807213701307774	0.00404047267511487
180	0.9735670685768127	0.021161949262022972	0.005271052476018667	0.9636297225952148	0.027856750413775444	0.008513565175235271
181	0.9687504768371582	0.025330359116196632	0.005919111426919699	0.9673905372619629	0.029608527198433876	0.003000938566401601
182	0.9508561491966248	0.045017044991254807	0.004126715939491987	0.9378578066825867	0.05776352807879448	0.004378647543489933
183	0.48947426676750183	0.07958512008190155	0.43094053864479065	0.5439473390579224	0.16748753190040588	0.28856518864631653
184	0.9789867997169495	0.015100596472620964	0.005912635009735823	0.9794335961341858	0.015102208591997623	0.0054641361348330975
185	0.48588865995407104	0.14740660786628723	0.3667047619819641	0.5401683449745178	0.06285019218921661	0.39698153734207153
186	0.9877150654792786	0.009069605730473995	0.0032152412459254265	0.9861866235733032	0.010043812915682793	0.003769511356949806
187	0.9901378154754639	0.008320150896906853	0.0015420025447383523	0.990535318851471	0.00794566422700882	0.0015189495170488954
188	0.982337236404419	0.013770139776170254	0.0038925972767174244	0.9831136465072632	0.012547548860311508	0.004338823724538088
189	0.9856597185134888	0.012767231091856956	0.0015731010353192687	0.9836633205413818	0.01460506021976471	0.0017316401936113834
190	0.9428830742835999	0.04750118777155876	0.009615768678486347	0.950442373752594	0.04301420971751213	0.006543336436152458
191	0.9667506217956543	0.031204918399453163	0.0020444856490939856	0.9807561039924622	0.015004372224211693	0.004239531699568033
192	0.9874546527862549	0.00995644461363554	0.002588824136182666	0.9876647591590881	0.010051430203020573	0.002283821115270257
193	0.7670485377311707	0.08090100437402725	0.15205040574073792	0.7083518505096436	0.10476313531398773	0.1868850439786911
194	0.4482686519622803	0.08825705945491791	0.4634743630886078	0.9124885201454163	0.02736499160528183	0.060146529227495193
195	0.9434525966644287	0.05218634009361267	0.004361051134765148	0.9800891876220703	0.017717840149998665	0.002193059539422393
196	0.9809545278549194	0.01545331533998251	0.0035921591334044933	0.9808354377746582	0.01543024368584156	0.0037343488074839115
197	0.893625020980835	0.06965557485818863	0.03671936318278313	0.9459114670753479	0.031871143728494644	0.022217348217964172
198	0.19981585443019867	0.03896331414580345	0.7612208127975464	0.2513822615146637	0.06003826484084129	0.6885794401168823
199	0.9661303162574768	0.020186707377433777	0.013683008030056953	0.32850882411003113	0.6572287678718567	0.014262393116950989
