0	0.06326322257518768	0.253117173910141	0.6836196780204773	0.034193649888038635	0.08438482135534286	0.8814215660095215
1	0.01915644481778145	0.013453816995024681	0.9673897624015808	0.008311823010444641	0.007451863959431648	0.9842363595962524
2	0.25325143337249756	0.7172225713729858	0.0295259989798069	0.8183533549308777	0.11296140402555466	0.06868515908718109
3	0.19713656604290009	0.7232130169868469	0.07965033501386642	0.6579033732414246	0.2281242311000824	0.11397238820791245
4	0.8565811514854431	0.090762197971344	0.052656617015600204	0.7868353724479675	0.1978820413351059	0.01528252474963665
5	0.27500659227371216	0.605190634727478	0.11980278044939041	0.2666207551956177	0.5230386257171631	0.21034060418605804
6	0.09246036410331726	0.5912826657295227	0.31625694036483765	0.44010093808174133	0.2368166148662567	0.32308247685432434
7	0.26528048515319824	0.7167261242866516	0.01799328438937664	0.8674060106277466	0.12067589908838272	0.011918129399418831
8	0.19009459018707275	0.5187863111495972	0.2911190390586853	0.42127203941345215	0.40126827359199524	0.17745965719223022
9	0.1361299753189087	0.15847980976104736	0.705390214920044	0.4833448827266693	0.13246475160121918	0.3841903805732727
10	0.26185402274131775	0.7348569631576538	0.0032890811562538147	0.853706955909729	0.1077352911233902	0.0385577566921711
11	0.5802705883979797	0.12483201920986176	0.2948974072933197	0.7309611439704895	0.06465726345777512	0.20438165962696075
12	0.07632355391979218	0.9114082455635071	0.012268145568668842	0.1709894984960556	0.7325064539909363	0.0965040922164917
13	0.3005947172641754	0.5127029418945312	0.18670231103897095	0.25682517886161804	0.1286953091621399	0.6144794225692749
14	0.6617956757545471	0.2764950394630432	0.06170933321118355	0.7380035519599915	0.21705283224582672	0.04494360834360123
15	0.2161349058151245	0.7731345891952515	0.010730496607720852	0.9288021922111511	0.0669325515627861	0.0042652552947402
16	0.10571077466011047	0.811843991279602	0.08244529366493225	0.7238750457763672	0.20082160830497742	0.0753033310174942
17	0.13781742751598358	0.4857775568962097	0.3764050602912903	0.305428683757782	0.2596917152404785	0.4348796308040619
18	0.09686500579118729	0.5943049788475037	0.30882999300956726	0.21568144857883453	0.39201775193214417	0.3923008441925049
19	0.10653434693813324	0.3012292981147766	0.592236340045929	0.2021419107913971	0.2861712574958801	0.5116868615150452
20	0.18215179443359375	0.4910593628883362	0.3267887830734253	0.16370642185211182	0.356521338224411	0.4797722101211548
21	0.298515260219574	0.6688286662101746	0.03265607729554176	0.5634667873382568	0.4204646050930023	0.01606856659054756
22	0.0339045450091362	0.1012459471821785	0.8648495078086853	0.05335225537419319	0.0950297862291336	0.8516179323196411
23	0.2987874448299408	0.6082738637924194	0.09293868392705917	0.7621510028839111	0.20793819427490234	0.029910773038864136
24	0.2107500582933426	0.6965605616569519	0.09268931299448013	0.7786226868629456	0.05994454398751259	0.16143278777599335
25	0.2504791021347046	0.6141477823257446	0.1353730857372284	0.48081880807876587	0.29691508412361145	0.22226615250110626
26	0.2264765501022339	0.3970256745815277	0.37649768590927124	0.21986129879951477	0.4646473824977875	0.31549134850502014
27	0.6157289147377014	0.1695498377084732	0.2147212028503418	0.9562197327613831	0.03390992060303688	0.00987026933580637
28	0.900211751461029	0.04234328493475914	0.05744493752717972	0.968616247177124	0.02275562845170498	0.008628148585557938
29	0.3465072512626648	0.403922438621521	0.24957025051116943	0.39609041810035706	0.15041713416576385	0.4534924030303955
30	0.9547133445739746	0.03801986575126648	0.0072668204084038734	0.9542468786239624	0.04104950278997421	0.0047035543248057365
31	0.6064435839653015	0.37788721919059753	0.0156691987067461	0.7501484155654907	0.2298319935798645	0.02001962438225746
32	0.11488980799913406	0.8723777532577515	0.012732471339404583	0.22928261756896973	0.7597185373306274	0.010998801328241825
33	0.3455721437931061	0.4503171145915985	0.204110786318779	0.8567456007003784	0.04300050064921379	0.1002538725733757
34	0.33002954721450806	0.357047975063324	0.3129224479198456	0.4711567163467407	0.2768178880214691	0.25202539563179016
35	0.1498459428548813	0.3479410707950592	0.5022130608558655	0.5822446942329407	0.22972868382930756	0.1880265176296234
36	0.7446519136428833	0.23010122776031494	0.025246936827898026	0.9322630167007446	0.0652523785829544	0.0024845944717526436
37	0.7527022361755371	0.21456937491893768	0.0327284000813961	0.9209421873092651	0.06945814192295074	0.00959965493530035
38	0.12611213326454163	0.37046414613723755	0.5034236907958984	0.1471671462059021	0.349715918302536	0.5031169056892395
39	0.10132049024105072	0.4080599248409271	0.49061959981918335	0.5686551332473755	0.2164958119392395	0.21484902501106262
40	0.7960781455039978	0.1913197934627533	0.012602045200765133	0.9615499377250671	0.027754224836826324	0.010695841163396835
41	0.17333441972732544	0.8062028288841248	0.020462745800614357	0.7211104035377502	0.2241995483636856	0.054690077900886536
42	0.1161002591252327	0.8571600317955017	0.026739612221717834	0.3881673216819763	0.45327240228652954	0.15856026113033295
43	0.20395413041114807	0.3906540274620056	0.4053918421268463	0.2906201481819153	0.4607635736465454	0.24861635267734528
44	0.7704222202301025	0.16874639689922333	0.060831353068351746	0.7522718906402588	0.23035354912281036	0.017374536022543907
45	0.2941141128540039	0.6724261045455933	0.03345973789691925	0.30228638648986816	0.3271218538284302	0.37059178948402405
46	0.09596037864685059	0.30725955963134766	0.596780002117157	0.026959028095006943	0.08802691102027893	0.8850141167640686
47	0.11425488442182541	0.8215359449386597	0.0642092227935791	0.6305878758430481	0.285736083984375	0.08367600291967392
48	0.32054078578948975	0.413301557302475	0.2661576569080353	0.7380831837654114	0.1571701020002365	0.1047467514872551
49	0.037108439952135086	0.94770747423172	0.015184120275080204	0.3412923812866211	0.6035562753677368	0.05515141040086746
50	0.02351619303226471	0.14551757276058197	0.8309662342071533	0.04803436994552612	0.17197322845458984	0.779992401599884
51	0.7102993130683899	0.204970583319664	0.08473008871078491	0.9486886858940125	0.035999711602926254	0.015311548486351967
52	0.09455528855323792	0.6697587966918945	0.23568585515022278	0.31001362204551697	0.3356987535953522	0.3542875647544861
53	0.09579391032457352	0.867514431476593	0.036691609770059586	0.8493096828460693	0.1261240541934967	0.024566197767853737
54	0.11733762919902802	0.8340898156166077	0.04857255145907402	0.0119612542912364	0.972272515296936	0.015766188502311707
55	0.26127877831459045	0.36438170075416565	0.3743394911289215	0.8219700455665588	0.11313273757696152	0.06489721685647964
56	0.090233713388443	0.8395841121673584	0.07018212974071503	0.4372915029525757	0.4744461178779602	0.08826237171888351
57	0.01956893503665924	0.4220994710922241	0.5583316683769226	0.01574784517288208	0.28138142824172974	0.702870786190033
58	0.4012203812599182	0.4837433397769928	0.1150362491607666	0.8447675108909607	0.06084431707859039	0.09438813477754593
59	0.7482690811157227	0.2251347303390503	0.026596227660775185	0.9050834774971008	0.07251755148172379	0.022398989647626877
60	0.013402160257101059	0.5344935655593872	0.4521043002605438	0.03532717376947403	0.5992624759674072	0.36541032791137695
61	0.019393879920244217	0.11325172334909439	0.8673544526100159	0.06177118048071861	0.060081250965595245	0.878147542476654
62	0.09188829362392426	0.6533564925193787	0.2547551989555359	0.703808069229126	0.24120432138442993	0.054987575858831406
63	0.7149683237075806	0.1751425415277481	0.1098892092704773	0.8980491757392883	0.06522779166698456	0.03672298789024353
64	0.0956633910536766	0.6328737735748291	0.2714627683162689	0.2254333645105362	0.49038606882095337	0.28418058156967163
65	0.356220543384552	0.610593855381012	0.03318559750914574	0.9201172590255737	0.07174047827720642	0.008142257109284401
66	0.5164639353752136	0.307873010635376	0.17566309869289398	0.3225457966327667	0.41522032022476196	0.2622339427471161
67	0.021487103775143623	0.04539727792143822	0.9331156611442566	0.031889352947473526	0.03535066545009613	0.9327600002288818
68	0.10096049308776855	0.3534519374370575	0.5455875396728516	0.11629641801118851	0.2042047530412674	0.6794988512992859
69	0.05515819415450096	0.24730949103832245	0.6975322961807251	0.16536977887153625	0.27178239822387695	0.5628478527069092
70	0.12216319888830185	0.7423465847969055	0.13549022376537323	0.330614298582077	0.08322089910507202	0.5861647725105286
71	0.11264920979738235	0.8757627010345459	0.011588053777813911	0.6443043947219849	0.18824057281017303	0.1674550175666809
72	0.6379907727241516	0.35115739703178406	0.010851853527128696	0.9055697917938232	0.08998336642980576	0.004446901846677065
73	0.18925975263118744	0.5866679549217224	0.22407230734825134	0.08880915492773056	0.6139411926269531	0.2972496747970581
74	0.15026618540287018	0.319740891456604	0.5299929976463318	0.12149091064929962	0.3411927819252014	0.5373163223266602
75	0.8225822448730469	0.14351029694080353	0.03390752524137497	0.6730760931968689	0.3205905854701996	0.006333278492093086
76	0.02864370495080948	0.32620352506637573	0.645152747631073	0.6419119238853455	0.11494331806898117	0.24314476549625397
77	0.16985471546649933	0.8132932782173157	0.016852043569087982	0.6156712174415588	0.36162447929382324	0.022704359143972397
78	0.35366541147232056	0.44523885846138	0.20109577476978302	0.4154479503631592	0.2730613946914673	0.31149065494537354
79	0.25973716378211975	0.4934789836406708	0.24678382277488708	0.3861914873123169	0.43854081630706787	0.17526769638061523
80	0.14922326803207397	0.7161735892295837	0.13460315763950348	0.8903900980949402	0.05672402307391167	0.0528859943151474
81	0.1113676205277443	0.8361464142799377	0.052485931664705276	0.18445731699466705	0.5245214700698853	0.2910211980342865
82	0.16856414079666138	0.36700719594955444	0.4644286036491394	0.20171384513378143	0.34751883149147034	0.4507673382759094
83	0.1998177468776703	0.48153215646743774	0.31865015625953674	0.3911205232143402	0.30903124809265137	0.2998482584953308
84	0.5086284279823303	0.4168846905231476	0.07448697090148926	0.4050723910331726	0.5413524508476257	0.05357517674565315
85	0.20149855315685272	0.7917826175689697	0.006718790624290705	0.1593356877565384	0.8319503664970398	0.008713917806744576
86	0.8594834208488464	0.05781833082437515	0.08269824832677841	0.9827865362167358	0.010754423215985298	0.006458977237343788
87	0.10847742110490799	0.8415267467498779	0.049995750188827515	0.6142272353172302	0.21678049862384796	0.1689923256635666
88	0.5418171882629395	0.3257274627685547	0.13245531916618347	0.4212322235107422	0.39393100142478943	0.18483677506446838
89	0.06644900888204575	0.6402170062065125	0.2933340072631836	0.16195130348205566	0.5192867517471313	0.3187619745731354
90	0.21419566869735718	0.3384360074996948	0.447368323802948	0.544275164604187	0.09328699856996536	0.3624378740787506
91	0.08355659246444702	0.3319994807243347	0.5844439268112183	0.11650911718606949	0.07659737765789032	0.8068934679031372
92	0.09481407701969147	0.5407782793045044	0.36440756916999817	0.031801458448171616	0.3343036472797394	0.6338949203491211
93	0.12564964592456818	0.5028318166732788	0.3715185821056366	0.5806320905685425	0.12910573184490204	0.2902621626853943
94	0.8641867637634277	0.12815392017364502	0.007659413851797581	0.967703104019165	0.030330771580338478	0.0019660210236907005
95	0.14043624699115753	0.6809523105621338	0.1786114126443863	0.2854255735874176	0.1266007274389267	0.5879737138748169
96	0.12242136895656586	0.8359420299530029	0.04163660854101181	0.8664451241493225	0.11201050132513046	0.0215444378554821
97	0.5821877121925354	0.16064700484275818	0.2571652829647064	0.42270427942276	0.10555633902549744	0.47173941135406494
98	0.09801934659481049	0.6900967955589294	0.21188388764858246	0.5198748111724854	0.24604353308677673	0.23408165574073792
99	0.041813358664512634	0.8260015249252319	0.13218510150909424	0.5737992525100708	0.06121879443526268	0.3649819493293762
100	0.07412201166152954	0.07645639032125473	0.8494216799736023	0.4036615490913391	0.0915258452296257	0.5048126578330994
101	0.8131421804428101	0.159201517701149	0.027656404301524162	0.8517704606056213	0.07776706665754318	0.07046248763799667
102	0.8994251489639282	0.0649448037147522	0.035630110651254654	0.9640196561813354	0.025861527770757675	0.010118805803358555
103	0.40859290957450867	0.3099658787250519	0.2814411520957947	0.2110564410686493	0.42993980646133423	0.35900378227233887
104	0.13759398460388184	0.11258760839700699	0.7498183846473694	0.31525322794914246	0.12842564284801483	0.5563212037086487
105	0.04955710843205452	0.4620109796524048	0.488431841135025	0.15374794602394104	0.4765457510948181	0.369706392288208
106	0.07400675117969513	0.5092435479164124	0.4167497158050537	0.11103672534227371	0.39522767066955566	0.4937356412410736
107	0.964097797870636	0.03197697550058365	0.003925285302102566	0.9743934869766235	0.02168171852827072	0.003924804273992777
108	0.5035268068313599	0.4023773968219757	0.09409577399492264	0.19961585104465485	0.5545067191123962	0.24587741494178772
109	0.3495403826236725	0.3279916048049927	0.32246798276901245	0.7449199557304382	0.1295282542705536	0.1255517452955246
110	0.37123697996139526	0.4972856342792511	0.13147729635238647	0.69511878490448	0.09122240543365479	0.21365879476070404
111	0.06488700211048126	0.2762056589126587	0.658907413482666	0.12948279082775116	0.21863670647144318	0.6518805027008057
112	0.12872016429901123	0.24419303238391876	0.6270868182182312	0.2015591263771057	0.15562687814235687	0.6428139805793762
113	0.4344235956668854	0.5126662850379944	0.05291016027331352	0.862456202507019	0.10235166549682617	0.0351921021938324
114	0.10038688033819199	0.8894951343536377	0.010117958299815655	0.8582872748374939	0.1331908106803894	0.008521905168890953
115	0.15387742221355438	0.0989815816283226	0.7471410036087036	0.5033513903617859	0.057120658457279205	0.43952786922454834
116	0.39891812205314636	0.29131704568862915	0.3097648322582245	0.3093741536140442	0.5682567954063416	0.12236904352903366
117	0.6876357793807983	0.16738896071910858	0.14497517049312592	0.9719109535217285	0.020422596484422684	0.007666544523090124
118	0.22193247079849243	0.48739326000213623	0.2906742990016937	0.6495943665504456	0.18915538489818573	0.16125015914440155
119	0.681266725063324	0.20544826984405518	0.11328504979610443	0.45613881945610046	0.42602401971817017	0.11783719062805176
120	0.2190324366092682	0.455051451921463	0.3259160816669464	0.625022292137146	0.11614591628313065	0.25883179903030396
121	0.05414116382598877	0.1620899736881256	0.783768892288208	0.17803409695625305	0.04910292848944664	0.7728630304336548
122	0.37120741605758667	0.6197397112846375	0.00905285682529211	0.20996707677841187	0.7442851066589355	0.045747868716716766
123	0.21183374524116516	0.13512440025806427	0.6530417799949646	0.2669248580932617	0.1674553006887436	0.5656198859214783
124	0.3625055253505707	0.48744121193885803	0.1500532180070877	0.6712996363639832	0.15920937061309814	0.16949094831943512
125	0.09789270162582397	0.8426714539527893	0.05943590775132179	0.30114489793777466	0.4789957106113434	0.219859316945076
126	0.20099952816963196	0.7615072131156921	0.037493281066417694	0.4935237169265747	0.34861037135124207	0.1578659564256668
127	0.17559388279914856	0.34879547357559204	0.475610613822937	0.21200679242610931	0.38905268907546997	0.3989405035972595
128	0.028065135702490807	0.3641640543937683	0.6077708005905151	0.05384295806288719	0.18043656647205353	0.7657204866409302
129	0.07255455106496811	0.2905140817165375	0.6369313597679138	0.4444981813430786	0.11199738085269928	0.4435044527053833
130	0.018516968935728073	0.04214758053421974	0.9393354058265686	0.020843064412474632	0.07684256881475449	0.9023143649101257
131	0.4839600920677185	0.45762142539024353	0.05841853842139244	0.10328774154186249	0.7726051807403564	0.12410704046487808
132	0.15175046026706696	0.1505364328622818	0.6977131366729736	0.15244752168655396	0.22342930734157562	0.6241231560707092
133	0.6729364991188049	0.1769944131374359	0.15006908774375916	0.897648811340332	0.0829610675573349	0.019390128552913666
134	0.26087686419487	0.3276894986629486	0.411433607339859	0.22535771131515503	0.5142917037010193	0.2603505253791809
135	0.8686623573303223	0.0941787138581276	0.03715894743800163	0.765299916267395	0.1800023913383484	0.054697662591934204
136	0.46360835433006287	0.5004020929336548	0.03598954156041145	0.9726689457893372	0.022845560684800148	0.004485617857426405
137	0.5609111189842224	0.19865164160728455	0.24043723940849304	0.7175377011299133	0.19076770544052124	0.09169454872608185
138	0.11064743995666504	0.034091927111148834	0.8552606105804443	0.45599234104156494	0.04117531329393387	0.5028324127197266
139	0.06429476290941238	0.5775870084762573	0.3581182360649109	0.3223278522491455	0.29742929339408875	0.3802429139614105
140	0.08686116337776184	0.2504412829875946	0.6626975536346436	0.14627201855182648	0.21146970987319946	0.6422582864761353
141	0.18709266185760498	0.7535091638565063	0.05939819663763046	0.7571194767951965	0.2059716433286667	0.03690890967845917
142	0.1364465355873108	0.8187246918678284	0.04482877254486084	0.5087579488754272	0.4858591854572296	0.005382804665714502
143	0.405057817697525	0.3318944275379181	0.2630477547645569	0.20333369076251984	0.3622564971446991	0.43440985679626465
144	0.23304876685142517	0.25215944647789	0.5147918462753296	0.1993573158979416	0.4039626717567444	0.39667999744415283
145	0.5469673275947571	0.3373858332633972	0.11564689129590988	0.859715461730957	0.1208503320813179	0.01943424716591835
146	0.11460019648075104	0.6934701204299927	0.1919296830892563	0.4300714433193207	0.2940008044242859	0.2759277820587158
147	0.07521818578243256	0.18500152230262756	0.7397803068161011	0.17441974580287933	0.20714136958122253	0.6184388995170593
148	0.4748849868774414	0.5160541534423828	0.009060858748853207	0.6005601286888123	0.36918261647224426	0.030257241800427437
149	0.1844080239534378	0.3333747386932373	0.4822172522544861	0.4301548898220062	0.13033919036388397	0.4395059645175934
150	0.1329856812953949	0.28243547677993774	0.5845789313316345	0.5049623847007751	0.12608733773231506	0.3689502477645874
151	0.9597349166870117	0.038349710404872894	0.0019154575420543551	0.9904006123542786	0.008369138464331627	0.0012302135583013296
152	0.4981517195701599	0.3576020896434784	0.1442461609840393	0.31381118297576904	0.6080783009529114	0.078110471367836
153	0.50102698802948	0.4465292990207672	0.05244368314743042	0.9049589037895203	0.04814721643924713	0.046893831342458725
154	0.7113988399505615	0.26439332962036133	0.02420785464346409	0.8349457383155823	0.1284434050321579	0.036610860377550125
155	0.18572556972503662	0.24143104255199432	0.5728433728218079	0.4710187315940857	0.16719886660575867	0.3617824614048004
156	0.11316405981779099	0.8108744621276855	0.07596143335103989	0.28273123502731323	0.5608445405960083	0.1564241349697113
157	0.4182986915111542	0.35574907064437866	0.22595220804214478	0.9297412633895874	0.034203317016363144	0.036055490374565125
158	0.45226672291755676	0.4544864296913147	0.09324683994054794	0.4755966067314148	0.4218013882637024	0.1026020348072052
159	0.027843069285154343	0.9562063217163086	0.015950577333569527	0.4429301619529724	0.19529177248477936	0.3617781400680542
160	0.31096968054771423	0.5535116791725159	0.1355186402797699	0.436488538980484	0.13186076283454895	0.43165072798728943
161	0.1960519701242447	0.7746953964233398	0.029252594336867332	0.5399026870727539	0.3875519037246704	0.07254546880722046
162	0.10413394123315811	0.599475085735321	0.29639101028442383	0.5524253249168396	0.18330508470535278	0.26426956057548523
163	0.10119890421628952	0.23360134661197662	0.6651997566223145	0.18171647191047668	0.3638712465763092	0.45441222190856934
164	0.03262626752257347	0.9143115282058716	0.05306219682097435	0.22608044743537903	0.4161038100719452	0.3578157424926758
165	0.2015993744134903	0.2195020318031311	0.578898549079895	0.12335339188575745	0.07310936599969864	0.8035372495651245
166	0.719803512096405	0.24935410916805267	0.030842410400509834	0.7301024794578552	0.22078563272953033	0.04911184310913086
167	0.15200304985046387	0.12912173569202423	0.7188752293586731	0.08352714776992798	0.3289976418018341	0.5874752402305603
168	0.841360330581665	0.052616581320762634	0.10602302849292755	0.9734179377555847	0.01797608472406864	0.008606028743088245
169	0.7560166716575623	0.11672519147396088	0.12725815176963806	0.6422471404075623	0.32545727491378784	0.03229565545916557
170	0.5830179452896118	0.3952130377292633	0.021769016981124878	0.9046690464019775	0.08354496210813522	0.011785995215177536
171	0.18031641840934753	0.2895747423171997	0.5301088094711304	0.15557131171226501	0.1783684641122818	0.666060209274292
172	0.5376470685005188	0.4486488401889801	0.013704110868275166	0.42583128809928894	0.5547066926956177	0.019462084397673607
173	0.1888863444328308	0.8076692819595337	0.0034443563781678677	0.2204512357711792	0.6128082275390625	0.1667405664920807
174	0.07787005603313446	0.5408356785774231	0.38129425048828125	0.1324843317270279	0.27997228503227234	0.5875433683395386
175	0.016793079674243927	0.8348373770713806	0.14836956560611725	0.370380163192749	0.6211894154548645	0.008430380374193192
176	0.3736879527568817	0.23136872053146362	0.39494332671165466	0.46807801723480225	0.14293786883354187	0.3889840245246887
177	0.6702865958213806	0.31859564781188965	0.011117754504084587	0.9165729880332947	0.07397104054689407	0.00945589691400528
178	0.34901338815689087	0.4343135952949524	0.21667301654815674	0.5439349412918091	0.30253666639328003	0.15352840721607208
179	0.36488932371139526	0.31541863083839417	0.3196919858455658	0.13504502177238464	0.2652268409729004	0.5997281670570374
180	0.10999898612499237	0.8335061073303223	0.056494928896427155	0.18654341995716095	0.10488323122262955	0.7085732817649841
181	0.2398250699043274	0.3372492492198944	0.4229256808757782	0.7206422686576843	0.09686561673879623	0.1824921816587448
182	0.9591668844223022	0.03417186439037323	0.006661192048341036	0.927295982837677	0.06701743602752686	0.005686500575393438
183	0.19269044697284698	0.7540258169174194	0.053283821791410446	0.6496621370315552	0.32285287976264954	0.02748498134315014
184	0.025942908599972725	0.27307823300361633	0.7009788155555725	0.05403992906212807	0.15521925687789917	0.7907408475875854
185	0.25302401185035706	0.16442149877548218	0.5825545191764832	0.22687192261219025	0.04168296232819557	0.7314450740814209
186	0.11319550126791	0.7759440541267395	0.11086040735244751	0.11374273151159286	0.5657553672790527	0.3205018639564514
187	0.22166763246059418	0.3202468156814575	0.4580855965614319	0.07886391133069992	0.2109874039888382	0.7101486325263977
188	0.9290226101875305	0.06276928633451462	0.008208053186535835	0.9087368249893188	0.08534620702266693	0.0059169805608689785
189	0.5255662798881531	0.3876822292804718	0.08675146847963333	0.9260380268096924	0.04337261989712715	0.030589401721954346
190	0.0811523050069809	0.7368972301483154	0.18195052444934845	0.6845596432685852	0.1692737340927124	0.14616665244102478
191	0.1448373943567276	0.8458858132362366	0.009276815690100193	0.34273090958595276	0.4047338366508484	0.25253528356552124
192	0.7208866477012634	0.11673475056886673	0.16237860918045044	0.9722480773925781	0.016574084758758545	0.011177786625921726
193	0.2272607535123825	0.5167564153671265	0.2559828758239746	0.6231357455253601	0.10024815052747726	0.27661609649658203
194	0.22222276031970978	0.4853377044200897	0.2924395501613617	0.5783169865608215	0.21892747282981873	0.20275557041168213
195	0.18843650817871094	0.8038671016693115	0.007696389686316252	0.8924626708030701	0.1056717187166214	0.0018656631000339985
196	0.14594127237796783	0.6000784039497375	0.2539803683757782	0.39027178287506104	0.19570623338222504	0.4140220284461975
197	0.5161917805671692	0.278980553150177	0.20482765138149261	0.9286621809005737	0.03624700754880905	0.035090889781713486
198	0.1789163053035736	0.35025280714035034	0.47083091735839844	0.5994624495506287	0.07155602425336838	0.3289814591407776
199	0.3787747919559479	0.3490164279937744	0.2722088098526001	0.570358395576477	0.07108020037412643	0.35856130719184875
