0	0.9857235550880432	0.01109576877206564	0.0031806770712137222	0.9801356792449951	0.017926961183547974	0.001937318709678948
1	0.968379557132721	0.029567211866378784	0.002053253585472703	0.987953782081604	0.010094012133777142	0.001952235703356564
2	0.9601396918296814	0.032699212431907654	0.007161138113588095	0.9599561095237732	0.0321856327354908	0.007858268916606903
3	0.9836464524269104	0.015272639691829681	0.00108089460991323	0.9901756644248962	0.008297373540699482	0.0015269415453076363
4	0.9611594080924988	0.03564875200390816	0.003191816620528698	0.9917113780975342	0.006957456935197115	0.0013312158407643437
5	0.9838911890983582	0.014701804146170616	0.0014069463359192014	0.9923669695854187	0.006513521540910006	0.0011194341350346804
6	0.9776771664619446	0.020254317671060562	0.0020685200579464436	0.9612634778022766	0.029313215985894203	0.009423302486538887
7	0.9722023606300354	0.02234298177063465	0.005454601254314184	0.970596432685852	0.019922276958823204	0.009481215849518776
8	0.9833198189735413	0.014417003840208054	0.0022631478495895863	0.984237015247345	0.013897747732698917	0.0018651476129889488
9	0.8718323707580566	0.06355424225330353	0.06461339443922043	0.8121815323829651	0.05337585508823395	0.13444258272647858
10	0.9628844857215881	0.0325060673058033	0.004609475843608379	0.32589343190193176	0.6625955700874329	0.011510917916893959
11	0.6026503443717957	0.055052511394023895	0.342297226190567	0.5973256230354309	0.0916687473654747	0.3110056519508362
12	0.9758179187774658	0.018825147300958633	0.005356955341994762	0.9668272733688354	0.028214696794748306	0.004958087578415871
13	0.9883164763450623	0.009444613009691238	0.0022388529032468796	0.9891636371612549	0.009087680839002132	0.0017486619763076305
14	0.9845230579376221	0.012343039736151695	0.003133846912533045	0.9696037173271179	0.027305562049150467	0.0030908132903277874
15	0.9477662444114685	0.04916096478700638	0.0030727325938642025	0.9761679172515869	0.021457932889461517	0.002374192699790001
16	0.9375810623168945	0.021484045311808586	0.04093489050865173	0.729412317276001	0.032089896500110626	0.2384977638721466
17	0.9805506467819214	0.01730472780764103	0.0021445532329380512	0.9705149531364441	0.027382908388972282	0.002102132886648178
18	0.3691013753414154	0.4487669765949249	0.18213164806365967	0.3379930257797241	0.5350838899612427	0.1269230991601944
19	0.9606086015701294	0.03708918020129204	0.002302197739481926	0.9784050583839417	0.017848258838057518	0.0037466234061867
20	0.22970765829086304	0.6916992664337158	0.07859308272600174	0.9392538666725159	0.039013128727674484	0.021732939407229424
21	0.8250327706336975	0.14714151620864868	0.027825690805912018	0.8025879859924316	0.16843923926353455	0.02897278405725956
22	0.9804989695549011	0.014695580117404461	0.0048054964281618595	0.983792781829834	0.011924367398023605	0.004282900597900152
23	0.9787818789482117	0.01799740269780159	0.0032207400072366	0.98687344789505	0.011039516888558865	0.002087055239826441
24	0.9781654477119446	0.017711695283651352	0.004122874699532986	0.9662254452705383	0.02125728875398636	0.012517260387539864
25	0.9442965984344482	0.042182620614767075	0.013520748354494572	0.744519829750061	0.25086745619773865	0.0046126884408295155
26	0.22036607563495636	0.5566582083702087	0.22297565639019012	0.8465195298194885	0.09916705638170242	0.05431341379880905
27	0.9694485068321228	0.02743084542453289	0.0031207138672471046	0.9808719158172607	0.01614971086382866	0.0029784110374748707
28	0.9720776081085205	0.022169744595885277	0.005752628203481436	0.9766747951507568	0.018124019727110863	0.005201202817261219
29	0.9823530912399292	0.013436107896268368	0.004210775718092918	0.9841123223304749	0.012460547499358654	0.003427147399634123
30	0.4341970980167389	0.16282828152179718	0.4029746353626251	0.16760921478271484	0.06360875815153122	0.7687820196151733
31	0.9766910672187805	0.0192817822098732	0.0040272618643939495	0.9791554808616638	0.016036316752433777	0.004808243364095688
32	0.9843311905860901	0.012437191791832447	0.0032316907308995724	0.9831973314285278	0.013194643892347813	0.0036081126891076565
33	0.9711751341819763	0.024510979652404785	0.0043138619512319565	0.9788514375686646	0.01563274674117565	0.005515854340046644
34	0.6936528086662292	0.13240619003772736	0.17394103109836578	0.7337931394577026	0.08074973523616791	0.18545714020729065
35	0.986815869808197	0.01112967450171709	0.0020544060971587896	0.9812043905258179	0.016847170889377594	0.0019484577933326364
36	0.9871036410331726	0.009982697665691376	0.0029136710800230503	0.9897211194038391	0.008557320572435856	0.001721513457596302
37	0.9782950282096863	0.018236150965094566	0.003468841314315796	0.9402725696563721	0.05375837907195091	0.0059690517373383045
38	0.6974580883979797	0.16587409377098083	0.136667862534523	0.9039689898490906	0.06307432055473328	0.032956693321466446
39	0.5885457396507263	0.18088485300540924	0.23056945204734802	0.5135897994041443	0.2813301980495453	0.20508001744747162
40	0.9514226913452148	0.03845326229929924	0.010124079883098602	0.9629802107810974	0.026489805430173874	0.010530062951147556
41	0.9863545298576355	0.011722356081008911	0.001923112547956407	0.9873803853988647	0.01070657279342413	0.001913068350404501
42	0.9757168889045715	0.022511349990963936	0.0017717074370011687	0.9798445701599121	0.018120523542165756	0.002034865552559495
43	0.9309498071670532	0.061657097190618515	0.007393080275505781	0.788168728351593	0.14961236715316772	0.06221892312169075
44	0.9832267165184021	0.014481883496046066	0.0022914211731404066	0.9783892631530762	0.018904760479927063	0.0027060166466981173
45	0.9896698594093323	0.008639194071292877	0.0016910121776163578	0.9887810945510864	0.009600521996617317	0.0016184381674975157
46	0.9558357000350952	0.03974730893969536	0.004417078103870153	0.9753425121307373	0.019595539197325706	0.005061971955001354
47	0.6454065442085266	0.0484674908220768	0.3061259388923645	0.6987227201461792	0.06890302896499634	0.23237426578998566
48	0.9862160682678223	0.012555351480841637	0.0012285502161830664	0.9753336906433105	0.023095697164535522	0.0015707232523709536
49	0.9004307985305786	0.0550108328461647	0.044558338820934296	0.34436389803886414	0.10114976018667221	0.5544863343238831
50	0.8298833966255188	0.03451955318450928	0.13559705018997192	0.957355797290802	0.022422539070248604	0.020221667364239693
51	0.9832490682601929	0.014573508873581886	0.0021774591878056526	0.9738624691963196	0.02455465868115425	0.0015828057657927275
52	0.9839731454849243	0.01372423768043518	0.0023027134593576193	0.9831045269966125	0.014400698244571686	0.0024947896599769592
53	0.37215858697891235	0.3016741871833801	0.3261672854423523	0.24251331388950348	0.3596211373806	0.39786556363105774
54	0.97450190782547	0.021260088309645653	0.004238021560013294	0.9800984859466553	0.017311301082372665	0.0025902411434799433
55	0.981511652469635	0.015224437229335308	0.0032640183344483376	0.9779742360115051	0.015878956764936447	0.006146865896880627
56	0.9860442876815796	0.012405632063746452	0.0015500275185331702	0.9861341118812561	0.012485248036682606	0.00138067954685539
57	0.9849753975868225	0.013408400118350983	0.001616094377823174	0.9858017563819885	0.012640530243515968	0.0015576538862660527
58	0.9872549772262573	0.009200108237564564	0.0035448865965008736	0.9853248000144958	0.01014973409473896	0.00452549010515213
59	0.6932145357131958	0.3016156256198883	0.005169799085706472	0.9747781157493591	0.022524844855070114	0.002697040792554617
60	0.8964948654174805	0.050252415239810944	0.05325270816683769	0.9324953556060791	0.04693003371357918	0.020574577152729034
61	0.9729557037353516	0.025472264736890793	0.0015720253577455878	0.9727790951728821	0.02525731362402439	0.0019636654760688543
62	0.9871079325675964	0.01113902684301138	0.001753081101924181	0.986906111240387	0.011342305690050125	0.001751503674313426
63	0.7066655158996582	0.28900161385536194	0.004332821816205978	0.9796680808067322	0.01769343763589859	0.0026384233497083187
64	0.9829451441764832	0.013961782678961754	0.00309307430870831	0.9823939800262451	0.014207135885953903	0.00339890131726861
65	0.9805734753608704	0.01489524357020855	0.004531254991889	0.9735715389251709	0.016123242676258087	0.010305169969797134
66	0.6037458777427673	0.3459230661392212	0.05033101513981819	0.9679338932037354	0.0269375741481781	0.005128447897732258
67	0.9872304797172546	0.009812816977500916	0.002956662094220519	0.9659513235092163	0.03216894716024399	0.0018796995282173157
68	0.9751623868942261	0.022284498438239098	0.0025531714782118797	0.6250160336494446	0.30549994111061096	0.06948396563529968
69	0.9783455729484558	0.01803852990269661	0.0036159418523311615	0.9812993407249451	0.014352907426655293	0.004347783513367176
70	0.9544482827186584	0.021765541285276413	0.023786183446645737	0.9543625116348267	0.027397260069847107	0.018240174278616905
71	0.9658534526824951	0.02930712141096592	0.004839393310248852	0.8355847001075745	0.15447665750980377	0.009938595816493034
72	0.9687564969062805	0.026769045740365982	0.004474428948014975	0.9777076244354248	0.01795121468603611	0.004341162741184235
73	0.9648167490959167	0.03311245143413544	0.002070847898721695	0.9645722508430481	0.033010538667440414	0.002417230512946844
74	0.9802408218383789	0.017329277470707893	0.0024298180360347033	0.9825918674468994	0.014220952056348324	0.0031872079707682133
75	0.9869365096092224	0.01103092823177576	0.0020325160585343838	0.9748298525810242	0.0238457340747118	0.001324466080404818
76	0.9864034652709961	0.01168061513453722	0.0019158992217853665	0.9819723963737488	0.013548711314797401	0.004478991497308016
77	0.7009661793708801	0.06802613288164139	0.2310076504945755	0.5621827244758606	0.130491241812706	0.3073260188102722
78	0.16346979141235352	0.20964205265045166	0.62688809633255	0.14993645250797272	0.2842559218406677	0.5658077001571655
79	0.8591998815536499	0.1372532844543457	0.0035468521527945995	0.9888095259666443	0.009088669903576374	0.002101802034303546
80	0.9661534428596497	0.019296010956168175	0.014550527557730675	0.9596531987190247	0.030516648665070534	0.009830137714743614
81	0.9534613490104675	0.041535913944244385	0.00500280037522316	0.8847295045852661	0.10574758052825928	0.009522920474410057
82	0.9801492094993591	0.016958197578787804	0.0028925721999257803	0.9262771010398865	0.047592297196388245	0.0261306744068861
83	0.9897512197494507	0.008779402822256088	0.0014693306293338537	0.9601417779922485	0.03778260573744774	0.0020755671430379152
84	0.9462426900863647	0.04504438117146492	0.008713006041944027	0.970919668674469	0.025355465710163116	0.003724818117916584
85	0.9708306789398193	0.02688591554760933	0.002283417619764805	0.9525870084762573	0.046158574521541595	0.0012543246848508716
86	0.8671538829803467	0.13038642704486847	0.002459779614582658	0.9662114381790161	0.0301449503749609	0.0036436677910387516
87	0.9761530160903931	0.019702263176441193	0.004144748672842979	0.9883477091789246	0.007508247159421444	0.0041440678760409355
88	0.9749054312705994	0.014405337162315845	0.010689283721148968	0.9717001914978027	0.015578153543174267	0.012721668928861618
89	0.9691901206970215	0.02462787926197052	0.0061820195987820625	0.9693999290466309	0.024685265496373177	0.005914756562560797
90	0.983274519443512	0.013452976010739803	0.0032725653145462275	0.9833865761756897	0.014906489290297031	0.0017070036847144365
91	0.9878250956535339	0.010464387945830822	0.0017103827558457851	0.9794797301292419	0.01371880155056715	0.006801436189562082
92	0.9846686720848083	0.012615698389708996	0.0027155878487974405	0.9842419028282166	0.013282272964715958	0.0024758081417530775
93	0.11748557537794113	0.029687050729990005	0.8528273701667786	0.06802347302436829	0.023928899317979813	0.9080476760864258
94	0.9806264042854309	0.013624533079564571	0.0057489932514727116	0.9822824001312256	0.01270523015409708	0.005012315697968006
95	0.9871627688407898	0.011705565266311169	0.0011317637981846929	0.9876266121864319	0.01055119652301073	0.0018221630016341805
96	0.9872958064079285	0.010738196782767773	0.0019660249818116426	0.977332592010498	0.020982898771762848	0.0016844369238242507
97	0.9829494953155518	0.010687270201742649	0.006363267544656992	0.9867015480995178	0.008811121806502342	0.004487323574721813
98	0.9844920635223389	0.01126793958246708	0.004239961039274931	0.9870265126228333	0.010036584921181202	0.0029368314426392317
99	0.9772863984107971	0.01917129009962082	0.003542404156178236	0.9629061222076416	0.033773329108953476	0.0033206003718078136
100	0.9472769498825073	0.047152090817689896	0.005571010988205671	0.9453005790710449	0.048194900155067444	0.0065044816583395
101	0.9749754667282104	0.020599961280822754	0.004424647428095341	0.9764036536216736	0.020550068467855453	0.0030462995637208223
102	0.9165008068084717	0.04726983234286308	0.03622947260737419	0.3212614357471466	0.1693798452615738	0.5093587040901184
103	0.9813588261604309	0.016975095495581627	0.0016661736881360412	0.9714935421943665	0.026495061814785004	0.002011400181800127
104	0.872749388217926	0.12093425542116165	0.006316341459751129	0.9645538330078125	0.033406417816877365	0.0020397016778588295
105	0.9688959121704102	0.02322281152009964	0.007881245575845242	0.9719734191894531	0.019465573132038116	0.008561061695218086
106	0.9134280681610107	0.08120891451835632	0.00536298006772995	0.9584947228431702	0.036807309836149216	0.004698010627180338
107	0.9788397550582886	0.01799011044204235	0.0031701205298304558	0.984129786491394	0.01080144103616476	0.0050688134506344795
108	0.9861364364624023	0.009648339822888374	0.00421517388895154	0.9871122241020203	0.00939191598445177	0.003495831973850727
109	0.9745692610740662	0.022017167881131172	0.003413573605939746	0.9700090289115906	0.026781253516674042	0.0032098153606057167
110	0.8241336345672607	0.11215070635080338	0.06371568143367767	0.9400905966758728	0.04620390012860298	0.013705546967685223
111	0.9893217086791992	0.008137740194797516	0.002540543442592025	0.986292839050293	0.010526522994041443	0.0031805888283997774
112	0.9775729179382324	0.013547852635383606	0.008879232220351696	0.7875070571899414	0.05071012303233147	0.16178275644779205
113	0.8638150095939636	0.12180664390325546	0.014378385618329048	0.8153135776519775	0.1650485396385193	0.019637975841760635
114	0.9791477918624878	0.01938612386584282	0.0014660313026979566	0.9758894443511963	0.022151459008455276	0.0019590973388403654
115	0.9541690945625305	0.025844756513834	0.019986208528280258	0.20479512214660645	0.1900034248828888	0.6052014827728271
116	0.9869717955589294	0.010448177345097065	0.002580016851425171	0.9689809679985046	0.028671758249402046	0.002347173634916544
117	0.7162748575210571	0.04413995519280434	0.23958517611026764	0.10252459347248077	0.09901455789804459	0.798460841178894
118	0.9842648506164551	0.01308678649365902	0.002648279070854187	0.9841493964195251	0.013253593817353249	0.0025970221031457186
119	0.9708742499351501	0.024402502924203873	0.004723184742033482	0.9864565134048462	0.010602290742099285	0.0029411569703370333
120	0.961101233959198	0.03324848785996437	0.005650270264595747	0.9332473874092102	0.05562075600028038	0.011131799779832363
121	0.38617584109306335	0.359104186296463	0.2547200322151184	0.4513336420059204	0.13670605421066284	0.41196027398109436
122	0.9704050421714783	0.020213499665260315	0.00938146561384201	0.9780672788619995	0.015779389068484306	0.006153362803161144
123	0.9799673557281494	0.01346251554787159	0.006570169702172279	0.8961561918258667	0.07002023607492447	0.03382354974746704
124	0.979850709438324	0.01691984198987484	0.0032293314579874277	0.9868996739387512	0.01137126237154007	0.0017290787072852254
125	0.9241852760314941	0.06711696833372116	0.008697711862623692	0.7391934394836426	0.24983420968055725	0.010972365736961365
126	0.9709059596061707	0.014310336671769619	0.0147837083786726	0.5277190208435059	0.0425829142332077	0.42969802021980286
127	0.9704625010490417	0.026330942288041115	0.0032064837869256735	0.9794288277626038	0.018006332218647003	0.00256484467536211
128	0.9876987934112549	0.010055151768028736	0.0022460471373051405	0.9642073512077332	0.032874468713998795	0.0029181698337197304
129	0.9650577306747437	0.03077155351638794	0.004170733038336039	0.9722567796707153	0.023763487115502357	0.003979758825153112
130	0.9783551692962646	0.01836969330906868	0.0032752014230936766	0.9862657189369202	0.010513296350836754	0.003221039427444339
131	0.3631010353565216	0.22789594531059265	0.40900301933288574	0.15594379603862762	0.07574290782213211	0.7683133482933044
132	0.9751496911048889	0.015464073047041893	0.009386243298649788	0.9820449352264404	0.01349529717117548	0.00445971917361021
133	0.9511724710464478	0.03638887777924538	0.012438626028597355	0.9593685269355774	0.03615962713956833	0.004471790511161089
134	0.9824184775352478	0.01570875011384487	0.0018727766582742333	0.9838747978210449	0.014055147767066956	0.0020699980668723583
135	0.3328346312046051	0.22336384654045105	0.44380155205726624	0.37228864431381226	0.17804862558841705	0.4496627449989319
136	0.20639310777187347	0.2432832419872284	0.5503236651420593	0.26838019490242004	0.19412992894649506	0.5374898910522461
137	0.9717020988464355	0.015972144901752472	0.012325732037425041	0.982609748840332	0.013073005713522434	0.004317312501370907
138	0.5767965912818909	0.3989678919315338	0.024235514923930168	0.46394869685173035	0.5042243599891663	0.031826965510845184
139	0.9878473281860352	0.00961453840136528	0.0025380493607372046	0.9883776307106018	0.00981941819190979	0.0018029671628028154
140	0.9152153134346008	0.06897138804197311	0.01581341214478016	0.9785996675491333	0.018645521253347397	0.0027548586949706078
141	0.9882888793945312	0.008705812506377697	0.003005240112543106	0.9835510849952698	0.013404968194663525	0.0030438899993896484
142	0.9407505989074707	0.035208262503147125	0.02404113858938217	0.9652934074401855	0.02287944406270981	0.011827201582491398
143	0.9811825156211853	0.01641518995165825	0.002402334241196513	0.9726763367652893	0.024509521201252937	0.002814197912812233
144	0.9211931824684143	0.0406174436211586	0.0381893664598465	0.8054274916648865	0.06119241565465927	0.13338014483451843
145	0.9775807857513428	0.02049868181347847	0.0019205788848921657	0.9894214868545532	0.008424205705523491	0.002154276706278324
146	0.9239962697029114	0.07144350558519363	0.004560318775475025	0.9683305621147156	0.02717103622853756	0.004498366732150316
147	0.9807100296020508	0.01654353365302086	0.0027464129962027073	0.969713568687439	0.02611609920859337	0.004170399159193039
148	0.8709445595741272	0.05339004471898079	0.07566532492637634	0.835273027420044	0.054435040801763535	0.11029182374477386
149	0.7324328422546387	0.09450237452983856	0.17306482791900635	0.6694564819335938	0.12812529504299164	0.20241819322109222
150	0.9662325978279114	0.030599243938922882	0.003168189199641347	0.9830474257469177	0.014879358932375908	0.0020732004195451736
151	0.4286731779575348	0.54581618309021	0.025510653853416443	0.6694076657295227	0.24702247977256775	0.08356980979442596
152	0.9508561491966248	0.045017044991254807	0.004126715939491987	0.9378578066825867	0.05776352807879448	0.004378647543489933
153	0.9820839166641235	0.015218045562505722	0.0026980931870639324	0.9885916113853455	0.008933467790484428	0.002474965061992407
154	0.9867812991142273	0.010622256435453892	0.0025963743682950735	0.9844824075698853	0.01385344285517931	0.0016641301335766912
155	0.9680761098861694	0.030581992119550705	0.001341925235465169	0.9808022975921631	0.01635053940117359	0.002847137860953808
156	0.17670583724975586	0.8189505338668823	0.0043436139822006226	0.9764021635055542	0.01951288804411888	0.004084905609488487
157	0.9856597185134888	0.012767231091856956	0.0015731010353192687	0.9836633205413818	0.01460506021976471	0.0017316401936113834
158	0.9616255760192871	0.033494316041469574	0.004880145657807589	0.9467535018920898	0.03723409026861191	0.01601233333349228
159	0.20784102380275726	0.7508806586265564	0.04127837345004082	0.692926824092865	0.10960260033607483	0.19747062027454376
160	0.9809545278549194	0.01545331533998251	0.0035921591334044933	0.9808354377746582	0.01543024368584156	0.0037343488074839115
161	0.19981585443019867	0.03896331414580345	0.7612208127975464	0.2513822615146637	0.06003826484084129	0.6885794401168823
162	0.9685600996017456	0.02293992042541504	0.008500060066580772	0.8476288318634033	0.0666389912366867	0.08573209494352341
163	0.7152798175811768	0.15307778120040894	0.1316423863172531	0.7842745780944824	0.19500316679477692	0.020722242072224617
164	0.959481418132782	0.03778630495071411	0.0027322485111653805	0.9677577018737793	0.02961890399456024	0.002623383654281497
165	0.9620496034622192	0.03584570810198784	0.002104745712131262	0.988544762134552	0.00928017869591713	0.002175057539716363
166	0.95770663022995	0.03558170795440674	0.006711678579449654	0.989055871963501	0.008082933723926544	0.0028611815068870783
167	0.9848114252090454	0.013475012965500355	0.0017134931404143572	0.9857283234596252	0.012594983913004398	0.0016767154447734356
168	0.9768983125686646	0.021167878061532974	0.001933824154548347	0.9849847555160522	0.012494146823883057	0.0025211216416209936
169	0.9365464448928833	0.060193561017513275	0.0032600434496998787	0.9815168380737305	0.016681130975484848	0.001802018261514604
170	0.9245808124542236	0.05580665171146393	0.019612547010183334	0.9728858470916748	0.021603597328066826	0.00551049318164587
171	0.956076443195343	0.02630850486457348	0.017615005373954773	0.925146758556366	0.07146310806274414	0.003390181576833129
172	0.305645614862442	0.5396266579627991	0.1547277569770813	0.7891663908958435	0.08613242208957672	0.12470121681690216
173	0.8951324820518494	0.03535224497318268	0.06951519846916199	0.899971067905426	0.0204653050750494	0.07956351339817047
174	0.9770718216896057	0.02108895592391491	0.0018392245983704925	0.9757500290870667	0.022234255447983742	0.0020157285034656525
175	0.8295637965202332	0.1300472617149353	0.040388934314250946	0.8152552247047424	0.1534385085105896	0.03130626678466797
176	0.9866880774497986	0.011696115136146545	0.0016157579375430942	0.9918994903564453	0.006557367742061615	0.0015431890496984124
177	0.9114441871643066	0.08330582827329636	0.005250010639429092	0.9865818023681641	0.011809982359409332	0.0016081546200439334
178	0.985923171043396	0.012249895371496677	0.0018269156571477652	0.981886625289917	0.017043352127075195	0.001070098252967
179	0.9674418568611145	0.025381632149219513	0.007176524959504604	0.9889274835586548	0.009186854586005211	0.0018856064416468143
180	0.9717631936073303	0.022528905421495438	0.005707788746803999	0.9767176508903503	0.018660778179764748	0.004621618427336216
181	0.941604733467102	0.0561428926885128	0.0022523668594658375	0.97613924741745	0.018010325729846954	0.0058504012413322926
182	0.081718310713768	0.027311567217111588	0.8909701704978943	0.08512508124113083	0.030041512101888657	0.8848333954811096
183	0.3524107038974762	0.5905084013938904	0.05708092078566551	0.2925669848918915	0.6210930347442627	0.08633994311094284
184	0.9742562174797058	0.02333211898803711	0.002411678433418274	0.9824283719062805	0.015734637156128883	0.0018370173638686538
185	0.9809926152229309	0.015452759340405464	0.003554658265784383	0.9755600690841675	0.01698462665081024	0.007455272600054741
186	0.9753089547157288	0.02219083532691002	0.0025001789908856153	0.9793983697891235	0.017669878900051117	0.0029317347798496485
187	0.9674399495124817	0.031145624816417694	0.0014143858570605516	0.9896159172058105	0.008872192353010178	0.0015119218733161688
188	0.30073124170303345	0.573135256767273	0.126133531332016	0.49647027254104614	0.09128120541572571	0.41224855184555054
189	0.9895037412643433	0.008584954775869846	0.001911219209432602	0.9848611354827881	0.01313709281384945	0.002001788467168808
190	0.981810986995697	0.014828324317932129	0.0033607068471610546	0.9757838845252991	0.018294652923941612	0.005921510513871908
191	0.9856783747673035	0.011849021539092064	0.0024726209230720997	0.9448333978652954	0.05142812803387642	0.003738538594916463
192	0.9072675704956055	0.06308598071336746	0.02964642643928528	0.9753085374832153	0.01701975055038929	0.007671669591218233
193	0.9782875180244446	0.018940970301628113	0.002771459985524416	0.9665456414222717	0.02844049036502838	0.005013803020119667
194	0.9863027930259705	0.010600472800433636	0.0030967509374022484	0.9599874019622803	0.03127375245094299	0.008738863281905651
195	0.8809550404548645	0.05430467426776886	0.06474022567272186	0.9046209454536438	0.07464583963155746	0.020733142271637917
196	0.9766967296600342	0.01626341976225376	0.007039794698357582	0.17156201601028442	0.8241229057312012	0.004315027967095375
197	0.9756826162338257	0.020997226238250732	0.0033202131744474173	0.9883102178573608	0.009544839151203632	0.0021449034102261066
198	0.9766496419906616	0.016828080639243126	0.006522227078676224	0.9840971231460571	0.011513514444231987	0.0043893842957913876
199	0.9728183746337891	0.024128427729010582	0.0030532744713127613	0.9863611459732056	0.011663389392197132	0.0019754706881940365
