0	0.038944538682699203	0.10124946385622025	0.8598060011863708	0.04355212301015854	0.10542681068181992	0.8510210514068604
1	0.0023240288719534874	0.006710039917379618	0.9909659624099731	0.0017644413746893406	0.008754303678870201	0.9894812107086182
2	0.07184899598360062	0.2554030418395996	0.6727479100227356	0.07396069169044495	0.35723355412483215	0.5688056945800781
3	0.09256970882415771	0.25402507185935974	0.6534052491188049	0.09165939688682556	0.21671773493289948	0.6916228532791138
4	0.05221099033951759	0.1912822276353836	0.7565068006515503	0.04181353375315666	0.15455269813537598	0.8036337494850159
5	0.025448784232139587	0.30937159061431885	0.6651796102523804	0.08428080379962921	0.24469386041164398	0.671025276184082
6	0.14858539402484894	0.23737196624279022	0.6140426397323608	0.16075396537780762	0.22173285484313965	0.6175131797790527
7	0.030741851776838303	0.04439057037234306	0.924867570400238	0.03360626846551895	0.04496452957391739	0.9214291572570801
8	0.536648690700531	0.11572960764169693	0.3476216793060303	0.5129765272140503	0.06441792845726013	0.4226054847240448
9	0.1238754540681839	0.176194965839386	0.6999295353889465	0.21016119420528412	0.17642395198345184	0.6134148836135864
10	0.05277509242296219	0.337963730096817	0.6092612147331238	0.0667940005660057	0.31507033109664917	0.6181356906890869
11	0.05017251521348953	0.297885537147522	0.6519419550895691	0.04603061079978943	0.3216719925403595	0.6322974562644958
12	0.05180542543530464	0.3050987720489502	0.6430957913398743	0.050924595445394516	0.3132147192955017	0.6358606219291687
13	0.07127467542886734	0.3218185305595398	0.6069068312644958	0.05004113167524338	0.33667322993278503	0.6132856607437134
14	0.046677883714437485	0.20091263949871063	0.7524094581604004	0.03831503540277481	0.19636255502700806	0.7653224468231201
15	0.09547553956508636	0.09912705421447754	0.8053974509239197	0.2241641730070114	0.09896562248468399	0.6768701672554016
16	0.02258559875190258	0.08005984127521515	0.8973546028137207	0.015731176361441612	0.08527392148971558	0.8989949226379395
17	0.03174479678273201	0.23329614102840424	0.734959065914154	0.041520856320858	0.3748440146446228	0.583635151386261
18	0.155526801943779	0.18858563899993896	0.6558876037597656	0.19267341494560242	0.18498274683952332	0.622343897819519
19	0.06835401803255081	0.20519578456878662	0.7264502048492432	0.10517469793558121	0.11934589594602585	0.7754794955253601
20	0.026394398882985115	0.26387494802474976	0.7097306847572327	0.02426752634346485	0.2120627611875534	0.7636697292327881
21	0.3358415961265564	0.20706026256084442	0.457098126411438	0.44658803939819336	0.1984582245349884	0.35495373606681824
22	0.02586226351559162	0.09425295889377594	0.8798848390579224	0.030677152797579765	0.147147536277771	0.8221753239631653
23	0.1406724601984024	0.19517062604427338	0.6641568541526794	0.12387444823980331	0.19550147652626038	0.6806240677833557
24	0.23421667516231537	0.16582009196281433	0.5999632477760315	0.3870328962802887	0.12815269827842712	0.4848144054412842
25	0.025633562356233597	0.24892012774944305	0.725446343421936	0.04063744097948074	0.25714224576950073	0.7022203207015991
26	0.0736551359295845	0.2153204083442688	0.7110244631767273	0.061953168362379074	0.2248975932598114	0.7131491899490356
27	0.028982458636164665	0.27888980507850647	0.6921277046203613	0.04595233500003815	0.21226494014263153	0.7417827248573303
28	0.056390535086393356	0.4028744697570801	0.5407350063323975	0.05198582261800766	0.2668572664260864	0.6811568737030029
29	0.032419584691524506	0.18581894040107727	0.7817614674568176	0.04201927036046982	0.17158132791519165	0.7863994836807251
30	0.1501992642879486	0.1652871072292328	0.6845136284828186	0.17278119921684265	0.2132413685321808	0.6139774322509766
31	0.05766929313540459	0.22741633653640747	0.7149143815040588	0.06051729992032051	0.22019220888614655	0.7192904949188232
32	0.06841585785150528	0.252088338136673	0.6794958710670471	0.06382667273283005	0.23721244931221008	0.6989608407020569
33	0.12446091324090958	0.21630579233169556	0.6592333316802979	0.06272000074386597	0.22223196923732758	0.7150480151176453
34	0.036537136882543564	0.1870187371969223	0.776444137096405	0.019672347232699394	0.2094833105802536	0.7708443403244019
35	0.018085619434714317	0.2533015310764313	0.7286128401756287	0.021214863285422325	0.22990740835666656	0.748877763748169
36	0.5730940103530884	0.18751144409179688	0.23939460515975952	0.6882649660110474	0.12285563349723816	0.1888793557882309
37	0.01822979748249054	0.22962963581085205	0.7521405816078186	0.020967107266187668	0.24083402752876282	0.7381988167762756
38	0.1901722550392151	0.22761400043964386	0.5822137594223022	0.17073121666908264	0.15026578307151794	0.6790030002593994
39	0.11137240380048752	0.11273389309644699	0.7758936882019043	0.09154193103313446	0.0876476913690567	0.8208103775978088
40	0.046462368220090866	0.37608903646469116	0.5774485468864441	0.043450452387332916	0.4183042049407959	0.5382453799247742
41	0.0475904680788517	0.17594942450523376	0.7764601111412048	0.06859547644853592	0.18872176110744476	0.7426828145980835
42	0.04091501608490944	0.22996258735656738	0.7291223406791687	0.05427546799182892	0.2768530249595642	0.6688715219497681
43	0.2284950315952301	0.20887961983680725	0.5626253485679626	0.40813714265823364	0.1670074164867401	0.42485538125038147
44	0.026507016271352768	0.0983160063624382	0.8751769661903381	0.02397034876048565	0.08925516903400421	0.886774480342865
45	0.14075030386447906	0.1587328165769577	0.7005168199539185	0.21429488062858582	0.14469678699970245	0.6410083174705505
46	0.024369457736611366	0.2000669538974762	0.775563657283783	0.022122971713542938	0.13454504311084747	0.8433319926261902
47	0.2377377301454544	0.28679701685905457	0.4754652678966522	0.142411470413208	0.2007444202899933	0.6568440794944763
48	0.16433392465114594	0.2460244745016098	0.5896415710449219	0.15180039405822754	0.1733105331659317	0.674889087677002
49	0.404651939868927	0.12661731243133545	0.46873074769973755	0.31220924854278564	0.15829698741436005	0.5294936895370483
50	0.01179432962089777	0.027623619884252548	0.9605820178985596	0.01911548711359501	0.029078014194965363	0.9518065452575684
51	0.024255378171801567	0.2816435694694519	0.6941010355949402	0.03196783363819122	0.31589388847351074	0.6521382331848145
52	0.06658481806516647	0.3079352080821991	0.6254799365997314	0.07210377603769302	0.35414940118789673	0.5737468600273132
53	0.049856528639793396	0.3254384994506836	0.6247050166130066	0.24222153425216675	0.23169060051441193	0.5260878205299377
54	0.11391579359769821	0.07723350822925568	0.8088506460189819	0.08869702368974686	0.09650424122810364	0.8147987127304077
55	0.04574183374643326	0.3331400752067566	0.6211180686950684	0.04111155867576599	0.3740848898887634	0.5848035216331482
56	0.0507558174431324	0.16173171997070312	0.787512481212616	0.03864208981394768	0.16312256455421448	0.7982353568077087
57	0.05099226161837578	0.2854204773902893	0.663587212562561	0.04240601509809494	0.2750519812107086	0.6825420260429382
58	0.018107950687408447	0.2058398276567459	0.7760522365570068	0.02459763176739216	0.18316201865673065	0.7922403812408447
59	0.5876069664955139	0.10646839439868927	0.30592459440231323	0.4814552068710327	0.11303960531949997	0.4055052399635315
60	0.17939390242099762	0.283436119556427	0.5371699333190918	0.47422757744789124	0.13766662776470184	0.38810575008392334
61	0.08359339833259583	0.3118315041065216	0.6045750975608826	0.15828275680541992	0.20275121927261353	0.6389660239219666
62	0.027029961347579956	0.2026788294315338	0.770291268825531	0.06902362406253815	0.2045222669839859	0.7264540791511536
63	0.04063905403017998	0.3477462828159332	0.6116146445274353	0.062364187091588974	0.30047470331192017	0.6371610760688782
64	0.01718953624367714	0.20815515518188477	0.7746553421020508	0.02344316989183426	0.21914519369602203	0.7574116587638855
65	0.11490865051746368	0.12081648409366608	0.7642748951911926	0.13214920461177826	0.10191263258457184	0.7659382224082947
66	0.013766706921160221	0.20429913699626923	0.7819341421127319	0.020415538921952248	0.2046990692615509	0.7748854160308838
67	0.039417970925569534	0.035254672169685364	0.9253273606300354	0.03268294408917427	0.040278252214193344	0.9270387887954712
68	0.06783899664878845	0.12564043700695038	0.8065205216407776	0.06338706612586975	0.1320699155330658	0.8045430183410645
69	0.028076879680156708	0.10226838290691376	0.8696547746658325	0.027031173929572105	0.10215897113084793	0.8708098530769348
70	0.08712932467460632	0.1422196328639984	0.77065110206604	0.09135205298662186	0.13935354351997375	0.7692944407463074
71	0.13287347555160522	0.09079061448574066	0.7763359546661377	0.10086487978696823	0.06138301640748978	0.837752103805542
72	0.026425957679748535	0.35053175687789917	0.6230422854423523	0.06393836438655853	0.2308070808649063	0.7052545547485352
73	0.03662094101309776	0.15618517994880676	0.8071938753128052	0.03963685780763626	0.12992988526821136	0.8304332494735718
74	0.05772289261221886	0.45285436511039734	0.4894227385520935	0.03355683758854866	0.449749618768692	0.5166935324668884
75	0.0358022078871727	0.2586067020893097	0.7055911421775818	0.05477160960435867	0.2578662633895874	0.6873621344566345
76	0.13417580723762512	0.07511693239212036	0.7907072901725769	0.11682248115539551	0.11321675032377243	0.7699607014656067
77	0.12557734549045563	0.25718191266059875	0.6172407269477844	0.21625877916812897	0.1970970183610916	0.586644172668457
78	0.025225361809134483	0.2293018400669098	0.74547278881073	0.0272536501288414	0.22825859487056732	0.7444877624511719
79	0.03592139482498169	0.09213472157716751	0.8719439506530762	0.038183003664016724	0.07168892025947571	0.8901280760765076
80	0.08364245295524597	0.26590991020202637	0.6504476070404053	0.10613029450178146	0.36073654890060425	0.5331332087516785
81	0.07885115593671799	0.5570844411849976	0.36406436562538147	0.08099374920129776	0.5541222095489502	0.36488398909568787
82	0.03801944479346275	0.1758047640323639	0.7861758470535278	0.061550892889499664	0.17374823987483978	0.7647008895874023
83	0.1669846922159195	0.35936620831489563	0.47364911437034607	0.13278310000896454	0.4014396071434021	0.46577727794647217
84	0.03851386532187462	0.10998093336820602	0.8515052199363708	0.0374457985162735	0.1089676097035408	0.8535866141319275
85	0.28800272941589355	0.1500999480485916	0.561897337436676	0.3222140669822693	0.15144741535186768	0.5263385772705078
86	0.0432317815721035	0.17831334471702576	0.7784548997879028	0.05501861870288849	0.1997385174036026	0.7452428936958313
87	0.0809824988245964	0.12975451350212097	0.7892629504203796	0.09143011271953583	0.039694592356681824	0.8688753247261047
88	0.10393229126930237	0.2889559864997864	0.6071117520332336	0.09069181978702545	0.30408892035484314	0.605219304561615
89	0.04250822961330414	0.3784712255001068	0.5790205597877502	0.07802015542984009	0.300300270318985	0.6216795444488525
90	0.11502166092395782	0.23462781310081482	0.6503504514694214	0.14654460549354553	0.2322937697172165	0.6211616396903992
91	0.4348703920841217	0.1680641770362854	0.3970654010772705	0.36211737990379333	0.2034045308828354	0.4344780743122101
92	0.03682556748390198	0.24581320583820343	0.7173612117767334	0.028968017548322678	0.29920995235443115	0.6718220710754395
93	0.03978055343031883	0.1878672093153	0.7723522186279297	0.07362368702888489	0.10258311033248901	0.8237932324409485
94	0.3020608127117157	0.2849268913269043	0.4130123257637024	0.2654438316822052	0.2756575644016266	0.4588986039161682
95	0.150802880525589	0.24107159674167633	0.6081255078315735	0.1052449643611908	0.23235256969928741	0.6624024510383606
96	0.14515246450901031	0.30747342109680176	0.5473740696907043	0.17855148017406464	0.3116203844547272	0.5098281502723694
97	0.17178964614868164	0.3962581157684326	0.43195220828056335	0.25623342394828796	0.14208172261714935	0.6016849279403687
98	0.07217758893966675	0.44499629735946655	0.48282602429389954	0.08343730866909027	0.4870019257068634	0.42956075072288513
99	0.09174145758152008	0.0772680789232254	0.8309904932975769	0.10138816386461258	0.07450783252716064	0.8241040706634521
100	0.06037304550409317	0.09831412136554718	0.8413128852844238	0.05827268585562706	0.07943751662969589	0.8622898459434509
101	0.048133980482816696	0.11753962934017181	0.8343263864517212	0.0537915974855423	0.09383945912122726	0.852368950843811
102	0.1293671876192093	0.30320119857788086	0.567431628704071	0.20157864689826965	0.27664750814437866	0.5217738151550293
103	0.017074888572096825	0.06096982583403587	0.9219552278518677	0.017027821391820908	0.06223003938794136	0.9207420945167542
104	0.03929195553064346	0.12476558238267899	0.8359424471855164	0.02888612076640129	0.13691113889217377	0.834202766418457
105	0.056199926882982254	0.157537579536438	0.7862625122070312	0.09201082587242126	0.09098990261554718	0.8169993162155151
106	0.2428615391254425	0.2080453634262085	0.5490930676460266	0.26227104663848877	0.17737890779972076	0.5603500604629517
107	0.8094372749328613	0.05148616433143616	0.13907663524150848	0.9189356565475464	0.033018603920936584	0.04804576188325882
108	0.1167810782790184	0.035162653774023056	0.8480562567710876	0.1743604838848114	0.03784222528338432	0.7877972722053528
109	0.021948544308543205	0.1380036622285843	0.8400477766990662	0.0282871276140213	0.22846031188964844	0.7432525753974915
110	0.039823535829782486	0.18564066290855408	0.7745358347892761	0.034622400999069214	0.21217119693756104	0.7532063722610474
111	0.0320536307990551	0.14261233806610107	0.8253340721130371	0.05945824086666107	0.11710195243358612	0.8234398365020752
112	0.014454333111643791	0.03361762315034866	0.9519280791282654	0.01884671114385128	0.05208272114396095	0.9290705919265747
113	0.03542222082614899	0.20276813209056854	0.7618097066879272	0.03602314740419388	0.1896156519651413	0.7743611335754395
114	0.061073221266269684	0.3769758939743042	0.5619509220123291	0.10367446392774582	0.22974546253681183	0.666580080986023
115	0.08253864198923111	0.1962185800075531	0.7212428450584412	0.07191252708435059	0.16011233627796173	0.7679751515388489
116	0.19054926931858063	0.5935527086257935	0.21589799225330353	0.2019544541835785	0.5602548122406006	0.23779074847698212
117	0.059859953820705414	0.3183377981185913	0.6218023300170898	0.09813333302736282	0.2977219223976135	0.6041446924209595
118	0.0819028988480568	0.20763593912124634	0.7104611396789551	0.09264509379863739	0.19842420518398285	0.7089306712150574
119	0.022085659205913544	0.12205472588539124	0.855859637260437	0.017397763207554817	0.07054465264081955	0.912057638168335
120	0.03940962255001068	0.2670786380767822	0.6935117840766907	0.040485478937625885	0.24669712781906128	0.712817370891571
121	0.16807904839515686	0.13209927082061768	0.6998216509819031	0.2034796178340912	0.14092344045639038	0.655596911907196
122	0.10791338235139847	0.19965794682502747	0.692428708076477	0.07144755870103836	0.17926084995269775	0.7492915391921997
123	0.08632323145866394	0.16419437527656555	0.7494823336601257	0.09718886017799377	0.15851014852523804	0.7443010210990906
124	0.08676383644342422	0.3057507872581482	0.607485294342041	0.04546709358692169	0.3441356122493744	0.6103973388671875
125	0.09459955245256424	0.19740663468837738	0.7079938054084778	0.08998937159776688	0.2226097583770752	0.6874008178710938
126	0.06714363396167755	0.32314759492874146	0.6097087264060974	0.04138755798339844	0.2406197041273117	0.7179927229881287
127	0.05574803054332733	0.16340439021587372	0.7808475494384766	0.06772245466709137	0.1371200829744339	0.7951574325561523
128	0.13806124031543732	0.3203655183315277	0.5415732860565186	0.09614565968513489	0.18623928725719452	0.717615008354187
129	0.08488931506872177	0.19361481070518494	0.7214958667755127	0.11852948367595673	0.14488856494426727	0.7365819811820984
130	0.05542929098010063	0.1811404973268509	0.7634302377700806	0.029064534232020378	0.14026792347431183	0.8306674957275391
131	0.04518049210309982	0.07372570782899857	0.8810938596725464	0.062252435833215714	0.06477873027324677	0.872968852519989
132	0.30526700615882874	0.268960565328598	0.42577236890792847	0.4369855523109436	0.23565375804901123	0.32736068964004517
133	0.06257864087820053	0.3311012387275696	0.6063201427459717	0.064611054956913	0.3632134795188904	0.5721755027770996
134	0.02194451168179512	0.029186706990003586	0.9488687515258789	0.01821553148329258	0.0230096522718668	0.9587748646736145
135	0.05567699670791626	0.2628905773162842	0.6814324855804443	0.034393247216939926	0.2326107919216156	0.7329959273338318
136	0.031014706939458847	0.07933909446001053	0.8896461725234985	0.051881302148103714	0.0713549330830574	0.8767637610435486
137	0.0637095645070076	0.11833423376083374	0.8179562091827393	0.11286187916994095	0.14768323302268982	0.7394549250602722
138	0.05960879102349281	0.3136855363845825	0.6267057061195374	0.08815424144268036	0.25623592734336853	0.6556098461151123
139	0.04491731896996498	0.19628974795341492	0.7587929368019104	0.04453511908650398	0.19681432843208313	0.7586506009101868
140	0.2946847379207611	0.18372118473052979	0.5215941071510315	0.3066655993461609	0.18286077678203583	0.5104736089706421
141	0.09594536572694778	0.045157890766859055	0.8588967323303223	0.13468222320079803	0.0503726527094841	0.8149451017379761
142	0.07038138061761856	0.2752693295478821	0.6543492674827576	0.11206990480422974	0.23054541647434235	0.6573846936225891
143	0.026241932064294815	0.0511966235935688	0.9225614666938782	0.0229523703455925	0.06325095891952515	0.9137967228889465
144	0.034095488488674164	0.08950018137693405	0.8764042854309082	0.02540380321443081	0.0446801632642746	0.9299160242080688
145	0.11127796769142151	0.2405305653810501	0.6481914520263672	0.05912245437502861	0.1870773881673813	0.7538001537322998
146	0.03855329751968384	0.12941919267177582	0.8320274949073792	0.04060721769928932	0.1207306906580925	0.8386621475219727
147	0.16975490748882294	0.4886714220046997	0.34157368540763855	0.23079535365104675	0.37325724959373474	0.3959473967552185
148	0.049486227333545685	0.12426985800266266	0.8262438774108887	0.08713957667350769	0.17084737122058868	0.7420130372047424
149	0.08762484043836594	0.24531222879886627	0.6670629382133484	0.11300276964902878	0.19173306226730347	0.6952641606330872
150	0.032845623791217804	0.1574244648218155	0.8097298741340637	0.034739553928375244	0.1430128663778305	0.8222476243972778
151	0.08822636306285858	0.3617618978023529	0.5500116944313049	0.04966555908322334	0.35119175910949707	0.5991427302360535
152	0.11260934174060822	0.3682842552661896	0.519106388092041	0.16255462169647217	0.4080677926540375	0.42937761545181274
153	0.0579516775906086	0.3415543735027313	0.6004939675331116	0.08409824967384338	0.3220769166946411	0.5938248634338379
154	0.05557066574692726	0.15755024552345276	0.7868791222572327	0.038147103041410446	0.11401210725307465	0.8478407859802246
155	0.1751195639371872	0.21421971917152405	0.61066073179245	0.1319318264722824	0.193597212433815	0.6744709610939026
156	0.16885577142238617	0.09541864693164825	0.7357255816459656	0.18327179551124573	0.07488442212343216	0.7418438196182251
157	0.027209583669900894	0.14314350485801697	0.82964688539505	0.027418121695518494	0.10713386535644531	0.8654479384422302
158	0.013728056102991104	0.023098789155483246	0.9631731510162354	0.017862726002931595	0.021801594644784927	0.9603356719017029
159	0.04879026114940643	0.2069661170244217	0.7442436218261719	0.056512005627155304	0.24744872748851776	0.6960392594337463
160	0.043906450271606445	0.2176351696252823	0.7384583950042725	0.05105636268854141	0.2167591154575348	0.7321845293045044
161	0.0013706001918762922	0.0032423159573227167	0.9953871369361877	0.00032734964042901993	0.0011801992077380419	0.9984924793243408
162	0.07274197787046432	0.23305968940258026	0.6941983103752136	0.07731029391288757	0.28631773591041565	0.6363720297813416
163	0.047985512763261795	0.1311209797859192	0.8208934664726257	0.07028914988040924	0.14206500351428986	0.7876458764076233
164	0.20038509368896484	0.13158561289310455	0.6680293083190918	0.2668362855911255	0.18794648349285126	0.5452172160148621
165	0.2885762155056	0.17841574549674988	0.5330080986022949	0.2586663067340851	0.09178552776575089	0.6495481729507446
166	0.0942344218492508	0.0283853467553854	0.8773802518844604	0.24070873856544495	0.03944389522075653	0.7198474407196045
167	0.041121046990156174	0.18379908800125122	0.7750798463821411	0.043892040848731995	0.188181072473526	0.7679269313812256
168	0.20752504467964172	0.15384894609451294	0.638625979423523	0.45369744300842285	0.13392052054405212	0.4123820960521698
169	0.028058914467692375	0.29170483350753784	0.6802362203598022	0.05333387106657028	0.24663780629634857	0.7000283002853394
170	0.03162578493356705	0.11957584321498871	0.8487983345985413	0.04299965873360634	0.12252461910247803	0.8344756960868835
171	0.046146538108587265	0.08929036557674408	0.8645630478858948	0.040855031460523605	0.07674755156040192	0.8823974132537842
172	0.05334757640957832	0.14176014065742493	0.804892361164093	0.03807061165571213	0.1278836578130722	0.8340457677841187
173	0.030961899086833	0.09906341135501862	0.869974672794342	0.024838946759700775	0.11100848764181137	0.8641525506973267
174	0.033626820892095566	0.2311796098947525	0.7351935505867004	0.029289405792951584	0.27178633213043213	0.6989243030548096
175	0.030246345326304436	0.10079377144575119	0.8689598441123962	0.02751375362277031	0.14176909625530243	0.8307170867919922
176	0.10665979981422424	0.16660524904727936	0.7267348766326904	0.09160751104354858	0.14144699275493622	0.766945481300354
177	0.04568949341773987	0.16458074748516083	0.7897298336029053	0.11378723382949829	0.1468883454799652	0.7393243908882141
178	0.13854099810123444	0.38463905453681946	0.4768199622631073	0.16944323480129242	0.243928000330925	0.586628794670105
179	0.4790400266647339	0.14085517823696136	0.38010480999946594	0.6050418615341187	0.12996725738048553	0.2649909257888794
180	0.06629017740488052	0.1719440221786499	0.7617658376693726	0.065513975918293	0.24458366632461548	0.6899023056030273
181	0.02658400498330593	0.22186894714832306	0.7515470385551453	0.026157749816775322	0.23495255410671234	0.7388896942138672
182	0.1799832284450531	0.093185193836689	0.7268316149711609	0.18616393208503723	0.12296734750270844	0.6908687353134155
183	0.07515741884708405	0.10082300007343292	0.8240195512771606	0.07223054766654968	0.07357753813266754	0.8541918992996216
184	0.04930354654788971	0.4407390058040619	0.509957492351532	0.08480740338563919	0.3311953842639923	0.5839972496032715
185	0.01859425939619541	0.1888834536075592	0.7925223112106323	0.03106621652841568	0.2018597424030304	0.7670740485191345
186	0.12527836859226227	0.24273577332496643	0.6319857835769653	0.17279046773910522	0.15714898705482483	0.6700605154037476
187	0.023580584675073624	0.09347273409366608	0.8829466700553894	0.03648330271244049	0.06510911136865616	0.8984076380729675
188	0.11920823901891708	0.2223621904850006	0.6584295034408569	0.14328208565711975	0.16362297534942627	0.6930949687957764
189	0.04779873043298721	0.26288655400276184	0.6893146634101868	0.11267779022455215	0.2777852416038513	0.6095370054244995
190	0.04678531363606453	0.31368130445480347	0.6395334005355835	0.07887325435876846	0.3328288495540619	0.5882979035377502
191	0.04979044571518898	0.1373520940542221	0.8128575086593628	0.03468868136405945	0.13540899753570557	0.8299023509025574
192	0.07192466408014297	0.2960295081138611	0.6320458650588989	0.048977937549352646	0.283128559589386	0.6678934097290039
193	0.13335120677947998	0.22060707211494446	0.6460416316986084	0.654223620891571	0.06829474866390228	0.27748167514801025
194	0.05791666358709335	0.21501615643501282	0.727067232131958	0.09932766854763031	0.20091189444065094	0.6997604370117188
195	0.06972730904817581	0.3049406111240387	0.6253320574760437	0.0779922753572464	0.21986281871795654	0.7021449208259583
196	0.06043591722846031	0.2879045307636261	0.6516596078872681	0.08149708062410355	0.26893913745880127	0.6495637893676758
197	0.023871365934610367	0.21991495788097382	0.7562136650085449	0.023671666160225868	0.18752634525299072	0.7888020277023315
198	0.018696708604693413	0.3969162404537201	0.5843870043754578	0.013872220180928707	0.4727456271648407	0.5133821368217468
199	0.03369595855474472	0.20240752398967743	0.7638965249061584	0.03957134857773781	0.25733405351638794	0.7030946016311646
