0	0.9346351027488708	0.05775725468993187	0.007607622072100639	0.9641830921173096	0.023998908698558807	0.01181800290942192
1	0.9628844857215881	0.0325060673058033	0.004609475843608379	0.32589343190193176	0.6625955700874329	0.011510917916893959
2	0.8657611012458801	0.07374577224254608	0.060493104159832	0.9708309769630432	0.017504246905446053	0.0116647407412529
3	0.9773856997489929	0.018127847462892532	0.004486480262130499	0.9650558233261108	0.022272989153862	0.01267115119844675
4	0.9640961289405823	0.029793988913297653	0.006109835114330053	0.9659801125526428	0.028766870498657227	0.005252974107861519
5	0.9681274890899658	0.026846393942832947	0.00502610532566905	0.9875895380973816	0.010163767263293266	0.002246742369607091
6	0.7651548385620117	0.07242050021886826	0.1624247431755066	0.39612144231796265	0.13650228083133698	0.4673762321472168
7	0.9567449688911438	0.04144783318042755	0.0018071605591103435	0.9761589169502258	0.022031376138329506	0.00180971366353333
8	0.9674647450447083	0.021539360284805298	0.010995840653777122	0.9104703068733215	0.06496833264827728	0.02456141822040081
9	0.9813489317893982	0.015699448063969612	0.002951629925519228	0.3564113676548004	0.633490800857544	0.010097842663526535
10	0.9718351364135742	0.025339391082525253	0.0028253598138689995	0.9605956673622131	0.03429834172129631	0.00510600209236145
11	0.98579341173172	0.012653082609176636	0.0015535862185060978	0.9858270287513733	0.011949035339057446	0.002223904710263014
12	0.9826770424842834	0.013997672125697136	0.003325204597786069	0.9832276105880737	0.013518115505576134	0.0032542606350034475
13	0.9668728113174438	0.027913400903344154	0.005213833414018154	0.9450965523719788	0.0495954193174839	0.005308095365762711
14	0.9544738531112671	0.04176020249724388	0.003765996778383851	0.838716983795166	0.15699948370456696	0.004283563233911991
15	0.9351856708526611	0.06230590119957924	0.002508484525606036	0.9458465576171875	0.04873121902346611	0.005422244314104319
16	0.38617584109306335	0.359104186296463	0.2547200322151184	0.4513336420059204	0.13670605421066284	0.41196027398109436
17	0.9885488152503967	0.009369416162371635	0.002081774640828371	0.9850447773933411	0.01314028725028038	0.001814901945181191
18	0.8310672044754028	0.06432858854532242	0.10460428148508072	0.44936251640319824	0.12654408812522888	0.4240933954715729
19	0.9704625010490417	0.026330942288041115	0.0032064837869256735	0.9794288277626038	0.018006332218647003	0.00256484467536211
20	0.3328346312046051	0.22336384654045105	0.44380155205726624	0.37228864431381226	0.17804862558841705	0.4496627449989319
21	0.9570918679237366	0.040061984211206436	0.0028460416942834854	0.9844708442687988	0.01344312634319067	0.0020860065706074238
22	0.9871231317520142	0.010678059421479702	0.0021987014915794134	0.9870061874389648	0.0106393126770854	0.0023545329459011555
23	0.9766496419906616	0.016828080639243126	0.006522227078676224	0.9840971231460571	0.011513514444231987	0.0043893842957913876
24	0.07865208387374878	0.3828231692314148	0.5385248064994812	0.06494299322366714	0.38512560725212097	0.5499314665794373
25	0.9874898791313171	0.011286810971796513	0.0012233725283294916	0.9915164709091187	0.007316221483051777	0.001167264417745173
26	0.9723765850067139	0.018579155206680298	0.009044201113283634	0.967850387096405	0.016155656427145004	0.015993932262063026
27	0.9851957559585571	0.011984748765826225	0.002819524146616459	0.985714316368103	0.011865527369081974	0.0024201232008635998
28	0.9789942502975464	0.015976207330822945	0.005029520485550165	0.9878863096237183	0.009711111895740032	0.002402540063485503
29	0.9715710878372192	0.02302701398730278	0.005401883274316788	0.9797248840332031	0.016503486782312393	0.0037717060185968876
30	0.9516952037811279	0.03807740658521652	0.010227379389107227	0.9858736991882324	0.011773318983614445	0.002352973446249962
31	0.9700363874435425	0.021778536960482597	0.00818503275513649	0.9497672915458679	0.031042395159602165	0.019190317019820213
32	0.5035724639892578	0.27543607354164124	0.22099149227142334	0.6475130319595337	0.19056949019432068	0.16191749274730682
33	0.9746604561805725	0.022334104403853416	0.00300547550432384	0.9836742877960205	0.013799517415463924	0.002526188036426902
34	0.48360246419906616	0.1389685571193695	0.37742897868156433	0.5027360320091248	0.13342367112636566	0.36384034156799316
35	0.3708556294441223	0.5244244933128357	0.10471983253955841	0.9226732850074768	0.0533563531935215	0.023970365524291992
36	0.9794091582298279	0.012407740578055382	0.008183148689568043	0.9845244288444519	0.00961378589272499	0.0058617969043552876
37	0.9803815484046936	0.01716034673154354	0.002458183327689767	0.9807008504867554	0.016935693100094795	0.002363369334489107
38	0.9875701069831848	0.010028226301074028	0.0024016026873141527	0.9801387786865234	0.01620834320783615	0.0036528308410197496
39	0.9279364943504333	0.06448980420827866	0.007573751267045736	0.6544738411903381	0.32585209608078003	0.019674040377140045
40	0.9769335389137268	0.01990251988172531	0.003163916990160942	0.9784877896308899	0.01920238696038723	0.002309798263013363
41	0.9697622060775757	0.025726232677698135	0.0045115891844034195	0.9667743444442749	0.029195448383688927	0.004030266311019659
42	0.9856378436088562	0.01244817953556776	0.0019140507793053985	0.9863958358764648	0.01225882489234209	0.0013453076826408505
43	0.9861307740211487	0.0121849300339818	0.0016842912882566452	0.9865347743034363	0.011910155415534973	0.0015550866955891252
44	0.9827383160591125	0.014539229683578014	0.002722472185268998	0.9760101437568665	0.016526341438293457	0.007463440299034119
45	0.9826682209968567	0.01439743023365736	0.0029342661146074533	0.9878901839256287	0.010436871089041233	0.0016729742055758834
46	0.9860852956771851	0.011871510185301304	0.002043189713731408	0.9869679808616638	0.010868819430470467	0.002163265598937869
47	0.979221761226654	0.017639974132180214	0.003138190833851695	0.9781110286712646	0.019526971504092216	0.0023619187995791435
48	0.866083025932312	0.11166886240243912	0.022248128429055214	0.5188122391700745	0.4704361855983734	0.01075157430022955
49	0.9772647619247437	0.017430676147341728	0.0053046029061079025	0.9781671762466431	0.01857043243944645	0.003262448124587536
50	0.8686081171035767	0.1039055809378624	0.02748635970056057	0.7370730638504028	0.20101305842399597	0.061913829296827316
51	0.984062910079956	0.013931765221059322	0.0020053458865731955	0.9800292253494263	0.01759960874915123	0.0023711256217211485
52	0.9793416857719421	0.018298732116818428	0.002359576290473342	0.9789987802505493	0.018525341525673866	0.0024758558720350266
53	0.967110812664032	0.028044089674949646	0.004845081362873316	0.9753683805465698	0.018298832699656487	0.0063328552059829235
54	0.9879031777381897	0.010239830240607262	0.0018569657113403082	0.9884472489356995	0.009845132939517498	0.0017076742369681597
55	0.9199125170707703	0.04864209145307541	0.031445421278476715	0.9556082487106323	0.04111286252737045	0.0032788629177957773
56	0.9797549247741699	0.016352437436580658	0.003892528126016259	0.9575168490409851	0.03426109254360199	0.008222071453928947
57	0.9564015865325928	0.04085509106516838	0.0027433864306658506	0.6293976902961731	0.35917145013809204	0.011430913582444191
58	0.09972286969423294	0.16513921320438385	0.7351379990577698	0.08804178982973099	0.036891233175992966	0.8750669360160828
59	0.7982606887817383	0.11931590735912323	0.08242342621088028	0.6922469139099121	0.1577405482530594	0.1500125378370285
60	0.9421569108963013	0.044614989310503006	0.013228142634034157	0.8954583406448364	0.0804559588432312	0.02408572845160961
61	0.9877662658691406	0.009181552566587925	0.0030521985609084368	0.9713910818099976	0.023821363225579262	0.004787639249116182
62	0.9859707951545715	0.012229970656335354	0.0017993127694353461	0.9900270104408264	0.00743007892742753	0.0025428517255932093
63	0.9780514240264893	0.01937703788280487	0.0025715231895446777	0.9879141449928284	0.009661217220127583	0.00242467294447124
64	0.9873244762420654	0.010650292970240116	0.0020252407994121313	0.9835583567619324	0.014503204263746738	0.0019384282641112804
65	0.8803237676620483	0.04195411130785942	0.07772210240364075	0.6801319718360901	0.09926190227270126	0.22060607373714447
66	0.9814147353172302	0.013146989978849888	0.005438380874693394	0.9647144675254822	0.028826771304011345	0.006458753254264593
67	0.43071773648262024	0.22490595281124115	0.3443762958049774	0.15546239912509918	0.2066166251897812	0.6379209160804749
68	0.9744961261749268	0.02277773804962635	0.0027261367067694664	0.972304105758667	0.024914540350437164	0.0027813734486699104
69	0.4839015305042267	0.48102012276649475	0.03507840633392334	0.8840345144271851	0.07804486900568008	0.037920672446489334
70	0.7370280027389526	0.12406269460916519	0.13890936970710754	0.9124428629875183	0.07073817402124405	0.016819067299365997
71	0.963976263999939	0.027066608890891075	0.008957188576459885	0.8863723278045654	0.048249293118715286	0.06537841260433197
72	0.9745957851409912	0.013515290804207325	0.011888948269188404	0.9509105086326599	0.027931611984968185	0.021157944574952126
73	0.9175308346748352	0.06408855319023132	0.018380627036094666	0.9758240580558777	0.018515432253479958	0.005660452879965305
74	0.9574095606803894	0.03765110671520233	0.004939280450344086	0.9604828953742981	0.034348029643297195	0.00516908522695303
75	0.2479524463415146	0.5884501338005066	0.16359739005565643	0.08415484428405762	0.5867010951042175	0.3291439712047577
76	0.5424419045448303	0.15039925277233124	0.30715882778167725	0.6885455250740051	0.12060976028442383	0.19084465503692627
77	0.9635365605354309	0.03266390413045883	0.003799570957198739	0.9835003614425659	0.013758763670921326	0.0027408478781580925
78	0.989063560962677	0.008633175864815712	0.0023033099714666605	0.9844949841499329	0.013317053206264973	0.0021879971027374268
79	0.9784716963768005	0.016398414969444275	0.005129998549818993	0.9843302369117737	0.01285629253834486	0.002813494997099042
80	0.980747640132904	0.014978193677961826	0.004274093080312014	0.9706238508224487	0.02687624655663967	0.002499854192137718
81	0.8485325574874878	0.10957907140254974	0.04188835620880127	0.9063234329223633	0.07092565298080444	0.022750910371541977
82	0.9857138395309448	0.010879830457270145	0.0034063472412526608	0.9858351349830627	0.01083361729979515	0.0033312146551907063
83	0.9869450926780701	0.010782450437545776	0.002272525103762746	0.9893566966056824	0.008823654614388943	0.0018196748569607735
84	0.8810487389564514	0.08584939688444138	0.033101849257946014	0.7792590856552124	0.1475003957748413	0.07324045151472092
85	0.8420290946960449	0.15329769253730774	0.004673163406550884	0.9237711429595947	0.07393407821655273	0.0022947380784898996
86	0.05365339294075966	0.03128592297434807	0.9150606393814087	0.4345402717590332	0.16619770228862762	0.399262011051178
87	0.9854061603546143	0.012128796428442001	0.0024650252889841795	0.9671401381492615	0.030343666672706604	0.0025161919184029102
88	0.8074188828468323	0.1160690113902092	0.0765121653676033	0.8306560516357422	0.09877870976924896	0.07056514918804169
89	0.98758465051651	0.01016263198107481	0.0022526923567056656	0.9582411646842957	0.0398259162902832	0.0019329109927639365
90	0.16364318132400513	0.8340039849281311	0.002352798590436578	0.9826881289482117	0.01488681323826313	0.002425051759928465
91	0.9841227531433105	0.01317482627928257	0.00270247389562428	0.9442064762115479	0.0512189082801342	0.004574550781399012
92	0.9606941938400269	0.036835238337516785	0.002470458159223199	0.9811738729476929	0.01701321266591549	0.001812796457670629
93	0.9853163361549377	0.011457458138465881	0.0032262185122817755	0.9788797497749329	0.015540354885160923	0.005579797551035881
94	0.9523466229438782	0.03469352424144745	0.012959888204932213	0.9638010263442993	0.029081352055072784	0.007117580156773329
95	0.9393414258956909	0.05698893591761589	0.003669606987386942	0.9827012419700623	0.014316809363663197	0.0029819305054843426
96	0.616451621055603	0.3748917877674103	0.008656587451696396	0.9844599962234497	0.012853733263909817	0.0026862609665840864
97	0.4529825448989868	0.14794059097766876	0.3990769386291504	0.4348665475845337	0.18422816693782806	0.38090527057647705
98	0.982032060623169	0.0132750878110528	0.0046928804367780685	0.9853011965751648	0.012207838706672192	0.00249099382199347
99	0.9210165739059448	0.07440023869276047	0.004583234898746014	0.9709107875823975	0.022794943302869797	0.006294285878539085
100	0.8705331683158875	0.08700636029243469	0.04246057942509651	0.9624066948890686	0.027245670557022095	0.01034761592745781
101	0.9902693033218384	0.007741888985037804	0.001988752745091915	0.9810754060745239	0.016838835552334785	0.002085722517222166
102	0.9634954929351807	0.029189737513661385	0.007314782124012709	0.9791790246963501	0.0144090810790658	0.006411955691874027
103	0.9821517467498779	0.014963197521865368	0.0028850873932242393	0.9836676120758057	0.011903762817382812	0.0044286660850048065
104	0.9748274087905884	0.020710201933979988	0.004462433513253927	0.9418303370475769	0.05055318400263786	0.007616488728672266
105	0.9829221963882446	0.012382070533931255	0.004695698618888855	0.9890490770339966	0.008221977390348911	0.002728913677856326
106	0.9787235260009766	0.01805473491549492	0.003221652237698436	0.9742943644523621	0.02339830994606018	0.0023072895128279924
107	0.9442444443702698	0.019496431574225426	0.03625912219285965	0.974782407283783	0.012927507050335407	0.012290099635720253
108	0.9750581979751587	0.022189892828464508	0.0027518440037965775	0.9757013320922852	0.02211029641330242	0.0021883107256144285
109	0.9623935222625732	0.032060857862234116	0.005545646417886019	0.9627649784088135	0.03167528659105301	0.00555971497669816
110	0.895950973033905	0.08415863662958145	0.01989036798477173	0.7529138922691345	0.19245615601539612	0.05462999269366264
111	0.9895297884941101	0.00842212326824665	0.002048179740086198	0.9890601634979248	0.009037499316036701	0.0019022298511117697
112	0.9560508131980896	0.035786114633083344	0.00816294550895691	0.9827536344528198	0.013299261219799519	0.003947157878428698
113	0.986817479133606	0.01118314079940319	0.001999384257942438	0.9874768853187561	0.01015014760196209	0.0023730110842734575
114	0.2462196797132492	0.5649846792221069	0.18879568576812744	0.24425160884857178	0.4972187876701355	0.2585296034812927
115	0.2849208116531372	0.6631555557250977	0.051923684775829315	0.8762978315353394	0.11142167448997498	0.012280521914362907
116	0.9656842947006226	0.023987531661987305	0.010328168980777264	0.8883339166641235	0.03195425122976303	0.07971183210611343
117	0.9695470333099365	0.026714898645877838	0.0037380398716777563	0.9508602619171143	0.044861167669296265	0.0042785401456058025
118	0.8404937386512756	0.15827308595180511	0.0012331532780081034	0.9784602522850037	0.018657997250556946	0.002881766762584448
119	0.9448175430297852	0.05223546922206879	0.0029470070730894804	0.8184993267059326	0.17576594650745392	0.0057347663678228855
120	0.9893910884857178	0.0074119772762060165	0.0031968876719474792	0.9688407778739929	0.02005743980407715	0.011101835407316685
121	0.9782560467720032	0.01905951090157032	0.002684373641386628	0.9871277809143066	0.010850874707102776	0.0020213511306792498
122	0.9656964540481567	0.03058602102100849	0.003717549378052354	0.9618829488754272	0.03449496254324913	0.0036220315378159285
123	0.9866729974746704	0.010205347090959549	0.00312160630710423	0.9848832488059998	0.01122059766203165	0.003896143054589629
124	0.9752306342124939	0.020081328228116035	0.004688004497438669	0.9769443869590759	0.019512416794896126	0.0035431489814072847
125	0.961738109588623	0.034214653074741364	0.004047163296490908	0.9574540257453918	0.03600068390369415	0.006545331794768572
126	0.9896034002304077	0.0084463469684124	0.0019502321956679225	0.9813445806503296	0.015641437843441963	0.0030140418093651533
127	0.9718125462532043	0.024330846965312958	0.0038566181901842356	0.9745226502418518	0.02197316288948059	0.003504226915538311
128	0.9004862904548645	0.017464548349380493	0.08204922080039978	0.9684191942214966	0.01409177202731371	0.01748901605606079
129	0.9771247506141663	0.0189000703394413	0.003975136671215296	0.9881308078765869	0.009359793737530708	0.0025093748699873686
130	0.9694815874099731	0.023546885699033737	0.006971515249460936	0.9152244925498962	0.07986786216497421	0.004907636903226376
131	0.7580789923667908	0.1892319917678833	0.05268902704119682	0.9015467166900635	0.07969716191291809	0.018756164237856865
132	0.9844561815261841	0.01353312935680151	0.002010633936151862	0.9839247465133667	0.014278155751526356	0.0017970050685107708
133	0.9793312549591064	0.018469994887709618	0.0021987163927406073	0.9826655387878418	0.013638445176184177	0.0036959555000066757
134	0.9863467812538147	0.009882604703307152	0.003770597977563739	0.9891887903213501	0.008384065702557564	0.0024271728470921516
135	0.1623762547969818	0.8289085030555725	0.008715223520994186	0.9481897354125977	0.03717953339219093	0.014630798250436783
136	0.9881114959716797	0.008197510614991188	0.0036909612827003	0.988640546798706	0.008360015228390694	0.0029994421638548374
137	0.9824140071868896	0.01628154143691063	0.0013045058585703373	0.9437609910964966	0.05501104146242142	0.0012280428782105446
138	0.9794886112213135	0.016269510611891747	0.00424176175147295	0.8958770036697388	0.09748191386461258	0.006641082931309938
139	0.9882127642631531	0.00925140455365181	0.002535800216719508	0.9894570708274841	0.008142521604895592	0.00240050395950675
140	0.9882094860076904	0.010244689881801605	0.0015458520501852036	0.9887107014656067	0.009252537041902542	0.002036790130659938
141	0.9644737839698792	0.03192494064569473	0.003601284697651863	0.979820191860199	0.017495181411504745	0.002684597158804536
142	0.8646438717842102	0.12293393164873123	0.012422251515090466	0.9880774021148682	0.010383757762610912	0.0015388743486255407
143	0.980815589427948	0.014813276007771492	0.004371090326458216	0.9763973951339722	0.017848873510956764	0.005753710865974426
144	0.9496061205863953	0.04648025333881378	0.003913573920726776	0.9749389886856079	0.02153475023806095	0.003526256652548909
145	0.9769054651260376	0.019889306277036667	0.0032051706220954657	0.9769594073295593	0.01849573478102684	0.004544838797301054
146	0.9187590479850769	0.07868120074272156	0.002559766871854663	0.9774444103240967	0.02092761918902397	0.0016279013361781836
147	0.901660680770874	0.08835320174694061	0.0099860904738307	0.9801861047744751	0.014742905274033546	0.0050710211507976055
148	0.9788819551467896	0.014309809543192387	0.006808268837630749	0.9526342153549194	0.03724154457449913	0.010124189779162407
149	0.9847121238708496	0.011805133894085884	0.0034827024210244417	0.9717285633087158	0.023561278358101845	0.004710163921117783
150	0.987825334072113	0.009524724446237087	0.002649852540344	0.9757639169692993	0.021297616884112358	0.002938524354249239
151	0.7162845134735107	0.2770513892173767	0.006664059590548277	0.9276939034461975	0.0697932094335556	0.0025129502173513174
152	0.9861775636672974	0.012020513415336609	0.0018019054550677538	0.9825283288955688	0.015504679642617702	0.0019668620079755783
153	0.12136322259902954	0.14761438965797424	0.7310224175453186	0.10915562510490417	0.08005669713020325	0.8107876777648926
154	0.8290246725082397	0.06105300039052963	0.10992232710123062	0.14878523349761963	0.050743065774440765	0.8004717230796814
155	0.9813567399978638	0.01527598686516285	0.0033671751152724028	0.9853578805923462	0.012549223378300667	0.002092893235385418
156	0.5501463413238525	0.0425138883292675	0.40733978152275085	0.741162121295929	0.07260023802518845	0.1862376183271408
157	0.976874828338623	0.019766375422477722	0.0033587038051337004	0.9792659878730774	0.018121177330613136	0.0026128266472369432
158	0.9777202606201172	0.014167655259370804	0.008112146519124508	0.9726276397705078	0.024944018572568893	0.002428382635116577
159	0.9796327352523804	0.01795828528702259	0.0024089862126857042	0.9748046398162842	0.022920912131667137	0.002274464350193739
160	0.9855847954750061	0.012164260260760784	0.002250910038128495	0.985925018787384	0.01096294168382883	0.003111973637714982
161	0.986483633518219	0.010279247537255287	0.0032371270935982466	0.9898074269294739	0.007010332774370909	0.0031823315657675266
162	0.94263756275177	0.023347847163677216	0.03401465713977814	0.9752112030982971	0.01408174354583025	0.010707014240324497
163	0.9753397107124329	0.021932510659098625	0.002727848943322897	0.9797576069831848	0.01800272800028324	0.002239700173959136
164	0.9005526900291443	0.025205744430422783	0.07424159348011017	0.9448114037513733	0.021443577483296394	0.03374500200152397
165	0.9475628137588501	0.04224050045013428	0.010196654126048088	0.7481632232666016	0.23776637017726898	0.014070379547774792
166	0.9903793334960938	0.007620415650308132	0.002000167965888977	0.9876700639724731	0.009673131629824638	0.0026568432804197073
167	0.2875940203666687	0.7013760805130005	0.011029932647943497	0.9319045543670654	0.06248197332024574	0.0056134797632694244
168	0.34193021059036255	0.6492436528205872	0.008826121687889099	0.911686897277832	0.05035080760717392	0.03796226531267166
169	0.9748991131782532	0.017633724957704544	0.007467200513929129	0.9864675402641296	0.010755307041108608	0.002777151996269822
170	0.9521946310997009	0.01764029636979103	0.03016507811844349	0.9005323052406311	0.019862065091729164	0.07960569113492966
171	0.981555163860321	0.015129487961530685	0.0033153274562209845	0.7701274156570435	0.22843800485134125	0.001434588455595076
172	0.9833121299743652	0.014347024261951447	0.0023408334236592054	0.9849106669425964	0.01308458112180233	0.002004758920520544
173	0.9651251435279846	0.03234514221549034	0.0025297855027019978	0.9551040530204773	0.04029083251953125	0.004605157766491175
174	0.9880520105361938	0.009391497820615768	0.0025565747637301683	0.9848339557647705	0.013000687584280968	0.0021653228905051947
175	0.9534329175949097	0.03551086038351059	0.01105619128793478	0.9361580610275269	0.05311577394604683	0.010726156644523144
176	0.5102485418319702	0.26431751251220703	0.22543403506278992	0.6244215965270996	0.202081561088562	0.173496812582016
177	0.9779372811317444	0.018458515405654907	0.003604161785915494	0.9620131850242615	0.03305404633283615	0.004932750482112169
178	0.9754239320755005	0.02099267952144146	0.003583332756534219	0.9681417942047119	0.02668873779475689	0.005169393960386515
179	0.9690672755241394	0.02048037201166153	0.010452310554683208	0.9710744023323059	0.021528836339712143	0.007396835833787918
180	0.986473560333252	0.010421616956591606	0.0031047635711729527	0.1733996868133545	0.8132798075675964	0.013320529833436012
181	0.9854474067687988	0.01223709061741829	0.0023155563976615667	0.7765170931816101	0.22173139452934265	0.0017515158979222178
182	0.8434591889381409	0.13609066605567932	0.020450174808502197	0.9336786866188049	0.053006190806627274	0.013315112330019474
183	0.976072371006012	0.02110941708087921	0.002818139735609293	0.9686528444290161	0.0285410787910223	0.0028060416225343943
184	0.9842332005500793	0.013930336572229862	0.0018364472780376673	0.9868990182876587	0.011915904469788074	0.0011850859737023711
185	0.9811774492263794	0.014684258960187435	0.004138179589062929	0.9835931062698364	0.013129853643476963	0.003277135081589222
186	0.9366018772125244	0.057663705199956894	0.00573445251211524	0.9744784832000732	0.022133851423859596	0.003387701464816928
187	0.9838449358940125	0.013800312764942646	0.0023547601886093616	0.9834590554237366	0.014858109876513481	0.001682849833741784
188	0.9683377146720886	0.022348249331116676	0.009314015507698059	0.896268904209137	0.04188556969165802	0.0618455596268177
189	0.9715104699134827	0.025921234861016273	0.0025682460982352495	0.9862189888954163	0.011489656753838062	0.0022914132568985224
190	0.9722524881362915	0.01699019782245159	0.010757292620837688	0.9899848699569702	0.007518425118178129	0.0024967307690531015
191	0.9756968021392822	0.015160677023231983	0.009142464958131313	0.9725033640861511	0.018860982730984688	0.008635574020445347
192	0.9853612780570984	0.01197999157011509	0.0026588430628180504	0.9884110689163208	0.00998542457818985	0.0016034622676670551
193	0.38423827290534973	0.054860491305589676	0.5609012246131897	0.44619911909103394	0.051243770867586136	0.5025570392608643
194	0.9853160977363586	0.011645900085568428	0.003038005903363228	0.9671313166618347	0.029405608773231506	0.0034630766604095697
195	0.9861544966697693	0.011658149771392345	0.0021873211953788996	0.9848347902297974	0.01310943253338337	0.002055770717561245
196	0.2023526430130005	0.07701169699430466	0.720635712146759	0.5383648872375488	0.053259290754795074	0.4083757996559143
197	0.9850856065750122	0.013448494486510754	0.0014659300213679671	0.9895583391189575	0.009267611429095268	0.001173976226709783
198	0.9749919176101685	0.022017642855644226	0.0029904895927757025	0.9804685115814209	0.017394183203577995	0.0021372889168560505
199	0.9848034381866455	0.012398744001984596	0.0027978154830634594	0.9845816493034363	0.01267687976360321	0.002741471864283085
