0	0.01839704066514969	0.005506801884621382	0.9760960936546326	0.016256973147392273	0.010149402543902397	0.9735935926437378
1	0.018507279455661774	0.010008007287979126	0.9714846611022949	0.04297545924782753	0.01858106441795826	0.9384434223175049
2	0.011775713413953781	0.003580312943086028	0.9846439361572266	0.04106808826327324	0.010360532440245152	0.9485714435577393
3	0.0346112884581089	0.08466096967458725	0.8807277679443359	0.14445056021213531	0.1721457988023758	0.6834036111831665
4	0.045916423201560974	0.03830229490995407	0.9157813191413879	0.015135042369365692	0.042592812329530716	0.9422721266746521
5	0.01487842295318842	0.005798249039798975	0.9793232679367065	0.01896720565855503	0.009509840048849583	0.9715229272842407
6	0.05585206300020218	0.014711245894432068	0.9294367432594299	0.02466999925673008	0.010682683438062668	0.9646473526954651
7	0.016768934205174446	0.010332946665585041	0.9728981256484985	0.02407454326748848	0.031047381460666656	0.944878101348877
8	0.02163313888013363	0.006449071690440178	0.9719178080558777	0.012086053378880024	0.008652172051370144	0.9792617559432983
9	0.03662761673331261	0.01488208957016468	0.9484903216362	0.018604254350066185	0.009809584356844425	0.9715861678123474
10	0.03180135786533356	0.06431293487548828	0.9038857221603394	0.11031466722488403	0.11284254491329193	0.7768427729606628
11	0.030495338141918182	0.012597774155437946	0.9569068551063538	0.029338346794247627	0.019589105620980263	0.9510725140571594
12	0.020591311156749725	0.007850892841815948	0.9715577960014343	0.017173202708363533	0.009784908033907413	0.9730418920516968
13	0.021517779678106308	0.007501766551285982	0.9709804654121399	0.017719771713018417	0.011120912618935108	0.9711592793464661
14	0.03273585066199303	0.018030010163784027	0.949234127998352	0.04172737896442413	0.021648075431585312	0.9366245269775391
15	0.026984073221683502	0.01522456482052803	0.9577913880348206	0.029544483870267868	0.01459579635411501	0.9558597803115845
16	0.01137477532029152	0.005144255235791206	0.9834809899330139	0.0049749091267585754	0.0072169131599366665	0.9878081679344177
17	0.08450155705213547	0.031406745314598083	0.8840916156768799	0.09378137439489365	0.04302633926272392	0.8631923198699951
18	0.019934363663196564	0.022451208904385567	0.9576144814491272	0.05201663821935654	0.02744675800204277	0.9205365777015686
19	0.03574281185865402	0.032364364713430405	0.9318927526473999	0.07554902881383896	0.08531324565410614	0.8391377329826355
20	0.012444800697267056	0.003708481090143323	0.9838467836380005	0.022616388276219368	0.010714055970311165	0.9666696190834045
21	0.014990473166108131	0.007886277511715889	0.9771232604980469	0.07282456755638123	0.03035692125558853	0.8968185186386108
22	0.05491001158952713	0.021781854331493378	0.9233081340789795	0.0632789209485054	0.01989450864493847	0.9168265461921692
23	0.04905730113387108	0.03358498588204384	0.9173577427864075	0.0831807479262352	0.07976912707090378	0.8370500802993774
24	0.013161243870854378	0.004991351626813412	0.9818474650382996	0.016017884016036987	0.0083308732137084	0.975651204586029
25	0.023210180923342705	0.03396183252334595	0.9428279399871826	0.0317252092063427	0.030727095901966095	0.9375477433204651
26	0.00604733033105731	0.002801336348056793	0.9911512732505798	0.0006356649682857096	0.001375566585920751	0.9979888200759888
27	0.04221498593688011	0.014340836554765701	0.9434442520141602	0.9324082732200623	0.019215190783143044	0.04837649688124657
28	0.020290639251470566	0.012247821316123009	0.9674614667892456	0.013598732650279999	0.05620276555418968	0.9301984906196594
29	0.05067414790391922	0.021360712125897408	0.9279651045799255	0.054682374000549316	0.01626702770590782	0.929050624370575
30	0.029233403503894806	0.05557107925415039	0.9151955246925354	0.04884328320622444	0.21856071054935455	0.7325959801673889
31	0.03074973076581955	0.05085699260234833	0.9183933138847351	0.046395860612392426	0.022218601778149605	0.9313855767250061
32	0.030777521431446075	0.018210524693131447	0.9510118961334229	0.035208750516176224	0.021175196394324303	0.9436160326004028
33	0.011014106683433056	0.007418264169245958	0.9815675616264343	0.022137783467769623	0.014436398632824421	0.9634257555007935
34	0.032559026032686234	0.008023081347346306	0.9594178795814514	0.023059982806444168	0.015263686887919903	0.961676299571991
35	0.4996360242366791	0.0593172051012516	0.441046804189682	0.9493817687034607	0.020245427265763283	0.030372770503163338
36	0.008439535275101662	0.003364649834111333	0.9881958961486816	0.01087943371385336	0.005439141299575567	0.9836814403533936
37	0.009753987193107605	0.010536326095461845	0.9797096252441406	0.023270806297659874	0.016085265204310417	0.9606439471244812
38	0.03467431664466858	0.016753844916820526	0.9485718607902527	0.018546544015407562	0.07862836122512817	0.9028250575065613
39	0.04733510687947273	0.031457770615816116	0.9212071299552917	0.04766421020030975	0.019737955182790756	0.932597815990448
40	0.012093926779925823	0.008890974335372448	0.9790151119232178	0.011817846447229385	0.007706096395850182	0.9804760813713074
41	0.01646093837916851	0.010363670997321606	0.9731753468513489	0.021420268341898918	0.01424467097967863	0.9643350839614868
42	0.006543313153088093	0.003753966186195612	0.9897026419639587	0.013806486502289772	0.029801368713378906	0.9563921093940735
43	0.04901449382305145	0.031123654916882515	0.9198617935180664	0.06710334867238998	0.13950371742248535	0.7933929562568665
44	0.03180135786533356	0.06431293487548828	0.9038857221603394	0.11031466722488403	0.11284254491329193	0.7768427729606628
45	0.06225462257862091	0.047780025750398636	0.8899653553962708	0.11522748321294785	0.06041819602251053	0.8243542909622192
46	0.017106881365180016	0.010556994006037712	0.9723361134529114	0.0345558226108551	0.015445663593709469	0.9499984383583069
47	0.02385496348142624	0.011886315420269966	0.9642586708068848	0.04116032272577286	0.01666875369846821	0.9421709775924683
48	0.04125845059752464	0.05983997881412506	0.8989015817642212	0.023455575108528137	0.08712949603796005	0.8894148468971252
49	0.03440993279218674	0.020837923511862755	0.9447520971298218	0.031706731766462326	0.016095612198114395	0.9521976709365845
50	0.005432074889540672	0.003049934981390834	0.991517961025238	0.00462469132617116	0.012664852663874626	0.9827104210853577
51	0.006136416457593441	0.00486322958022356	0.9890003204345703	0.01539673376828432	0.009341530501842499	0.9752618074417114
52	0.4890766143798828	0.057713255286216736	0.45321011543273926	0.7439516186714172	0.05269298702478409	0.20335540175437927
53	0.0073386067524552345	0.0026611629873514175	0.990000307559967	0.012077421881258488	0.0062471129931509495	0.9816754460334778
54	0.16496671736240387	0.05873820185661316	0.7762950658798218	0.10937584191560745	0.02945316955447197	0.8611710071563721
55	0.013325406238436699	0.009670519270002842	0.9770041108131409	0.016032544896006584	0.01705305278301239	0.9669144153594971
56	0.01804651878774166	0.005497965030372143	0.9764555096626282	0.08779612183570862	0.014161121100187302	0.8980427384376526
57	0.03150702267885208	0.010507786646485329	0.9579852223396301	0.017273496836423874	0.01416098978370428	0.9685654640197754
58	0.04895057901740074	0.016978522762656212	0.9340709447860718	0.02449241280555725	0.01643676497042179	0.9590708613395691
59	0.02108149603009224	0.009662555530667305	0.9692559838294983	0.011714820750057697	0.006866857875138521	0.9814183115959167
60	0.0079611511901021	0.006741467397660017	0.9852973818778992	0.018983539193868637	0.014414168894290924	0.9666023254394531
61	0.040031492710113525	0.018225613981485367	0.9417428970336914	0.02757146954536438	0.024371931329369545	0.9480566382408142
62	0.014336113817989826	0.004828693810850382	0.9808351993560791	0.02874237485229969	0.008928305469453335	0.9623292684555054
63	0.013528537005186081	0.009955287910997868	0.9765161871910095	0.03318597003817558	0.024983765557408333	0.9418302774429321
64	0.06131855398416519	0.018363196402788162	0.9203182458877563	0.007119051180779934	0.02832753211259842	0.9645534157752991
65	0.019311217591166496	0.02038602903485298	0.9603028297424316	0.04834481328725815	0.031337346881628036	0.9203178286552429
66	0.035993922501802444	0.006987485568970442	0.9570186138153076	0.04134183004498482	0.01730472967028618	0.9413534998893738
67	0.07221826910972595	0.043903648853302	0.8838781118392944	0.07964016497135162	0.1362386792898178	0.7841211557388306
68	0.017555518075823784	0.008013209328055382	0.9744312763214111	0.015547183342278004	0.005503774154931307	0.9789490103721619
69	0.010575748980045319	0.006698657292872667	0.9827256202697754	0.030476760119199753	0.022146036848425865	0.9473771452903748
70	0.02674379013478756	0.0162290520966053	0.9570271372795105	0.04535045102238655	0.019974980503320694	0.9346745610237122
71	0.022839995101094246	0.01113199070096016	0.9660280346870422	0.011883909814059734	0.011908181942999363	0.9762078523635864
72	0.02390958182513714	0.006743225734680891	0.9693471193313599	0.030476944521069527	0.015028540976345539	0.9544945955276489
73	0.018471889197826385	0.017355365678668022	0.9641727805137634	0.018203293904662132	0.04168440029025078	0.940112292766571
74	0.01125878281891346	0.008708585053682327	0.9800326228141785	0.03985070809721947	0.018260423094034195	0.9418888688087463
75	0.020815128460526466	0.009021298959851265	0.9701636433601379	0.03459170088171959	0.016258256509900093	0.949150025844574
76	0.01681101880967617	0.005127417854964733	0.9780615568161011	0.04060165211558342	0.010807485319674015	0.948590874671936
77	0.0055333334021270275	0.0029941885732114315	0.9914724826812744	0.007375726476311684	0.005066749174147844	0.9875575304031372
78	0.01694757491350174	0.007904432713985443	0.9751479625701904	0.018367130309343338	0.014438677579164505	0.9671941995620728
79	0.03093758039176464	0.015030338428914547	0.9540321230888367	0.029603173956274986	0.015097823925316334	0.9552990198135376
80	0.0340721532702446	0.010877007618546486	0.9550508260726929	0.022145388647913933	0.012089387513697147	0.9657652378082275
81	0.9198861122131348	0.027764366939663887	0.05234955996274948	0.9765152931213379	0.01810297556221485	0.005381690803915262
82	0.43015870451927185	0.02931543067097664	0.5405258536338806	0.37241026759147644	0.029635455459356308	0.597954273223877
83	0.06829587370157242	0.025632614269852638	0.9060715436935425	0.07101231813430786	0.0778869166970253	0.851100742816925
84	0.9547545313835144	0.020913034677505493	0.024332445114850998	0.9755523800849915	0.019763024523854256	0.004684605170041323
85	0.022442875429987907	0.013113091699779034	0.9644440412521362	0.018699554726481438	0.01556717325001955	0.9657332301139832
86	0.10139656066894531	0.021365011110901833	0.877238392829895	0.5704443454742432	0.03854360803961754	0.391012042760849
87	0.06687745451927185	0.019643742591142654	0.9134787917137146	0.4281775653362274	0.07421624660491943	0.497606098651886
88	0.01569519191980362	0.006969429552555084	0.9773353338241577	0.00863808672875166	0.0037006649654358625	0.9876612424850464
89	0.038272675126791	0.024066485464572906	0.937660813331604	0.04380679875612259	0.08986390382051468	0.8663293123245239
90	0.02754722535610199	0.0180029459297657	0.9544498324394226	0.057500965893268585	0.04013999179005623	0.9023590683937073
91	0.005746590439230204	0.004402379970997572	0.9898509979248047	0.02204088121652603	0.01313349511474371	0.9648256301879883
92	0.019934363663196564	0.022451208904385567	0.9576144814491272	0.05201663821935654	0.02744675800204277	0.9205365777015686
93	0.020672999322414398	0.03168938681483269	0.947637677192688	0.09708645194768906	0.06559789180755615	0.8373156189918518
94	0.008623787201941013	0.00652471324428916	0.9848515391349792	0.021762242540717125	0.019707169383764267	0.9585305452346802
95	0.011536592617630959	0.007011428475379944	0.9814519286155701	0.010719886049628258	0.008022443391382694	0.9812576770782471
96	0.010497858747839928	0.004213434178382158	0.985288679599762	0.012646319344639778	0.006443394813686609	0.9809102416038513
97	0.012469764798879623	0.00350477104075253	0.9840254187583923	0.013473497703671455	0.009394743479788303	0.9771317839622498
98	0.0213746577501297	0.01174132339656353	0.9668839573860168	0.003897010814398527	0.0057427710853517056	0.9903602600097656
99	0.06325975805521011	0.049609676003456116	0.8871305584907532	0.02180331200361252	0.05035197734832764	0.9278447031974792
100	0.029048234224319458	0.00866434071213007	0.962287425994873	0.09381389617919922	0.021039271727204323	0.8851467967033386
101	0.043872833251953125	0.014931265264749527	0.9411959052085876	0.0841934010386467	0.028012888506054878	0.8877936601638794
102	0.016237832605838776	0.007005914580076933	0.97675621509552	0.0260807853192091	0.007563096471130848	0.966356098651886
103	0.0346112884581089	0.08466096967458725	0.8807277679443359	0.14445056021213531	0.1721457988023758	0.6834036111831665
104	0.036545995622873306	0.02038586512207985	0.9430681467056274	0.19488023221492767	0.0315295048058033	0.7735902070999146
105	0.056838713586330414	0.024783343076705933	0.9183779358863831	0.014032098464667797	0.012752140872180462	0.9732157588005066
106	0.009788841009140015	0.005110027734190226	0.9851011037826538	0.0201202891767025	0.008394250646233559	0.9714854955673218
107	0.01705346629023552	0.010803458280861378	0.9721430540084839	0.032447073608636856	0.029796311631798744	0.9377565979957581
108	0.038693878799676895	0.009883240796625614	0.9514228701591492	0.04538470134139061	0.015826744958758354	0.9387885332107544
109	0.04464895278215408	0.034858111292123795	0.920492947101593	0.016474291682243347	0.04425017163157463	0.9392755627632141
110	0.005266672465950251	0.0029662037268280983	0.9917671084403992	0.003241143422201276	0.010104252025485039	0.98665452003479
111	0.011099603027105331	0.006077546160668135	0.982822835445404	0.040849216282367706	0.016611013561487198	0.9425398111343384
112	0.9580991268157959	0.016231225803494453	0.02566966600716114	0.6896354556083679	0.045917194336652756	0.26444730162620544
113	0.017106881365180016	0.010556994006037712	0.9723361134529114	0.0345558226108551	0.015445663593709469	0.9499984383583069
114	0.054519519209861755	0.01761746034026146	0.9278630018234253	0.060345929116010666	0.01602061279118061	0.9236334562301636
115	0.09558983892202377	0.015513341873884201	0.8888968229293823	0.07124418765306473	0.017138445749878883	0.9116173386573792
116	0.01839704066514969	0.005506801884621382	0.9760960936546326	0.016256973147392273	0.010149402543902397	0.9735935926437378
117	0.019732553511857986	0.008287987671792507	0.9719793796539307	0.04146789386868477	0.016013676300644875	0.942518413066864
118	0.017078151926398277	0.010038889944553375	0.9728829264640808	0.02824234403669834	0.016959939152002335	0.9547976851463318
119	0.009221361018717289	0.0035378008615225554	0.9872408509254456	0.040892232209444046	0.011409170925617218	0.9476985931396484
120	0.013083752244710922	0.005776564124971628	0.9811397194862366	0.03825965151190758	0.01393742673099041	0.9478029012680054
121	0.013042597100138664	0.005536478478461504	0.9814209342002869	0.008570602163672447	0.007184301037341356	0.9842451214790344
122	0.04329557344317436	0.042505014687776566	0.9141994118690491	0.0844733789563179	0.10108447819948196	0.8144422173500061
123	0.008181953802704811	0.003234152914956212	0.9885839223861694	0.01663942262530327	0.008336561731994152	0.9750239849090576
124	0.030640950426459312	0.0492926761507988	0.9200664162635803	0.04598036780953407	0.02233441174030304	0.9316852688789368
125	0.018189871683716774	0.009873208589851856	0.9719369411468506	0.04435627907514572	0.01869974285364151	0.9369440078735352
126	0.01911119930446148	0.0072729699313640594	0.973615825176239	0.022928329184651375	0.009565160609781742	0.967506468296051
127	0.006421856582164764	0.0037975956220179796	0.9897805452346802	0.008200081065297127	0.004793051164597273	0.9870069026947021
128	0.019658656790852547	0.011661828495562077	0.9686795473098755	0.036531709134578705	0.027807189151644707	0.9356611371040344
129	0.06728837639093399	0.012346108444035053	0.9203655123710632	0.03409517556428909	0.011837570928037167	0.9540672898292542
130	0.03474333882331848	0.01680334471166134	0.9484533667564392	0.015112660825252533	0.016740838065743446	0.9681465029716492
131	0.014163590036332607	0.007648368366062641	0.9781880378723145	0.005372153595089912	0.01163110788911581	0.9829967021942139
132	0.01058188360184431	0.008582785725593567	0.9808353185653687	0.029027780517935753	0.013316900469362736	0.9576553702354431
133	0.0696568489074707	0.019930146634578705	0.9104129672050476	0.017453089356422424	0.10456472635269165	0.8779821991920471
134	0.046373073011636734	0.005114799365401268	0.9485121369361877	0.020017681643366814	0.009124853648245335	0.9708573818206787
135	0.01669216901063919	0.01549446675926447	0.9678134322166443	0.025945156812667847	0.01253043208271265	0.9615243673324585
136	0.012195375747978687	0.00910060852766037	0.9787039756774902	0.0164243895560503	0.010481277480721474	0.9730942845344543
137	0.6018005013465881	0.07001082599163055	0.32818859815597534	0.2530389130115509	0.15031550824642181	0.5966455340385437
138	0.016270983964204788	0.009870520792901516	0.9738585352897644	0.04229999706149101	0.018092868849635124	0.9396071434020996
139	0.01526559330523014	0.007592040114104748	0.9771423935890198	0.02502686157822609	0.010644637048244476	0.9643285274505615
140	0.04021993279457092	0.02416381426155567	0.9356162548065186	0.029542287811636925	0.03566694259643555	0.9347907900810242
141	0.03574281185865402	0.032364364713430405	0.9318927526473999	0.07554902881383896	0.08531324565410614	0.8391377329826355
142	0.010607056319713593	0.00766964815557003	0.9817233681678772	0.024968160316348076	0.0158989317715168	0.9591329097747803
143	0.006557302083820105	0.006660847458988428	0.986781895160675	0.006546539254486561	0.010459639132022858	0.9829938411712646
144	0.03746488690376282	0.030004670843482018	0.932530403137207	0.05874777212738991	0.054102033376693726	0.8871501684188843
145	0.028206905350089073	0.010153442621231079	0.9616397023200989	0.02432200126349926	0.012008041143417358	0.9636699557304382
146	0.027291635051369667	0.06278505176305771	0.9099233746528625	0.03803841024637222	0.1024162769317627	0.8595453500747681
147	0.09241913259029388	0.025005538016557693	0.8825753927230835	0.09415460377931595	0.029181497171521187	0.876663863658905
148	0.03056059591472149	0.011493973433971405	0.9579454064369202	0.02708534151315689	0.07287672162055969	0.9000378847122192
149	0.049256592988967896	0.011015545576810837	0.9397279024124146	0.011579861864447594	0.01078574638813734	0.9776344299316406
150	0.023276181891560555	0.009406423196196556	0.9673173427581787	0.02343885973095894	0.02147556282579899	0.9550855159759521
151	0.0377129502594471	0.019704334437847137	0.9425826668739319	0.04286219924688339	0.022750290110707283	0.9343875646591187
152	0.05000510439276695	0.021114390343427658	0.9288804531097412	0.052155155688524246	0.05236273258924484	0.8954821228981018
153	0.036130234599113464	0.008914439007639885	0.9549552798271179	0.02347569167613983	0.016983553767204285	0.9595407247543335
154	0.008091066963970661	0.005438788328319788	0.9864701628684998	0.007056037895381451	0.008843529969453812	0.9841004610061646
155	0.005456218495965004	0.0035455720499157906	0.9909982681274414	0.006540459115058184	0.004139450844377279	0.9893200397491455
156	0.05197661370038986	0.016215601935982704	0.931807816028595	0.024591533467173576	0.01298773568123579	0.9624207019805908
157	0.028206905350089073	0.010153442621231079	0.9616397023200989	0.02432200126349926	0.012008041143417358	0.9636699557304382
158	0.0058290306478738785	0.004341269377619028	0.9898297190666199	0.008597453124821186	0.006733201444149017	0.9846693873405457
159	0.017069833353161812	0.012208792380988598	0.9707213640213013	0.021697619929909706	0.016260243952274323	0.9620420932769775
160	0.05630819499492645	0.009219502098858356	0.9344722628593445	0.07530802488327026	0.013925904408097267	0.910766065120697
161	0.019211020320653915	0.008086458779871464	0.9727025032043457	0.03273249417543411	0.019588757306337357	0.9476787447929382
162	0.023503946140408516	0.006753140594810247	0.9697429537773132	0.05302689969539642	0.009654422290623188	0.937318742275238
163	0.03583723306655884	0.025430617853999138	0.9387321472167969	0.04548482969403267	0.02122083492577076	0.9332942962646484
164	0.08196501433849335	0.02581164985895157	0.8922233581542969	0.06143714115023613	0.01600220613181591	0.9225606918334961
165	0.027903178706765175	0.010000144131481647	0.962096631526947	0.00696161575615406	0.004448201507329941	0.9885901808738708
166	0.01321452297270298	0.0036710314452648163	0.98311448097229	0.008245876058936119	0.006676118355244398	0.985077977180481
167	0.023774219676852226	0.024877797812223434	0.9513480067253113	0.04439135640859604	0.09832598268985748	0.8572826981544495
168	0.030643269419670105	0.014756353572010994	0.9546003937721252	0.04703335091471672	0.020981235429644585	0.9319854378700256
169	0.0060548181645572186	0.0023238861467689276	0.9916212558746338	0.015050060115754604	0.006699183490127325	0.9782508015632629
170	0.022780727595090866	0.01607908308506012	0.9611402153968811	0.02949768677353859	0.04192638397216797	0.9285759329795837
171	0.028870871290564537	0.008784365840256214	0.962344765663147	0.0206719059497118	0.006394136231392622	0.9729338884353638
172	0.5835127234458923	0.06379543989896774	0.3526918292045593	0.24684903025627136	0.13578444719314575	0.61736661195755
173	0.016149409115314484	0.006258098408579826	0.9775925278663635	0.0254108477383852	0.012208615429699421	0.9623805284500122
174	0.5711366534233093	0.05289840325713158	0.37596502900123596	0.136457622051239	0.07810202986001968	0.7854403257369995
175	0.021381357684731483	0.00953985471278429	0.9690788388252258	0.047549061477184296	0.017449775710701942	0.9350011944770813
176	0.01020889263600111	0.004927182570099831	0.9848639369010925	0.01787634566426277	0.009881728328764439	0.9722418785095215
177	0.02278810925781727	0.02278215065598488	0.9544297456741333	0.016153348609805107	0.014567609876394272	0.9692790508270264
178	0.014422302134335041	0.01077580451965332	0.9748018980026245	0.014628366567194462	0.010040652938187122	0.9753309488296509
179	0.004590471275150776	0.003392345504835248	0.9920171499252319	0.0005567739135585725	0.0013394963461905718	0.9981037378311157
180	0.012531468644738197	0.0039006641600281	0.9835678339004517	0.0075996085070073605	0.0042084394954144955	0.9881919026374817
181	0.030711838975548744	0.009332618676126003	0.9599555730819702	0.01888330653309822	0.005740615073591471	0.9753760695457458
182	0.009398823603987694	0.010370849631726742	0.9802302718162537	0.016434386372566223	0.012251874431967735	0.9713137149810791
183	0.01742100529372692	0.009582648985087872	0.9729962944984436	0.04796510562300682	0.02011544071137905	0.9319194555282593
184	0.003539200872182846	0.0014124901499599218	0.9950482249259949	0.014025161042809486	0.004954980686306953	0.981019914150238
185	0.4012761116027832	0.0414731502532959	0.5572507381439209	0.970981240272522	0.01491766981780529	0.014101107604801655
186	0.03082076646387577	0.012220898643136024	0.9569583535194397	0.008743489161133766	0.01420280709862709	0.977053701877594
187	0.01440759003162384	0.008563079871237278	0.9770293831825256	0.026178700849413872	0.020256904885172844	0.9535644054412842
188	0.04035606607794762	0.010951855219900608	0.9486921429634094	0.03861489146947861	0.013902430422604084	0.947482705116272
189	0.056978821754455566	0.00899429526180029	0.9340269565582275	0.14813803136348724	0.029669413343071938	0.8221925497055054
190	0.010635150596499443	0.005645687226206064	0.9837191700935364	0.026042627170681953	0.012225785292685032	0.9617316126823425
191	0.03141046687960625	0.031716395169496536	0.9368730783462524	0.03266007825732231	0.07567635178565979	0.8916634917259216
192	0.02174392342567444	0.00765650300309062	0.9705995917320251	0.012106179259717464	0.008332605473697186	0.9795612692832947
193	0.04484068602323532	0.0222918763756752	0.9328674077987671	0.16105212271213531	0.05699382722377777	0.7819541096687317
194	0.03467431664466858	0.016753844916820526	0.9485718607902527	0.018546544015407562	0.07862836122512817	0.9028250575065613
195	0.014163736253976822	0.009504903107881546	0.976331353187561	0.027152881026268005	0.013790941797196865	0.9590561389923096
196	0.051265109330415726	0.007230323273688555	0.9415045976638794	0.05719597637653351	0.030205855146050453	0.912598192691803
197	0.934445321559906	0.01367239747196436	0.05188239738345146	0.9833288192749023	0.011785819195210934	0.004885326139628887
198	0.013129704631865025	0.006811834871768951	0.980058491230011	0.01768791675567627	0.013627775013446808	0.9686842560768127
199	0.0744515061378479	0.017441391944885254	0.9081070423126221	0.043422192335128784	0.01423838920891285	0.9423394799232483
