0	0.3511244058609009	0.183480367064476	0.4653952419757843	0.4694295823574066	0.2017848640680313	0.32878559827804565
1	0.3749060332775116	0.19606785476207733	0.42902612686157227	0.9556931257247925	0.023310506716370583	0.02099636383354664
2	0.14817935228347778	0.6980332136154175	0.15378740429878235	0.3757292628288269	0.4560616910457611	0.16820907592773438
3	0.6644370555877686	0.1522045135498047	0.18335846066474915	0.9206424951553345	0.04498886689543724	0.03436856344342232
4	0.08824632316827774	0.01527605950832367	0.8964775800704956	0.8352968096733093	0.04508974775671959	0.119613416492939
5	0.6653622984886169	0.3039083182811737	0.030729392543435097	0.9313575625419617	0.05884464830160141	0.009797758422791958
6	0.2078155279159546	0.5958468914031982	0.19633756577968597	0.5429231524467468	0.28578105568885803	0.17129574716091156
7	0.10303249955177307	0.5899606347084045	0.3070068359375	0.922679603099823	0.05947909131646156	0.017841394990682602
8	0.033172886818647385	0.4501444399356842	0.5166826844215393	0.2046990692615509	0.32245421409606934	0.472846657037735
9	0.7835508584976196	0.11472667753696442	0.10172241181135178	0.8749038577079773	0.06146952882409096	0.06362655013799667
10	0.03746115416288376	0.28600364923477173	0.6765352487564087	0.49298718571662903	0.2089824229478836	0.2980303168296814
11	0.8198195099830627	0.1439984142780304	0.036182060837745667	0.9492912888526917	0.02775859273970127	0.02295011840760708
12	0.14937721192836761	0.6155735850334167	0.23504924774169922	0.6515580415725708	0.10672701150178909	0.2417149841785431
13	0.08890359848737717	0.15494859218597412	0.7561477422714233	0.06031534820795059	0.17535267770290375	0.7643319368362427
14	0.5612226128578186	0.2287091761827469	0.21006819605827332	0.9720339179039001	0.02404027245938778	0.003925913013517857
15	0.2314339578151703	0.4725040793418884	0.2960619330406189	0.8404433727264404	0.10548548400402069	0.05407124385237694
16	0.4795592725276947	0.1270429939031601	0.393397718667984	0.9648919105529785	0.027754124253988266	0.007354005239903927
17	0.8419207334518433	0.0749596431851387	0.08311963826417923	0.9412298202514648	0.049852099269628525	0.008918117731809616
18	0.9623629450798035	0.027998166158795357	0.009638931602239609	0.9623426198959351	0.02924259565770626	0.008414740674197674
19	0.6601522564888	0.23467887938022614	0.10516881197690964	0.8730159997940063	0.1119551882147789	0.015028930269181728
20	0.4115311801433563	0.3739705979824066	0.21449825167655945	0.5918605923652649	0.13204848766326904	0.27609094977378845
21	0.2422458827495575	0.17439605295658112	0.5833580493927002	0.3468281924724579	0.2945319712162018	0.35863980650901794
22	0.4696255922317505	0.203823983669281	0.3265503942966461	0.4506642818450928	0.30790215730667114	0.24143357574939728
23	0.3143966495990753	0.2385879009962082	0.4470154643058777	0.7465161681175232	0.06023979187011719	0.19324401021003723
24	0.05947158858180046	0.3271266520023346	0.6134017109870911	0.6293566823005676	0.10272743552923203	0.26791587471961975
25	0.41218918561935425	0.45145663619041443	0.13635416328907013	0.3390456736087799	0.25898173451423645	0.40197256207466125
26	0.8446641564369202	0.11704666912555695	0.03828921169042587	0.7267052531242371	0.23320640623569489	0.04008832946419716
27	0.14880332350730896	0.485177606344223	0.36601904034614563	0.30694425106048584	0.3323521316051483	0.36070361733436584
28	0.6201250553131104	0.20468275249004364	0.1751922369003296	0.955314040184021	0.03080150857567787	0.013884468004107475
29	0.45908188819885254	0.4119463562965393	0.12897177040576935	0.6357800364494324	0.16632643342018127	0.19789351522922516
30	0.1492641568183899	0.2624814808368683	0.5882543325424194	0.07762051373720169	0.28732049465179443	0.6350590586662292
31	0.699657142162323	0.19662554562091827	0.10371729731559753	0.8728924989700317	0.0958106517791748	0.03129679709672928
32	0.8236456513404846	0.08823676407337189	0.08811747282743454	0.9590510129928589	0.03187757357954979	0.00907149538397789
33	0.9241056442260742	0.030637718737125397	0.04525666683912277	0.9753661155700684	0.016017809510231018	0.008616074919700623
34	0.3847726583480835	0.1322021633386612	0.4830252230167389	0.3609008193016052	0.18493027985095978	0.45416897535324097
35	0.3960483968257904	0.18322141468524933	0.4207301139831543	0.7515320777893066	0.08848631381988525	0.1599815934896469
36	0.20711618661880493	0.3992798924446106	0.3936038613319397	0.7340165972709656	0.21536317467689514	0.050620317459106445
37	0.21919813752174377	0.5617626309394836	0.2190392166376114	0.07721904665231705	0.6355507373809814	0.2872302234172821
38	0.2854010760784149	0.43470868468284607	0.2798902988433838	0.9315401911735535	0.041689738631248474	0.026770032942295074
39	0.3843761682510376	0.3372662365436554	0.27835753560066223	0.9107570648193359	0.06947459280490875	0.01976838894188404
40	0.16474947333335876	0.4996933937072754	0.33555710315704346	0.5517574548721313	0.15837717056274414	0.2898654043674469
41	0.6278249025344849	0.30048099160194397	0.07169414311647415	0.796833336353302	0.09927339106798172	0.10389328002929688
42	0.2903263568878174	0.45785510540008545	0.25181853771209717	0.5804979205131531	0.3343077003955841	0.08519433438777924
43	0.19748666882514954	0.6954795122146606	0.10703377425670624	0.7734992504119873	0.14483708143234253	0.08166362345218658
44	0.39684218168258667	0.49300238490104675	0.11015550047159195	0.6410614252090454	0.22858421504497528	0.13035434484481812
45	0.13835260272026062	0.3194214403629303	0.5422260165214539	0.2870056927204132	0.177480548620224	0.5355137586593628
46	0.20825646817684174	0.3635120689868927	0.42823150753974915	0.28188714385032654	0.41685906052589417	0.3012537956237793
47	0.07708988338708878	0.7850778698921204	0.13783229887485504	0.7619655132293701	0.09733860194683075	0.14069591462612152
48	0.18386752903461456	0.22247548401355743	0.5936570167541504	0.16047678887844086	0.11671661585569382	0.7228066325187683
49	0.2269545942544937	0.23208008706569672	0.5409652590751648	0.2537202537059784	0.2938893437385559	0.4523904323577881
50	0.2502548098564148	0.42741817235946655	0.32232704758644104	0.38139861822128296	0.35473141074180603	0.2638700008392334
51	0.839467465877533	0.07781802862882614	0.08271446079015732	0.19976820051670074	0.6986004710197449	0.10163132101297379
52	0.12366749346256256	0.48099634051322937	0.3953361511230469	0.2950673997402191	0.37509527802467346	0.3298373520374298
53	0.18824619054794312	0.36143773794174194	0.45031610131263733	0.448138564825058	0.26485079526901245	0.28701069951057434
54	0.6102340817451477	0.10875478386878967	0.28101110458374023	0.5732175707817078	0.14760130643844604	0.2791811525821686
55	0.5838613510131836	0.19244199991226196	0.22369661927223206	0.7543086409568787	0.1275814175605774	0.11810999363660812
56	0.6823837161064148	0.2730630934238434	0.044553257524967194	0.507866382598877	0.46477487683296204	0.027358712628483772
57	0.7087154984474182	0.22772055864334106	0.0635639950633049	0.9413034915924072	0.04211176931858063	0.01658475771546364
58	0.22888776659965515	0.3916873037815094	0.37942492961883545	0.5220438838005066	0.2064414769411087	0.27151474356651306
59	0.6877748370170593	0.1471434235572815	0.16508173942565918	0.9380884170532227	0.03977625072002411	0.022135253995656967
60	0.07529193162918091	0.3204944431781769	0.6042135953903198	0.1684839129447937	0.3708336353302002	0.4606824517250061
61	0.18042442202568054	0.3550882637500763	0.46448734402656555	0.7698805332183838	0.16652826964855194	0.06359124183654785
62	0.5422142148017883	0.2144889384508133	0.24329687654972076	0.9673563838005066	0.025815721601247787	0.006827805191278458
63	0.7024661898612976	0.06053650751709938	0.2369973510503769	0.959510862827301	0.034529272466897964	0.005959869362413883
64	0.06749613583087921	0.5042575597763062	0.4282463490962982	0.4502849578857422	0.1762220859527588	0.373492956161499
65	0.824342668056488	0.08279331028461456	0.09286411106586456	0.974437952041626	0.0220342930406332	0.0035276859998703003
66	0.044479310512542725	0.24130353331565857	0.7142171263694763	0.2103848159313202	0.2999778687953949	0.48963722586631775
67	0.03638827055692673	0.04611370339989662	0.917497992515564	0.3610851764678955	0.1365724802017212	0.5023423433303833
68	0.40001776814460754	0.41857194900512695	0.18141023814678192	0.6330668926239014	0.25134310126304626	0.11559002101421356
69	0.24876078963279724	0.3397575318813324	0.41148167848587036	0.10086024552583694	0.41099753975868225	0.4881422221660614
70	0.6672645807266235	0.13564449548721313	0.1970909684896469	0.9658969044685364	0.019034218043088913	0.015068934299051762
71	0.482810378074646	0.36357808113098145	0.15361160039901733	0.5687780976295471	0.34109264612197876	0.09012923389673233
72	0.6501892805099487	0.32499822974205017	0.02481253072619438	0.9731128215789795	0.02050461806356907	0.006382602266967297
73	0.5469761490821838	0.2539500892162323	0.19907380640506744	0.971285343170166	0.019659103825688362	0.009055559523403645
74	0.16764205694198608	0.38179147243499756	0.45056644082069397	0.18445676565170288	0.4185493588447571	0.3969939053058624
75	0.8803956508636475	0.06052294373512268	0.05908137932419777	0.9306480884552002	0.04642022028565407	0.022931639105081558
76	0.25734081864356995	0.40541303157806396	0.3372461497783661	0.6627250909805298	0.17655785381793976	0.16071701049804688
77	0.5820215940475464	0.33978796005249023	0.0781903937458992	0.9757329225540161	0.020629476755857468	0.003637534799054265
78	0.5017181038856506	0.3278597891330719	0.17042216658592224	0.7103099822998047	0.123965784907341	0.1657242625951767
79	0.2946418225765228	0.385283499956131	0.3200747072696686	0.8748511075973511	0.08866041898727417	0.03648854419589043
80	0.2843211591243744	0.3230610489845276	0.39261776208877563	0.6801108717918396	0.24321000277996063	0.07667911052703857
81	0.21380983293056488	0.3191705048084259	0.467019647359848	0.36130592226982117	0.27578139305114746	0.36291268467903137
82	0.5770165920257568	0.3587048053741455	0.06427854299545288	0.15491627156734467	0.8052369356155396	0.03984680026769638
83	0.5466976761817932	0.3446081578731537	0.10869413614273071	0.9502432942390442	0.03812990337610245	0.011626839637756348
84	0.277836412191391	0.5749458074569702	0.1472177505493164	0.4505808651447296	0.3016369640827179	0.2477821558713913
85	0.2510185241699219	0.15323542058467865	0.5957460403442383	0.9759371280670166	0.016271468251943588	0.007791436742991209
86	0.23130083084106445	0.19328279793262482	0.5754163861274719	0.6871803402900696	0.05481409654021263	0.25800564885139465
87	0.02651325613260269	0.2873135805130005	0.6861732006072998	0.5337956547737122	0.2719218134880066	0.19428248703479767
88	0.07377491146326065	0.20101484656333923	0.7252101898193359	0.031616903841495514	0.3511168360710144	0.6172662973403931
89	0.08669687807559967	0.6563230156898499	0.25698012113571167	0.27015623450279236	0.1062169298529625	0.6236268281936646
90	0.33205127716064453	0.26748204231262207	0.400466650724411	0.22616146504878998	0.1645926684141159	0.609245777130127
91	0.5068193078041077	0.2525883913040161	0.24059228599071503	0.7976544499397278	0.07941685616970062	0.12292864173650742
92	0.026994066312909126	0.5775456428527832	0.3954603374004364	0.16824619472026825	0.23451726138591766	0.5972365140914917
93	0.6602138876914978	0.12522034347057343	0.2145657241344452	0.913321316242218	0.05875260382890701	0.02792608179152012
94	0.6603875756263733	0.2976207435131073	0.04199168086051941	0.9545013308525085	0.03869592025876045	0.006802763789892197
95	0.5536704063415527	0.35339027643203735	0.0929393544793129	0.9293654561042786	0.04203019663691521	0.02860429510474205
96	0.1540643274784088	0.3464881479740143	0.49944761395454407	0.5992398858070374	0.24777941405773163	0.15298068523406982
97	0.330780029296875	0.23469193279743195	0.4345279932022095	0.8813555240631104	0.05167454108595848	0.06696995347738266
98	0.534765362739563	0.2167113721370697	0.24852323532104492	0.23693358898162842	0.4873494803905487	0.27571696043014526
99	0.10301893949508667	0.8554739952087402	0.0415070615708828	0.811714768409729	0.06356530636548996	0.12471990287303925
100	0.17870399355888367	0.6856878995895386	0.13560810685157776	0.9437474012374878	0.03621985390782356	0.02003283053636551
101	0.21132594347000122	0.2586454451084137	0.5300286412239075	0.5847353339195251	0.17959320545196533	0.23567155003547668
102	0.4967082738876343	0.21718770265579224	0.2861039638519287	0.42224007844924927	0.31815803050994873	0.2596018612384796
103	0.7721788287162781	0.1145441085100174	0.11327705532312393	0.9145209193229675	0.05925203859806061	0.026227030903100967
104	0.9592471718788147	0.01196756400167942	0.0287852231413126	0.9668322801589966	0.01339705940335989	0.019770674407482147
105	0.49352771043777466	0.4024479389190674	0.10402435809373856	0.934289276599884	0.0438154898583889	0.021895181387662888
106	0.49338746070861816	0.4806342124938965	0.02597840689122677	0.7701035737991333	0.19763484597206116	0.032261624932289124
107	0.45101115107536316	0.27719154953956604	0.2717972993850708	0.5142650008201599	0.25748997926712036	0.2282451093196869
108	0.5347536206245422	0.2603977918624878	0.20484866201877594	0.754351019859314	0.10158910602331161	0.14405985176563263
109	0.864446222782135	0.06151805445551872	0.0740356594324112	0.9450918436050415	0.03981517627835274	0.015092955902218819
110	0.6446829438209534	0.11908946186304092	0.2362276315689087	0.606812596321106	0.13630731403827667	0.2568800747394562
111	0.06559788435697556	0.2665157616138458	0.6678863167762756	0.19728031754493713	0.20439378917217255	0.5983259081840515
112	0.3475702404975891	0.4213707745075226	0.2310590296983719	0.40464791655540466	0.2988906502723694	0.2964613735675812
113	0.24169665575027466	0.20447126030921936	0.5538321137428284	0.327594518661499	0.28528892993927	0.38711655139923096
114	0.0305892713367939	0.6818251013755798	0.28758564591407776	0.21404506266117096	0.5189006328582764	0.26705431938171387
115	0.9499032497406006	0.03389082849025726	0.016205931082367897	0.9741672873497009	0.02013232558965683	0.005700343754142523
116	0.11643175035715103	0.35149383544921875	0.5320743918418884	0.08173644542694092	0.5260626077651978	0.39220091700553894
117	0.4045926630496979	0.484086275100708	0.11132104694843292	0.9603045582771301	0.03076287731528282	0.008932534605264664
118	0.35063400864601135	0.5317586660385132	0.11760732531547546	0.66698157787323	0.1505351960659027	0.1824832260608673
119	0.4743863046169281	0.31341353058815	0.21220020949840546	0.3105297386646271	0.47370997071266174	0.21576030552387238
120	0.7852919697761536	0.09726859629154205	0.11743948608636856	0.6742928624153137	0.10997599363327026	0.21573112905025482
121	0.39176735281944275	0.36167672276496887	0.24655590951442719	0.8283787965774536	0.13216356933116913	0.03945763781666756
122	0.1963861584663391	0.53887540102005	0.26473844051361084	0.5701927542686462	0.23908169567584991	0.19072549045085907
123	0.4913098216056824	0.1239825189113617	0.38470762968063354	0.535616397857666	0.10948360711336136	0.35489991307258606
124	0.8314014077186584	0.14769868552684784	0.02089996263384819	0.9357662200927734	0.05454133823513985	0.009692419320344925
125	0.7875984311103821	0.03841780498623848	0.17398373782634735	0.9702020883560181	0.017624692991375923	0.012173214927315712
126	0.5300082564353943	0.2985415458679199	0.17145009338855743	0.6829556226730347	0.1552705615758896	0.16177381575107574
127	0.12343098223209381	0.27805814146995544	0.5985108017921448	0.23201967775821686	0.09205835312604904	0.6759219765663147
128	0.9451536536216736	0.03143761307001114	0.02340882085263729	0.9795080423355103	0.01605124957859516	0.004440598655492067
129	0.21396014094352722	0.2988443076610565	0.48719561100006104	0.15290521085262299	0.32299739122390747	0.5240973830223083
130	0.04934289678931236	0.19139501452445984	0.7592620849609375	0.23984277248382568	0.08420142531394958	0.6759557723999023
131	0.1056785061955452	0.5383543372154236	0.3559671640396118	0.212148517370224	0.35423797369003296	0.43361353874206543
132	0.1174742728471756	0.535319983959198	0.3472057282924652	0.38022735714912415	0.3574206829071045	0.262351930141449
133	0.187419131398201	0.5038281083106995	0.30875271558761597	0.3475469946861267	0.4365844130516052	0.21586854755878448
134	0.49801650643348694	0.15286345779895782	0.34912005066871643	0.6257216930389404	0.14735126495361328	0.22692710161209106
135	0.2226167917251587	0.20524254441261292	0.5721406936645508	0.37796729803085327	0.173672616481781	0.4483600854873657
136	0.02932967245578766	0.877937912940979	0.09273241460323334	0.6968172192573547	0.1738414615392685	0.12934136390686035
137	0.20371122658252716	0.10037019103765488	0.6959185600280762	0.2827949523925781	0.10629961639642715	0.6109054684638977
138	0.47267767786979675	0.303158164024353	0.2241641730070114	0.7320107817649841	0.13920298218727112	0.12878626585006714
139	0.32334789633750916	0.4308394491672516	0.24581268429756165	0.3610645830631256	0.4638987183570862	0.1750367432832718
140	0.42584508657455444	0.3141254186630249	0.26002952456474304	0.7978587746620178	0.14212803542613983	0.06001325696706772
141	0.35991522669792175	0.35639211535453796	0.28369271755218506	0.3648657202720642	0.37869948148727417	0.2564347982406616
142	0.300138384103775	0.22178694605827332	0.47807466983795166	0.5445178747177124	0.1620180457830429	0.2934640645980835
143	0.38125357031822205	0.5278205871582031	0.09092581272125244	0.38810232281684875	0.5043290257453918	0.10756859183311462
144	0.23018203675746918	0.2764013409614563	0.4934166371822357	0.4313994348049164	0.32999956607818604	0.2386009842157364
145	0.7273590564727783	0.2517777383327484	0.020863216370344162	0.9210513830184937	0.07559141516685486	0.003357216017320752
146	0.6463707685470581	0.2423873394727707	0.11124192923307419	0.8604251146316528	0.08955571800470352	0.05001923814415932
147	0.6569720506668091	0.24190635979175568	0.10112156718969345	0.6821891665458679	0.23629015684127808	0.0815206840634346
148	0.09429927915334702	0.771041750907898	0.1346590369939804	0.8023704886436462	0.16318091750144958	0.0344485342502594
149	0.36456817388534546	0.3079805374145508	0.32745125889778137	0.6283378601074219	0.17806854844093323	0.19359354674816132
150	0.11295913904905319	0.48656928539276123	0.40047159790992737	0.1509733647108078	0.3088518977165222	0.5401747226715088
151	0.06442614644765854	0.027379531413316727	0.908194363117218	0.24522830545902252	0.07936544716358185	0.675406277179718
152	0.14023371040821075	0.5637092590332031	0.2960570752620697	0.33744680881500244	0.3454893231391907	0.3170638978481293
153	0.18967151641845703	0.10998951643705368	0.7003389596939087	0.6860791444778442	0.07175186276435852	0.24216897785663605
154	0.33874720335006714	0.34979692101478577	0.3114558458328247	0.4132838845252991	0.20745258033275604	0.37926360964775085
155	0.04903382435441017	0.15242893993854523	0.7985372543334961	0.1700611263513565	0.19783282279968262	0.6321060061454773
156	0.017763294279575348	0.4299052655696869	0.5523314476013184	0.18369744718074799	0.4226452112197876	0.39365726709365845
157	0.08456702530384064	0.36535024642944336	0.5500827431678772	0.43473875522613525	0.16429610550403595	0.40096515417099
158	0.549382746219635	0.13627322018146515	0.31434404850006104	0.7531682252883911	0.05606304854154587	0.19076865911483765
159	0.29348769783973694	0.5243857502937317	0.1821264922618866	0.6115790009498596	0.1948249787092209	0.1935960352420807
160	0.5079264044761658	0.2939659059047699	0.19810768961906433	0.969743013381958	0.01970522478222847	0.010551688261330128
161	0.7624311447143555	0.10589633136987686	0.13167254626750946	0.9352083206176758	0.03357381001114845	0.03121788613498211
162	0.3740338981151581	0.4350692331790924	0.19089695811271667	0.4702315330505371	0.44125813245773315	0.08851033449172974
163	0.5080485939979553	0.30051928758621216	0.19143210351467133	0.9491903185844421	0.03821048513054848	0.012599185109138489
164	0.22373142838478088	0.21284765005111694	0.5634208917617798	0.10708118975162506	0.3602333068847656	0.5326855182647705
165	0.17289409041404724	0.4353112578392029	0.3917946219444275	0.828540563583374	0.05816950276494026	0.11328985542058945
166	0.5844563841819763	0.20615218579769135	0.20939144492149353	0.9529439210891724	0.028226399794220924	0.018829740583896637
167	0.18543468415737152	0.365913063287735	0.4486522972583771	0.15196874737739563	0.4425868093967438	0.4054444134235382
168	0.2871937155723572	0.13294315338134766	0.5798631906509399	0.9038885235786438	0.04276994615793228	0.05334150046110153
169	0.7225444912910461	0.20614676177501678	0.07130875438451767	0.8155500292778015	0.08940145373344421	0.09504853934049606
170	0.22971658408641815	0.10084964334964752	0.6694337725639343	0.2388841062784195	0.13882748782634735	0.6222884058952332
171	0.20042240619659424	0.45134249329566956	0.3482351303100586	0.32152125239372253	0.40001600980758667	0.278462678194046
172	0.3325881063938141	0.41473621129989624	0.25267571210861206	0.895175576210022	0.0783359706401825	0.026488443836569786
173	0.6160517334938049	0.18820558488368988	0.19574269652366638	0.7039235830307007	0.2537558972835541	0.04232054948806763
174	0.976682186126709	0.020273052155971527	0.003044738667085767	0.9838613867759705	0.014248814433813095	0.0018898119451478124
175	0.9232088327407837	0.04525340721011162	0.03153769299387932	0.9205877184867859	0.07682865113019943	0.002583628986030817
176	0.7212478518486023	0.15515397489070892	0.12359818071126938	0.9411306381225586	0.027739671990275383	0.031129710376262665
177	0.2123120129108429	0.5640431642532349	0.22364477813243866	0.7098304629325867	0.1836804300546646	0.10648912936449051
178	0.41270026564598083	0.5605367422103882	0.0267629437148571	0.8174711465835571	0.1542479693889618	0.028280777856707573
179	0.4072931408882141	0.2206215262413025	0.3720852732658386	0.6069212555885315	0.2334468811750412	0.1596318930387497
180	0.5731018781661987	0.3060687780380249	0.12082935124635696	0.8481311202049255	0.05269503965973854	0.09917382895946503
181	0.39403221011161804	0.5035029053688049	0.10246487706899643	0.8792877197265625	0.09041620045900345	0.030296148732304573
182	0.33779197931289673	0.24532943964004517	0.4168785512447357	0.3668210506439209	0.14387424290180206	0.489304780960083
183	0.623729407787323	0.24979017674922943	0.12648041546344757	0.933121383190155	0.05220455303788185	0.01467412430793047
184	0.7557762265205383	0.15468017756938934	0.08954359591007233	0.7887841463088989	0.07661649584770203	0.13459931313991547
185	0.11509956419467926	0.34006524085998535	0.5448352098464966	0.2522662281990051	0.194159135222435	0.5535746216773987
186	0.5341453552246094	0.13264431059360504	0.3332103490829468	0.29704704880714417	0.41737255454063416	0.28558042645454407
187	0.5542974472045898	0.28900089859962463	0.1567017138004303	0.5595144033432007	0.23193508386611938	0.20855052769184113
188	0.31681525707244873	0.21005088090896606	0.47313395142555237	0.786247193813324	0.0792955756187439	0.13445724546909332
189	0.7638696432113647	0.10520564764738083	0.13092465698719025	0.9567027688026428	0.03861045092344284	0.004686835687607527
190	0.1473453938961029	0.2920631766319275	0.560591459274292	0.16450664401054382	0.348975270986557	0.48651814460754395
191	0.10266241431236267	0.3582949638366699	0.539042592048645	0.37070462107658386	0.197645902633667	0.4316495358943939
192	0.3487433195114136	0.33318865299224854	0.3180680572986603	0.5648059248924255	0.10642015933990479	0.32877394556999207
193	0.7458621859550476	0.0843140259385109	0.16982382535934448	0.5544915795326233	0.24555936455726624	0.1999489963054657
194	0.7993037104606628	0.1634269654750824	0.03726927563548088	0.8497444987297058	0.14107032120227814	0.009185146540403366
195	0.09698666632175446	0.2894810736179352	0.6135322451591492	0.06501343101263046	0.22386902570724487	0.7111175656318665
196	0.2878083288669586	0.2613521218299866	0.4508395791053772	0.44385647773742676	0.26709410548210144	0.2890494167804718
197	0.646367609500885	0.2249753326177597	0.12865705788135529	0.7578259706497192	0.18813498318195343	0.05403907969594002
198	0.05389593914151192	0.03027942217886448	0.9158247113227844	0.1983567625284195	0.0568854957818985	0.7447577714920044
199	0.39058008790016174	0.35945403575897217	0.2499658763408661	0.4223395884037018	0.504823625087738	0.07283682376146317
