0	0.9850381016731262	0.01338034588843584	0.0015816326485946774	0.9822580218315125	0.015797097235918045	0.0019449106184765697
1	0.9349870085716248	0.032299529761075974	0.032713476568460464	0.9276479482650757	0.04573654383420944	0.026615528389811516
2	0.7070660591125488	0.13427448272705078	0.1586594432592392	0.9188304543495178	0.03363742679357529	0.047532107681035995
3	0.978404700756073	0.017077436670660973	0.004517901223152876	0.9693176746368408	0.023810425773262978	0.006871833000332117
4	0.9863259792327881	0.011604636907577515	0.002069431822746992	0.9190012216567993	0.07811344414949417	0.0028853798285126686
5	0.9620034098625183	0.03564487770199776	0.0023517017252743244	0.9809577465057373	0.016134388744831085	0.0029079134110361338
6	0.6026503443717957	0.055052511394023895	0.342297226190567	0.5973256230354309	0.0916687473654747	0.3110056519508362
7	0.9497528076171875	0.045088596642017365	0.005158641375601292	0.977441132068634	0.019726619124412537	0.002832308877259493
8	0.8138726949691772	0.10821463912725449	0.07791270315647125	0.6277894377708435	0.18888244032859802	0.1833280771970749
9	0.9875032305717468	0.01024902705103159	0.00224774400703609	0.9882755279541016	0.009311605244874954	0.0024128821678459644
10	0.9879572987556458	0.01014100480824709	0.0019016723381355405	0.9757497906684875	0.022464100271463394	0.0017860566731542349
11	0.8967399001121521	0.08802282810211182	0.015237221494317055	0.9243859052658081	0.06775073707103729	0.007863286882638931
12	0.9534692168235779	0.04174875468015671	0.004781955387443304	0.9828465580940247	0.015351259149610996	0.0018022219883278012
13	0.9834769368171692	0.012302779592573643	0.004220231436192989	0.9831183552742004	0.013020897284150124	0.003860728582367301
14	0.9801730513572693	0.01687154918909073	0.0029554334469139576	0.9815598726272583	0.015612258575856686	0.0028278303798288107
15	0.9889528751373291	0.009316223673522472	0.001730911317281425	0.9765617847442627	0.022098321467638016	0.0013399944873526692
16	0.9485629796981812	0.037662867456674576	0.013774185441434383	0.967216968536377	0.028019163757562637	0.004763912409543991
17	0.6192176342010498	0.10991040617227554	0.27087199687957764	0.740217387676239	0.13081158697605133	0.12897101044654846
18	0.7633870840072632	0.08983847498893738	0.14677444100379944	0.48501792550086975	0.2103656828403473	0.30461642146110535
19	0.9777781367301941	0.01265410054475069	0.009567711502313614	0.9826348423957825	0.011456076055765152	0.005909141153097153
20	0.9928989410400391	0.00593041954562068	0.0011706389486789703	0.9921383261680603	0.006360927596688271	0.0015008009504526854
21	0.9418665170669556	0.024874893948435783	0.03325856477022171	0.0156403798609972	0.9787294864654541	0.005630203522741795
22	0.9219560623168945	0.05338002368807793	0.024663953110575676	0.9452139139175415	0.022668102756142616	0.03211807459592819
23	0.9670233130455017	0.031170617789030075	0.0018060127040371299	0.9698051810264587	0.028292663395404816	0.0019021808402612805
24	0.9123631715774536	0.03512756526470184	0.05250925570726395	0.9827050566673279	0.013299782760441303	0.003995248582214117
25	0.9832804203033447	0.01467510312795639	0.00204445025883615	0.9525514245033264	0.04148705676198006	0.0059614768251776695
26	0.641357958316803	0.1862032413482666	0.17243880033493042	0.9649716019630432	0.026616772636771202	0.008411543443799019
27	0.8634520769119263	0.12404806166887283	0.012499812990427017	0.9838861227035522	0.0116120595484972	0.004501889459788799
28	0.9783455729484558	0.01803852990269661	0.0036159418523311615	0.9812993407249451	0.014352907426655293	0.004347783513367176
29	0.9641231298446655	0.02897764928638935	0.0068991598673164845	0.9543787240982056	0.03765097260475159	0.007970277220010757
30	0.9821022748947144	0.013404997065663338	0.004492621868848801	0.7322829365730286	0.24967850744724274	0.018038500100374222
31	0.9727231860160828	0.022171054035425186	0.005105755757540464	0.9676045775413513	0.0258035808801651	0.006591835059225559
32	0.9851985573768616	0.012708858586847782	0.0020926245488226414	0.9773717522621155	0.020208803936839104	0.002419406780973077
33	0.9342668056488037	0.040103811770677567	0.025629334151744843	0.972009003162384	0.019756296649575233	0.008234704844653606
34	0.9462426900863647	0.04504438117146492	0.008713006041944027	0.970919668674469	0.025355465710163116	0.003724818117916584
35	0.9713826775550842	0.02391752041876316	0.004699853248894215	0.9103937149047852	0.07101372629404068	0.018592534586787224
36	0.9803418517112732	0.01527597289532423	0.0043821027502417564	0.9733086824417114	0.021901628002524376	0.004789773840457201
37	0.982851505279541	0.013594947755336761	0.003553671995177865	0.9839302897453308	0.012698031030595303	0.0033716647885739803
38	0.9826770424842834	0.013997672125697136	0.003325204597786069	0.9832276105880737	0.013518115505576134	0.0032542606350034475
39	0.20724210143089294	0.09604736417531967	0.6967105269432068	0.2807040810585022	0.1416337788105011	0.5776621699333191
40	0.9718010425567627	0.022979523986577988	0.005219423212110996	0.9717275500297546	0.02209579199552536	0.006176610942929983
41	0.872749388217926	0.12093425542116165	0.006316341459751129	0.9645538330078125	0.033406417816877365	0.0020397016778588295
42	0.9695013165473938	0.028698677197098732	0.0018000754062086344	0.9798910021781921	0.018527479842305183	0.0015814962098374963
43	0.9351856708526611	0.06230590119957924	0.002508484525606036	0.9458465576171875	0.04873121902346611	0.005422244314104319
44	0.8652523756027222	0.11814766377210617	0.016599932685494423	0.956598162651062	0.03347447142004967	0.009927320294082165
45	0.9870287179946899	0.011402571573853493	0.0015686635160818696	0.9544452428817749	0.03966943174600601	0.005885327700525522
46	0.8638150095939636	0.12180664390325546	0.014378385618329048	0.8153135776519775	0.1650485396385193	0.019637975841760635
47	0.8667276501655579	0.10049312561750412	0.03277917578816414	0.9768506288528442	0.016138629987835884	0.007010739296674728
48	0.9782329797744751	0.01900733821094036	0.002759697148576379	0.981410801410675	0.01597381941974163	0.0026154310908168554
49	0.8712210059165955	0.1030641719698906	0.02571488916873932	0.9153152704238892	0.04869379103183746	0.03599093109369278
50	0.989595353603363	0.007561968173831701	0.002842741785570979	0.9615021347999573	0.03510028496384621	0.0033975928090512753
51	0.9540804028511047	0.04328736662864685	0.0026321818586438894	0.9871262907981873	0.011283989995718002	0.0015898216515779495
52	0.9770276546478271	0.017283421009778976	0.005688900128006935	0.9713469743728638	0.024524908512830734	0.0041280472651124
53	0.9241852760314941	0.06711696833372116	0.008697711862623692	0.7391934394836426	0.24983420968055725	0.010972365736961365
54	0.9094913601875305	0.06599408388137817	0.02451462671160698	0.9310653209686279	0.04019369184970856	0.028740940615534782
55	0.9601589441299438	0.0257083959877491	0.01413271576166153	0.6083821058273315	0.37647542357444763	0.01514246966689825
56	0.20639310777187347	0.2432832419872284	0.5503236651420593	0.26838019490242004	0.19412992894649506	0.5374898910522461
57	0.9152153134346008	0.06897138804197311	0.01581341214478016	0.9785996675491333	0.018645521253347397	0.0027548586949706078
58	0.9668369293212891	0.028894968330860138	0.004267998039722443	0.9675475358963013	0.02826312929391861	0.0041894144378602505
59	0.24679456651210785	0.20596447587013245	0.5472409129142761	0.22646307945251465	0.19384931027889252	0.5796875953674316
60	0.95526522397995	0.036498572677373886	0.008236204273998737	0.977262556552887	0.021279659122228622	0.0014577389229089022
61	0.9806764125823975	0.01179559901356697	0.0075279781594872475	0.9775517582893372	0.01230595912784338	0.010142318904399872
62	0.9843399524688721	0.014057348482310772	0.0016026117373257875	0.9657713770866394	0.03186497464776039	0.00236376840621233
63	0.9735670685768127	0.021161949262022972	0.005271052476018667	0.9636297225952148	0.027856750413775444	0.008513565175235271
64	0.9867812991142273	0.010622256435453892	0.0025963743682950735	0.9844824075698853	0.01385344285517931	0.0016641301335766912
65	0.48588865995407104	0.14740660786628723	0.3667047619819641	0.5401683449745178	0.06285019218921661	0.39698153734207153
66	0.893625020980835	0.06965557485818863	0.03671936318278313	0.9459114670753479	0.031871143728494644	0.022217348217964172
67	0.9720859527587891	0.023265240713953972	0.004648776259273291	0.9680942296981812	0.02536514401435852	0.006540646310895681
68	0.305645614862442	0.5396266579627991	0.1547277569770813	0.7891663908958435	0.08613242208957672	0.12470121681690216
69	0.9444611668586731	0.0367046482861042	0.018834179267287254	0.9608750343322754	0.030414637178182602	0.008710412308573723
70	0.9604006409645081	0.027991710230708122	0.011607695370912552	0.9443215727806091	0.047408297657966614	0.008270049467682838
71	0.9659231901168823	0.019926024600863457	0.014150723814964294	0.9505038261413574	0.028969140723347664	0.02052709273993969
72	0.081718310713768	0.027311567217111588	0.8909701704978943	0.08512508124113083	0.030041512101888657	0.8848333954811096
73	0.8806442618370056	0.09506113082170486	0.024294551461935043	0.9715992212295532	0.016448240727186203	0.01195248682051897
74	0.9692099690437317	0.02766578271985054	0.003124239621683955	0.9802859425544739	0.017246222123503685	0.002467888640239835
75	0.29746121168136597	0.44036176800727844	0.26217707991600037	0.44472700357437134	0.30077189207077026	0.2545011043548584
76	0.9547786712646484	0.04155399277806282	0.0036673934664577246	0.9786888957023621	0.01836215890944004	0.0029489314183592796
77	0.9787672758102417	0.017653027549386024	0.003579712240025401	0.6239302754402161	0.35664165019989014	0.019428076222538948
78	0.8658452033996582	0.10115554183721542	0.032999198883771896	0.9307464361190796	0.05324966832995415	0.01600390300154686
79	0.983512818813324	0.012414094060659409	0.0040730745531618595	0.9669563174247742	0.03040667250752449	0.0026370089035481215
80	0.7454578280448914	0.1392129361629486	0.11532921344041824	0.8968917727470398	0.06332793831825256	0.03978024423122406
81	0.5791610479354858	0.4156268239021301	0.005212126299738884	0.9736102223396301	0.02111252024769783	0.005277307238429785
82	0.9451607465744019	0.04023045673966408	0.014608796685934067	0.8985467553138733	0.07441861182451248	0.027034562081098557
83	0.9830055832862854	0.014842989854514599	0.0021513907704502344	0.9866089224815369	0.010775494389235973	0.0026155849918723106
84	0.9674621820449829	0.02987629920244217	0.0026616044342517853	0.623271644115448	0.3715146481990814	0.005213766358792782
85	0.9760410189628601	0.021670637652277946	0.002288367599248886	0.8551415205001831	0.13572587072849274	0.009132719598710537
86	0.9672592282295227	0.022549841552972794	0.0101909339427948	0.8688077330589294	0.12380819767713547	0.007384076248854399
87	0.8729806542396545	0.019580302760004997	0.1074390634894371	0.9681234955787659	0.010016996413469315	0.02185957320034504
88	0.24540093541145325	0.2882271409034729	0.46637189388275146	0.07888327538967133	0.22328993678092957	0.6978268027305603
89	0.8643643260002136	0.12359705567359924	0.012038559652864933	0.8346803784370422	0.14679141342639923	0.018528221175074577
90	0.7798880338668823	0.20043206214904785	0.01967998407781124	0.8770973086357117	0.11431767046451569	0.008584903553128242
91	0.965335488319397	0.01418603491038084	0.020478490740060806	0.9730269312858582	0.013456941582262516	0.013516240753233433
92	0.3261741101741791	0.17814184725284576	0.49568405747413635	0.33743539452552795	0.24736344814300537	0.4152010679244995
93	0.9765372276306152	0.01862679421901703	0.004836010280996561	0.9694488644599915	0.02542771026492119	0.005123404785990715
94	0.7247753739356995	0.05615076422691345	0.21907387673854828	0.9235052466392517	0.03270220384001732	0.043792564421892166
95	0.12618854641914368	0.055893201380968094	0.8179182410240173	0.1909262090921402	0.2716382145881653	0.5374355316162109
96	0.8383589386940002	0.15725983679294586	0.004381158389151096	0.9876295328140259	0.010527055710554123	0.00184347340837121
97	0.9610264897346497	0.02138206548988819	0.01759141869843006	0.7819440960884094	0.16706882417201996	0.050986990332603455
98	0.9444867968559265	0.05326828360557556	0.002244809875264764	0.9826391935348511	0.015136977657675743	0.0022238108795136213
99	0.9858970046043396	0.011655888520181179	0.002447213279083371	0.9774163961410522	0.019442243501544	0.0031412749085575342
100	0.9746604561805725	0.022334104403853416	0.00300547550432384	0.9836742877960205	0.013799517415463924	0.002526188036426902
101	0.9696023464202881	0.02721106819808483	0.003186565823853016	0.973136842250824	0.024684691801667213	0.002178492723032832
102	0.9233371019363403	0.056443311274051666	0.020219624042510986	0.9677706360816956	0.02511478029191494	0.007114597130566835
103	0.9897514581680298	0.00862478744238615	0.0016237572999671102	0.9884604215621948	0.010209837928414345	0.001329790917225182
104	0.9892140030860901	0.00907030701637268	0.001715701655484736	0.990835428237915	0.0075028641149401665	0.0016617067158222198
105	0.9834542274475098	0.014960959553718567	0.0015848344191908836	0.9833803176879883	0.015025671571493149	0.0015939985169097781
106	0.9841793179512024	0.00994371622800827	0.005876914598047733	0.9824421405792236	0.01035588514059782	0.007201982196420431
107	0.609569787979126	0.021237719804048538	0.369192510843277	0.5087934732437134	0.025300895795226097	0.46590566635131836
108	0.8955140709877014	0.0850510522723198	0.019434941932559013	0.9148852229118347	0.0662679672241211	0.01884683035314083
109	0.9829066395759583	0.01259760931134224	0.004495786968618631	0.48290225863456726	0.447729229927063	0.06936855614185333
110	0.9831864833831787	0.013659724034368992	0.003153714118525386	0.9701076149940491	0.024331804364919662	0.005560654681175947
111	0.8148712515830994	0.17007841169834137	0.015050317160785198	0.31645667552948	0.3838430941104889	0.29970020055770874
112	0.7988107204437256	0.1695834845304489	0.03160575032234192	0.9515843391418457	0.030822843313217163	0.017592813819646835
113	0.6501535177230835	0.16994842886924744	0.17989812791347504	0.9800615906715393	0.016345148906111717	0.0035933104809373617
114	0.9715515375137329	0.026916509494185448	0.0015319578815251589	0.9857600331306458	0.01243375800549984	0.0018061980372294784
115	0.981531023979187	0.012983915396034718	0.005485120229423046	0.9530449509620667	0.032876551151275635	0.014078597538173199
116	0.8518999814987183	0.13595882058143616	0.012141194194555283	0.9333184361457825	0.05576111748814583	0.0109205711632967
117	0.9776147603988647	0.01636427640914917	0.006020928267389536	0.9862779974937439	0.009860494174063206	0.0038615188095718622
118	0.5698624849319458	0.06436328589916229	0.3657742738723755	0.5068535208702087	0.026969021186232567	0.46617749333381653
119	0.9847379922866821	0.013131022453308105	0.002130955457687378	0.9715172052383423	0.023633034899830818	0.004849779419600964
120	0.9793224930763245	0.017013952136039734	0.0036636125296354294	0.9718475341796875	0.026172896847128868	0.001979626016691327
121	0.9872623085975647	0.011002405546605587	0.0017352316062897444	0.9861205220222473	0.011908094398677349	0.001971389167010784
122	0.9640769362449646	0.026844119653105736	0.00907891895622015	0.9593653082847595	0.029766680672764778	0.010868041776120663
123	0.9864894151687622	0.010767779313027859	0.0027427934110164642	0.9833059906959534	0.012061568908393383	0.004632404074072838
124	0.9627029895782471	0.029232462868094444	0.008064568974077702	0.98147052526474	0.01520885992795229	0.003320586634799838
125	0.9647573828697205	0.03127821162343025	0.003964441828429699	0.968702495098114	0.02636144682765007	0.00493615074083209
126	0.9834017753601074	0.014666560105979443	0.0019315966637805104	0.9823864698410034	0.014676926657557487	0.0029366828966885805
127	0.752946674823761	0.21554024517536163	0.031513091176748276	0.8400909304618835	0.12502746284008026	0.034881602972745895
128	0.9721019268035889	0.026547746732831	0.0013502483488991857	0.9823037981987	0.016312748193740845	0.0013835671124979854
129	0.6334778070449829	0.2581426501274109	0.1083795428276062	0.7726362347602844	0.1475682109594345	0.07979562133550644
130	0.1356113851070404	0.16234400868415833	0.702044665813446	0.7243722081184387	0.05756618455052376	0.2180616855621338
131	0.9817647933959961	0.014791040681302547	0.0034440907184034586	0.9803548455238342	0.01531076431274414	0.004334321245551109
132	0.27363598346710205	0.18213680386543274	0.5442272424697876	0.28435206413269043	0.27425751090049744	0.4413904547691345
133	0.3721907436847687	0.3481438457965851	0.2796653211116791	0.29816317558288574	0.3019537925720215	0.3998830318450928
134	0.984769344329834	0.013411253690719604	0.0018193612340837717	0.9782567024230957	0.017873093485832214	0.003870229469612241
135	0.9859790205955505	0.010673100128769875	0.003347832942381501	0.9568648338317871	0.03826334327459335	0.004871793556958437
136	0.9798696041107178	0.018499284982681274	0.0016311857616528869	0.9855650067329407	0.012479392811655998	0.001955607673153281
137	0.9032537341117859	0.09136203676462173	0.005384204909205437	0.9603805541992188	0.03737251088023186	0.002246957505121827
138	0.9372482299804688	0.04375077411532402	0.019001035019755363	0.8889994025230408	0.0870286077260971	0.023972002789378166
139	0.9884401559829712	0.009702106937766075	0.00185771647375077	0.9823765754699707	0.016415758058428764	0.0012076657731086016
140	0.7867959141731262	0.20870350301265717	0.004500603768974543	0.9556316137313843	0.03969062492251396	0.004677754361182451
141	0.966374397277832	0.022470911964774132	0.01115467306226492	0.9771900773048401	0.015060287900269032	0.007749626412987709
142	0.4475843906402588	0.5345727205276489	0.01784289814531803	0.9356518387794495	0.04681984707713127	0.01752837747335434
143	0.960647702217102	0.026587538421154022	0.01276476588100195	0.662219762802124	0.26913464069366455	0.0686456486582756
144	0.9824771285057068	0.015295804478228092	0.0022270879708230495	0.9897068738937378	0.008606179617345333	0.0016869028331711888
145	0.9845282435417175	0.011096457950770855	0.00437524076551199	0.986177921295166	0.011292715556919575	0.002529279561713338
146	0.9599523544311523	0.03770681098103523	0.0023408227134495974	0.9349374771118164	0.05755925923585892	0.007503297179937363
147	0.9656612873077393	0.03171302378177643	0.002625621622428298	0.9871729612350464	0.01072697900235653	0.002099973149597645
148	0.9848173260688782	0.013146534562110901	0.002036190591752529	0.982768714427948	0.014642274007201195	0.002588957780972123
149	0.9382214546203613	0.041313428431749344	0.020465174689888954	0.9634917378425598	0.024937059730291367	0.011571209877729416
150	0.9199125170707703	0.04864209145307541	0.031445421278476715	0.9556082487106323	0.04111286252737045	0.0032788629177957773
151	0.9669257402420044	0.030928773805499077	0.0021454179659485817	0.9597169160842896	0.036714956164360046	0.00356809189543128
152	0.540863037109375	0.07099141925573349	0.3881455063819885	0.6647905111312866	0.032798100262880325	0.30241140723228455
153	0.9899662733078003	0.007527320180088282	0.0025064183864742517	0.9647431969642639	0.032414812594652176	0.002841986482962966
154	0.7733275294303894	0.2048589140176773	0.021813588216900826	0.8076924085617065	0.15933947265148163	0.03296807035803795
155	0.9400683641433716	0.05507388710975647	0.004857736639678478	0.9831405282020569	0.014492073096334934	0.002367471344769001
156	0.9783837199211121	0.020397115498781204	0.0012191408313810825	0.9893490076065063	0.00904276967048645	0.0016082542715594172
157	0.9779160618782043	0.019493917003273964	0.0025899347383528948	0.9824901223182678	0.015404945239424706	0.0021048635244369507
158	0.9499716758728027	0.04822929948568344	0.0017990153282880783	0.9788974523544312	0.01925985887646675	0.0018426672322675586
159	0.965718686580658	0.02375267818570137	0.010528693906962872	0.9684804677963257	0.023716852068901062	0.0078027513809502125
160	0.9410439729690552	0.0501970499753952	0.00875901710242033	0.9261225461959839	0.06715287268161774	0.006724483333528042
161	0.9810590147972107	0.016948340460658073	0.0019926270470023155	0.985074520111084	0.013378964737057686	0.0015465202741324902
162	0.9855841398239136	0.010902640409767628	0.0035132465418428183	0.9768656492233276	0.016973217949271202	0.006161119788885117
163	0.9361712336540222	0.05775607004761696	0.006072744727134705	0.9835376143455505	0.012193630449473858	0.004268706310540438
164	0.9833390712738037	0.01372487936168909	0.0029361152555793524	0.9736093282699585	0.021819323301315308	0.0045713577419519424
165	0.9728893637657166	0.02423953078687191	0.0028711198829114437	0.9777404069900513	0.02018759585916996	0.0020719747990369797
166	0.9765681624412537	0.009855277836322784	0.013576510362327099	0.7418825626373291	0.11053039878606796	0.14758701622486115
167	0.9728153347969055	0.013160382397472858	0.014024373143911362	0.4172273278236389	0.567888617515564	0.014884017407894135
168	0.858649730682373	0.11435966193675995	0.026990551501512527	0.9086018204689026	0.06973843276500702	0.0216597318649292
169	0.9335821270942688	0.046486057341098785	0.01993180811405182	0.9250394105911255	0.0631166398525238	0.011843862943351269
170	0.9530959129333496	0.0423719547688961	0.0045321229845285416	0.9408087134361267	0.05462169274687767	0.004569559823721647
171	0.9497960209846497	0.04048445448279381	0.009719526395201683	0.9778261184692383	0.015642942860722542	0.0065309214405715466
172	0.9849079847335815	0.013673597015440464	0.0014184106839820743	0.9846534132957458	0.012931698001921177	0.0024149122182279825
173	0.9572222828865051	0.039469193667173386	0.0033085511531680822	0.9609561562538147	0.03632253035902977	0.0027213834691792727
174	0.9690253138542175	0.02261660061776638	0.008358153514564037	0.9633610844612122	0.026794107630848885	0.009844783693552017
175	0.9058041572570801	0.0685177817940712	0.02567804977297783	0.9789410829544067	0.014048636890947819	0.007010255008935928
176	0.9566574692726135	0.037210192531347275	0.006132330745458603	0.6727220416069031	0.3028276860713959	0.024450283497571945
177	0.5504375100135803	0.19758756458759308	0.251974880695343	0.2505882680416107	0.35625720024108887	0.393154501914978
178	0.9505685567855835	0.04668787494301796	0.0027435466181486845	0.9752903580665588	0.01955677755177021	0.00515282666310668
179	0.9664978384971619	0.02996865101158619	0.0035333873238414526	0.9733063578605652	0.02208629623055458	0.00460729980841279
180	0.9873244762420654	0.010650292970240116	0.0020252407994121313	0.9835583567619324	0.014503204263746738	0.0019384282641112804
181	0.9777170419692993	0.017574341967701912	0.004708613269031048	0.9726006984710693	0.02352653443813324	0.0038727063219994307
182	0.9844362735748291	0.013900461606681347	0.0016632636543363333	0.9849479794502258	0.013742361217737198	0.0013096766779199243
183	0.9763950109481812	0.01946132257580757	0.004143655765801668	0.9667015671730042	0.02493995986878872	0.008358456194400787
184	0.951749324798584	0.03162113204598427	0.016629580408334732	0.9584027528762817	0.026788171380758286	0.014809063635766506
185	0.9631694555282593	0.0328979454934597	0.003932529594749212	0.9336104989051819	0.05800488963723183	0.008384639397263527
186	0.36775001883506775	0.4269764721393585	0.20527344942092896	0.31613484025001526	0.4501228332519531	0.23374231159687042
187	0.8101959228515625	0.17450541257858276	0.01529869344085455	0.9867162704467773	0.009565597400069237	0.0037181696388870478
188	0.9792444109916687	0.015635667368769646	0.005119838751852512	0.9789602756500244	0.015749964863061905	0.005289673339575529
189	0.9918596148490906	0.0071648042649030685	0.0009756244253367186	0.9908343553543091	0.008160187862813473	0.0010054029989987612
190	0.3534954786300659	0.23832809925079346	0.40817639231681824	0.36233019828796387	0.4306009113788605	0.20706889033317566
191	0.7535313367843628	0.16805055737495422	0.07841812074184418	0.9662474989891052	0.023967493325471878	0.009785080328583717
192	0.9791122674942017	0.013824415393173695	0.0070632281713187695	0.9763744473457336	0.017164478078484535	0.006461086217314005
193	0.9694256782531738	0.02878236211836338	0.0017919287784025073	0.9808524250984192	0.016402283683419228	0.002745343605056405
194	0.7429713606834412	0.21274730563163757	0.04428137093782425	0.7859156727790833	0.13890673220157623	0.07517758756875992
195	0.9863784313201904	0.011909862980246544	0.0017117374809458852	0.9867952466011047	0.011877728626132011	0.0013269981136545539
196	0.9853579998016357	0.00920961331576109	0.00543235894292593	0.9858274459838867	0.009883690625429153	0.004288830794394016
197	0.8523199558258057	0.04234672337770462	0.10533331334590912	0.8744367361068726	0.061336737126111984	0.06422650068998337
198	0.9516803026199341	0.026442458853125572	0.021877208724617958	0.2611248195171356	0.7297452092170715	0.009129969403147697
199	0.3470671772956848	0.2257533222436905	0.4271794855594635	0.24420373141765594	0.262332558631897	0.4934637248516083
