0	0.0656721442937851	0.14911125600337982	0.7852165102958679	0.04113629832863808	0.1570296585559845	0.8018340468406677
1	0.00693662092089653	0.06318985670804977	0.9298735857009888	0.008708275854587555	0.013292338699102402	0.9779993891716003
2	0.012741193175315857	0.012269767001271248	0.9749890565872192	0.007583247497677803	0.013822888024151325	0.9785938262939453
3	0.01599619723856449	0.047698974609375	0.9363048672676086	0.06862813234329224	0.06524498760700226	0.8661268949508667
4	0.5036810040473938	0.1678541600704193	0.3284647762775421	0.3143526315689087	0.0520210899412632	0.6336263418197632
5	0.01669788360595703	0.08890678733587265	0.8943953514099121	0.04521366208791733	0.12456732243299484	0.830219030380249
6	0.10041676461696625	0.10413584858179092	0.7954473495483398	0.046320706605911255	0.11725249141454697	0.8364267945289612
7	0.0589555948972702	0.18719732761383057	0.753847062587738	0.020694471895694733	0.2076697051525116	0.7716358304023743
8	0.010240106843411922	0.019573131576180458	0.970186710357666	0.050200119614601135	0.02840077131986618	0.9213990569114685
9	0.02674664370715618	0.07222002744674683	0.901033341884613	0.0635388121008873	0.07035475224256516	0.8661064505577087
10	0.044141557067632675	0.09452378004789352	0.8613346815109253	0.020462511107325554	0.06890041381120682	0.9106370210647583
11	0.003685098374262452	0.06751882284879684	0.928796112537384	0.004317946266382933	0.04779845476150513	0.9478836059570312
12	0.028621364384889603	0.022508861497044563	0.9488698244094849	0.03880973532795906	0.029063088819384575	0.9321272373199463
13	0.0169305931776762	0.08097071200609207	0.9020987153053284	0.03813847526907921	0.052017487585544586	0.9098439812660217
14	0.28663527965545654	0.1825595200061798	0.530805230140686	0.024354353547096252	0.3492624759674072	0.6263832449913025
15	0.01457609236240387	0.06539014726877213	0.9200336933135986	0.040561094880104065	0.019604111090302467	0.9398347735404968
16	0.14771977066993713	0.19751764833927155	0.6547626256942749	0.06225268542766571	0.24415996670722961	0.6935873627662659
17	0.08624392002820969	0.22038128972053528	0.6933748126029968	0.04172608628869057	0.216909721493721	0.7413642406463623
18	0.05902918800711632	0.0321614146232605	0.9088094234466553	0.01615266688168049	0.018707290291786194	0.9651399850845337
19	0.07105109095573425	0.01806650310754776	0.9108824729919434	0.14267010986804962	0.048773881047964096	0.8085559606552124
20	0.006999812554568052	0.006071638781577349	0.9869285225868225	0.011188383214175701	0.005310203414410353	0.9835013747215271
21	0.006063768640160561	0.04417440667748451	0.9497618079185486	0.0064400918781757355	0.0224000196903944	0.9711598753929138
22	0.03112577460706234	0.022390315309166908	0.946483850479126	0.008566059172153473	0.01524405274540186	0.976189911365509
23	0.006838098634034395	0.01892147772014141	0.9742404818534851	0.021591350436210632	0.02612856775522232	0.9522801041603088
24	0.029487576335668564	0.11228780448436737	0.8582245707511902	0.050486788153648376	0.12403745204210281	0.8254756927490234
25	0.007990711368620396	0.01351100392639637	0.9784982800483704	0.03747127577662468	0.024267496541142464	0.9382612109184265
26	0.028556540608406067	0.4794924855232239	0.4919510781764984	0.03768889233469963	0.18991830945014954	0.772392749786377
27	0.01110329944640398	0.028961967676877975	0.959934651851654	0.04364558681845665	0.04737928882241249	0.9089751243591309
28	0.010212013497948647	0.026477402076125145	0.9633105993270874	0.030376937240362167	0.03786778077483177	0.9317553043365479
29	0.0577864833176136	0.21323302388191223	0.7289804816246033	0.0246829055249691	0.10545194149017334	0.8698651194572449
30	0.035425711423158646	0.04626406729221344	0.9183102250099182	0.01424095593392849	0.044950928539037704	0.9408080577850342
31	0.027016669511795044	0.19338499009609222	0.7795982956886292	0.03488444164395332	0.18037311732769012	0.7847424745559692
32	0.07985717058181763	0.23016315698623657	0.689979612827301	0.06141218915581703	0.23450294137001038	0.7040848731994629
33	0.009820956736803055	0.016608068719506264	0.9735710024833679	0.03501090034842491	0.02942446805536747	0.9355645775794983
34	0.00499602360650897	0.017007146030664444	0.9779967665672302	0.02601754479110241	0.017007801681756973	0.9569746255874634
35	0.03253195434808731	0.22110939025878906	0.7463586926460266	0.014081946574151516	0.21586017310619354	0.7700579166412354
36	0.029848065227270126	0.058120645582675934	0.9120312333106995	0.013906227424740791	0.08252063393592834	0.9035731554031372
37	0.012373666279017925	0.017808346077799797	0.9698180556297302	0.051106031984090805	0.04357033222913742	0.9053235650062561
38	0.012102363631129265	0.08064746111631393	0.9072502255439758	0.019648583605885506	0.09382367879152298	0.8865277171134949
39	0.016275685280561447	0.02869926393032074	0.9550250768661499	0.04662945121526718	0.04679584875702858	0.9065746665000916
40	0.09268717467784882	0.062174730002880096	0.8451380729675293	0.06565381586551666	0.3321266174316406	0.6022195816040039
41	0.010080356150865555	0.027383223176002502	0.9625364542007446	0.028345899656414986	0.04804632440209389	0.9236078262329102
42	0.01693945750594139	0.10987268388271332	0.8731878995895386	0.03911154344677925	0.10326840728521347	0.8576200604438782
43	0.01851389929652214	0.034998998045921326	0.9464870691299438	0.027979573234915733	0.020040238276124	0.9519802331924438
44	0.03833450376987457	0.055049002170562744	0.9066165089607239	0.073885977268219	0.026587825268507004	0.8995261788368225
45	0.20185652375221252	0.20436985790729523	0.593773603439331	0.09022504836320877	0.1623629629611969	0.7474120259284973
46	0.026640433818101883	0.20470525324344635	0.7686543464660645	0.035655371844768524	0.09375803917646408	0.870586633682251
47	0.08849366754293442	0.024501487612724304	0.8870048522949219	0.07689565420150757	0.021085981279611588	0.9020184278488159
48	0.020678706467151642	0.05195319280028343	0.9273680448532104	0.0319380909204483	0.03707442805171013	0.9309874773025513
49	0.0013602240942418575	0.0037076117005199194	0.9949321150779724	0.002369473222643137	0.004388072062283754	0.9932424426078796
50	0.9853945970535278	0.01019942108541727	0.004406013526022434	0.9853945970535278	0.01019942108541727	0.004406013526022434
51	0.0074958186596632	0.006892440840601921	0.9856117963790894	0.004194248933345079	0.003424131078645587	0.9923816323280334
52	0.03556303307414055	0.1758607178926468	0.7885761857032776	0.06705117225646973	0.13099154829978943	0.8019573092460632
53	0.017152905464172363	0.0738738477230072	0.9089732766151428	0.020242320373654366	0.09269268810749054	0.8870649933815002
54	0.034528329968452454	0.16050241887569427	0.8049692511558533	0.035945501178503036	0.38481447100639343	0.5792399644851685
55	0.009035411290824413	0.008318554610013962	0.9826459884643555	0.003602203680202365	0.007422329392284155	0.9889755249023438
56	0.004836360923945904	0.007850375026464462	0.9873132109642029	0.0195660050958395	0.013671346940100193	0.9667626023292542
57	0.07633483409881592	0.23166866600513458	0.6919965147972107	0.116002157330513	0.06712466478347778	0.8168731927871704
58	0.03250511363148689	0.06337404996156693	0.9041208028793335	0.05480409786105156	0.04478685185313225	0.9004090428352356
59	0.05340015888214111	0.0706067904829979	0.8759930729866028	0.02873043157160282	0.05887659266591072	0.9123930335044861
60	0.017720459029078484	0.05856947973370552	0.9237100481987	0.02162308059632778	0.03692585229873657	0.9414511322975159
61	0.0459979847073555	0.02931910753250122	0.9246829152107239	0.059977419674396515	0.06617915630340576	0.8738434910774231
62	0.0026566453743726015	0.0034177338238805532	0.9939256310462952	0.005929306149482727	0.012055356986820698	0.9820153713226318
63	0.003591822925955057	0.005407707300037146	0.9910004734992981	0.019968518987298012	0.015542782843112946	0.9644887447357178
64	0.05189492180943489	0.03551676124334335	0.912588357925415	0.017319872975349426	0.05371131747961044	0.9289688467979431
65	0.041563842445611954	0.05528721958398819	0.9031489491462708	0.04258638992905617	0.07725255191326141	0.8801610469818115
66	0.011928606778383255	0.031238507479429245	0.9568329453468323	0.024668514728546143	0.0516396164894104	0.9236919283866882
67	0.016675975173711777	0.08268814533948898	0.900635838508606	0.01612504944205284	0.06020818650722504	0.9236668348312378
68	0.013382891193032265	0.0198383592069149	0.9667787551879883	0.03896104916930199	0.021405328065156937	0.9396336078643799
69	0.038771212100982666	0.2692779302597046	0.6919508576393127	0.08572648465633392	0.34344208240509033	0.5708314776420593
70	0.011385107412934303	0.06366783380508423	0.9249470829963684	0.02401222288608551	0.03762681409716606	0.9383609294891357
71	0.012614067643880844	0.024428125470876694	0.9629578590393066	0.05130084231495857	0.045827578753232956	0.9028716087341309
72	0.018021468073129654	0.04789593815803528	0.934082567691803	0.06431743502616882	0.047390006482601166	0.8882926106452942
73	0.0004503396339714527	0.001100319204851985	0.9984493255615234	0.0006307279109023511	0.0004733992973342538	0.9988958835601807
74	0.026271125301718712	0.06056952103972435	0.9131593704223633	0.00698109483346343	0.07448427379131317	0.9185345768928528
75	0.13433170318603516	0.06989344209432602	0.7957748174667358	0.025073116645216942	0.09118161350488663	0.8837452530860901
76	0.027535907924175262	0.15542088449001312	0.8170431852340698	0.03926489129662514	0.11940336227416992	0.8413317203521729
77	0.0164629016071558	0.08003463596105576	0.9035024046897888	0.040077656507492065	0.06403808295726776	0.8958842754364014
78	0.007737359032034874	0.009748587384819984	0.9825140833854675	0.007606534752994776	0.007804166525602341	0.9845892786979675
79	0.01031043753027916	0.013158871792256832	0.9765307307243347	0.03925209492444992	0.010529876686632633	0.9502179622650146
80	0.051575060933828354	0.031184306368231773	0.9172406792640686	0.0246499665081501	0.027767997235059738	0.9475820064544678
81	0.08433874696493149	0.0462489016354084	0.8694123029708862	0.015059307217597961	0.020284250378608704	0.964656412601471
82	0.03559150919318199	0.08429048210382462	0.8801180124282837	0.016008410602808	0.11327946931123734	0.870712161064148
83	0.013815276324748993	0.022937169298529625	0.963247537612915	0.025240350514650345	0.03338934853672981	0.9413703083992004
84	0.026174016296863556	0.025460578501224518	0.9483654499053955	0.0191755723208189	0.03247678652405739	0.9483476281166077
85	0.033307597041130066	0.11389715224504471	0.8527952432632446	0.024106208235025406	0.08609848469495773	0.8897952437400818
86	0.011348405852913857	0.03894362226128578	0.9497079849243164	0.01399748120456934	0.03025253489613533	0.9557499885559082
87	0.039662137627601624	0.01499360054731369	0.9453442692756653	0.00955378357321024	0.008240967057645321	0.9822052121162415
88	0.032553743571043015	0.10197950899600983	0.865466833114624	0.034675780683755875	0.08723931759595871	0.8780849575996399
89	0.020981254056096077	0.1424742490053177	0.8365445137023926	0.027004297822713852	0.05740019306540489	0.9155954718589783
90	0.05680689960718155	0.039518050849437714	0.9036750793457031	0.07514362037181854	0.042102258652448654	0.8827541470527649
91	0.0005243397899903357	0.000404713413445279	0.9990708827972412	0.001033150590956211	0.0009173743310384452	0.9980494976043701
92	0.011975628323853016	0.05868643522262573	0.9293378591537476	0.02561200223863125	0.052419181913137436	0.9219688177108765
93	0.04994028061628342	0.05589190870523453	0.8941677808761597	0.05051853880286217	0.03847936540842056	0.9110020399093628
94	0.013109111227095127	0.017699629068374634	0.9691912531852722	0.014876936562359333	0.018635602667927742	0.9664875268936157
95	0.006178966723382473	0.01664324477314949	0.9771777987480164	0.025332266464829445	0.030574049800634384	0.944093644618988
96	0.06024864315986633	0.13617348670959473	0.8035778403282166	0.0576239712536335	0.10154453665018082	0.840831458568573
97	0.020598458126187325	0.027429744601249695	0.9519718289375305	0.027769165113568306	0.015502596274018288	0.9567282795906067
98	0.012274102307856083	0.21481992304325104	0.7729059457778931	0.03349979221820831	0.14735643565654755	0.8191437721252441
99	0.06634334474802017	0.3427409827709198	0.5909156799316406	0.053473178297281265	0.2522584795951843	0.6942682862281799
100	0.014583763666450977	0.20330360531806946	0.7821126580238342	0.04493901878595352	0.15366272628307343	0.8013982176780701
101	0.20210006833076477	0.16173839569091797	0.6361615657806396	0.030776167288422585	0.14712347090244293	0.8221004009246826
102	0.02014091983437538	0.1350545436143875	0.8448045253753662	0.05624471232295036	0.0332590714097023	0.910496175289154
103	0.07123205065727234	0.06204572319984436	0.8667222857475281	0.0342111811041832	0.06032855063676834	0.9054602980613708
104	0.05030107498168945	0.06428812444210052	0.8854108452796936	0.010941247455775738	0.018514947965741158	0.9705438017845154
105	0.040175218135118484	0.0709121897816658	0.8889126181602478	0.022492602467536926	0.12787380814552307	0.8496335744857788
106	0.6438493132591248	0.15987525880336761	0.19627538323402405	0.591105580329895	0.046858061105012894	0.3620363473892212
107	0.0025244103744626045	0.00528523838147521	0.9921903014183044	0.018245896324515343	0.011575708165764809	0.9701784253120422
108	0.0962507501244545	0.1759989857673645	0.7277502417564392	0.1141461655497551	0.21872040629386902	0.6671334505081177
109	0.9861059188842773	0.010533906519412994	0.003360113827511668	0.9861059188842773	0.010533906519412994	0.003360113827511668
110	0.06100074574351311	0.02870364859700203	0.9102956056594849	0.01902678608894348	0.01958739012479782	0.9613858461380005
111	0.09941317141056061	0.17031742632389069	0.7302694320678711	0.3038681149482727	0.13679759204387665	0.5593342781066895
112	0.03757619112730026	0.14821547269821167	0.8142083883285522	0.04555690661072731	0.06448650360107422	0.8899565935134888
113	0.020680325105786324	0.09271273761987686	0.8866069912910461	0.012558450922369957	0.2526332437992096	0.7348082661628723
114	0.007903396151959896	0.02447543479502201	0.9676212072372437	0.016446324065327644	0.01631462760269642	0.9672390818595886
115	0.2810417413711548	0.050553590059280396	0.6684046983718872	0.7641296982765198	0.025618400424718857	0.21025189757347107
116	0.06815983355045319	0.028271153569221497	0.9035689830780029	0.02017306722700596	0.019045408815145493	0.960781455039978
117	0.15491873025894165	0.2301521897315979	0.6149290800094604	0.18611125648021698	0.10827793926000595	0.7056108713150024
118	0.0182014349848032	0.02639373205602169	0.9554048180580139	0.06702138483524323	0.03915601968765259	0.8938225507736206
119	0.020844221115112305	0.016474707052111626	0.9626810550689697	0.01344346534460783	0.018557246774435043	0.967999279499054
120	0.012903543189167976	0.04193957522511482	0.9451569318771362	0.017933418974280357	0.041291020810604095	0.9407755732536316
121	0.011318471282720566	0.007785565219819546	0.98089599609375	0.011934005655348301	0.044901955872774124	0.9431639909744263
122	0.04747724533081055	0.03946339339017868	0.913059413433075	0.03918224945664406	0.12400095164775848	0.8368167877197266
123	0.01223570853471756	0.0754355639219284	0.9123287200927734	0.01812448911368847	0.08376052230596542	0.8981150388717651
124	0.03827516734600067	0.027694687247276306	0.9340301752090454	0.02852596342563629	0.018651891499757767	0.9528221487998962
125	0.03877820074558258	0.16612085700035095	0.7951009273529053	0.08740416914224625	0.039142921566963196	0.8734529614448547
126	0.007161149755120277	0.06345396488904953	0.9293848276138306	0.008163069374859333	0.07770710438489914	0.9141297936439514
127	0.03482019528746605	0.028135376051068306	0.9370443820953369	0.02184896729886532	0.03507446497678757	0.9430766105651855
128	0.0177424605935812	0.03603082150220871	0.9462266564369202	0.008412206545472145	0.01126348227262497	0.9803243279457092
129	0.06401626765727997	0.2365971803665161	0.6993865370750427	0.13155339658260345	0.18172994256019592	0.6867166757583618
130	0.016347281634807587	0.06693083792924881	0.9167218208312988	0.045902639627456665	0.17925357818603516	0.7748437523841858
131	0.023446641862392426	0.019107569009065628	0.9574458003044128	0.10917802155017853	0.041898805648088455	0.8489231467247009
132	0.011916008777916431	0.01608540676534176	0.9719985723495483	0.02155526727437973	0.015500063076615334	0.9629446864128113
133	0.02598925121128559	0.3303053379058838	0.643705427646637	0.0356035977602005	0.18376295268535614	0.7806335091590881
134	0.949552059173584	0.038743071258068085	0.01170481089502573	0.949552059173584	0.038743071258068085	0.01170481089502573
135	0.04524174705147743	0.13582952320575714	0.8189287185668945	0.16672851145267487	0.14145347476005554	0.6918179988861084
136	0.03977791219949722	0.050261083990335464	0.9099609851837158	0.010140977799892426	0.05306245759129524	0.9367966055870056
137	0.010441160760819912	0.0326603539288044	0.9568984508514404	0.03167126327753067	0.06768511980772018	0.9006435871124268
138	0.03146006539463997	0.03725821524858475	0.9312817454338074	0.017240947112441063	0.04539334401488304	0.9373657703399658
139	0.010070104151964188	0.005366561934351921	0.984563410282135	0.005511192604899406	0.007702321279793978	0.9867864847183228
140	0.020541245117783546	0.11699064821004868	0.8624681234359741	0.08609157800674438	0.16526585817337036	0.74864262342453
141	0.034615419805049896	0.16722780466079712	0.79815673828125	0.015846548601984978	0.15693959593772888	0.8272138833999634
142	0.04145286977291107	0.05033012479543686	0.9082169532775879	0.016816457733511925	0.04281863197684288	0.9403648972511292
143	0.028745030984282494	0.19721616804599762	0.7740387916564941	0.049484387040138245	0.12356660515069962	0.8269490003585815
144	0.01795070804655552	0.09159570932388306	0.890453577041626	0.039604268968105316	0.07783768326044083	0.8825579881668091
145	0.02157537452876568	0.08915407210588455	0.889270544052124	0.04531553015112877	0.06941752135753632	0.8852669596672058
146	0.04956876486539841	0.08502718806266785	0.8654040694236755	0.05425121262669563	0.04624626785516739	0.8995025753974915
147	0.05931425839662552	0.10475344210863113	0.8359322547912598	0.02931373380124569	0.06276752054691315	0.9079187512397766
148	0.022098036482930183	0.2358529269695282	0.742048978805542	0.01694546639919281	0.24856968224048615	0.734484851360321
149	0.9817848205566406	0.011754201725125313	0.006460909731686115	0.9817848205566406	0.011754201725125313	0.006460909731686115
150	0.05845654010772705	0.2364794909954071	0.7050639986991882	0.030921559780836105	0.26053619384765625	0.7085422873497009
151	0.13574884831905365	0.1896965205669403	0.6745545268058777	0.048746101558208466	0.19455686211585999	0.7566970586776733
152	0.04336722567677498	0.07473311573266983	0.8818995952606201	0.05593002587556839	0.05446387827396393	0.8896060585975647
153	0.02542765811085701	0.05469604954123497	0.9198763370513916	0.035140685737133026	0.09220408648252487	0.8726552724838257
154	0.012616424821317196	0.05499904230237007	0.9323845505714417	0.02596770040690899	0.04255535826086998	0.931476891040802
155	0.011547145433723927	0.018307790160179138	0.9701451063156128	0.004022303503006697	0.008239492774009705	0.9877382516860962
156	0.01401869859546423	0.04397838935256004	0.9420029520988464	0.03289616480469704	0.028896864503622055	0.9382069706916809
157	0.018262948840856552	0.12578296661376953	0.855954110622406	0.04819641262292862	0.13173280656337738	0.820070743560791
158	0.007393409963697195	0.05330973118543625	0.9392967820167542	0.043846506625413895	0.04140418767929077	0.9147493243217468
159	0.022960105910897255	0.025297055020928383	0.9517428278923035	0.01038956269621849	0.01956712268292904	0.9700433611869812
160	0.037729471921920776	0.17746791243553162	0.7848026752471924	0.0207637008279562	0.10176035761833191	0.8774759769439697
161	0.04444311186671257	0.04189762845635414	0.9136592745780945	0.013836589641869068	0.04521120339632034	0.9409522414207458
162	0.25358137488365173	0.2196377068758011	0.526780903339386	0.3096567988395691	0.15561506152153015	0.5347281098365784
163	0.2065407931804657	0.0928153395652771	0.7006438970565796	0.24618780612945557	0.08065622299909592	0.6731559634208679
164	0.05338742956519127	0.056567899882793427	0.8900446891784668	0.0067164096981287	0.011734670028090477	0.9815489649772644
165	0.14189228415489197	0.10412850230932236	0.7539792656898499	0.026479698717594147	0.14006002247333527	0.8334603309631348
166	0.001077475375495851	0.0024449024349451065	0.9964776635169983	0.0019654061179608107	0.0012250604340806603	0.9968095421791077
167	0.006787637248635292	0.012911319732666016	0.9803010821342468	0.05504782497882843	0.018399816006422043	0.9265522956848145
168	0.0012341057881712914	0.006600937806069851	0.9921649694442749	0.00098794128280133	0.00363684119656682	0.9953752160072327
169	0.039974357932806015	0.05078686773777008	0.9092388153076172	0.02258065715432167	0.04104657843708992	0.9363728165626526
170	0.015441515482962132	0.1206909641623497	0.8638675212860107	0.03395508974790573	0.04281330853700638	0.9232316017150879
171	0.007850449532270432	0.018769903108477592	0.9733796119689941	0.07025584578514099	0.04596472904086113	0.8837794065475464
172	0.060105230659246445	0.04388349875807762	0.8960112929344177	0.08811850845813751	0.018294213339686394	0.8935872912406921
173	0.05126149579882622	0.139120951294899	0.8096175789833069	0.03479853644967079	0.21803022921085358	0.7471712231636047
174	0.030169963836669922	0.06345835328102112	0.9063717126846313	0.050411198288202286	0.052472420036792755	0.8971164226531982
175	0.07970591634511948	0.1888924241065979	0.7314016819000244	0.027357086539268494	0.12112801522016525	0.8515149354934692
176	0.03318973630666733	0.06278339773416519	0.9040268659591675	0.022634025663137436	0.0972776710987091	0.8800883889198303
177	0.010686680674552917	0.06015362963080406	0.9291597008705139	0.02885044738650322	0.02763919159770012	0.9435103535652161
178	0.028020041063427925	0.09015727788209915	0.8818226456642151	0.009325393475592136	0.04722468927502632	0.9434499740600586
179	0.011300974525511265	0.041061632335186005	0.9476373195648193	0.03435319662094116	0.0737270712852478	0.8919196724891663
180	0.9814301133155823	0.014972551725804806	0.0035973982885479927	0.9814301133155823	0.014972551725804806	0.0035973982885479927
181	0.022542037069797516	0.05317942425608635	0.9242785573005676	0.0733174979686737	0.058366890996694565	0.8683156371116638
182	0.04127245768904686	0.21453982591629028	0.7441877722740173	0.04435107856988907	0.15120239555835724	0.8044465184211731
183	0.04793922230601311	0.054650839418172836	0.897409975528717	0.009648715145885944	0.03409333527088165	0.9562578797340393
184	0.06485803425312042	0.09840680658817291	0.8367351293563843	0.022011972963809967	0.0639142096042633	0.9140738248825073
185	0.019622016698122025	0.015199486166238785	0.9651785492897034	0.006012290716171265	0.012632150202989578	0.981355607509613
186	0.010068473406136036	0.27547433972358704	0.7144572138786316	0.005171021446585655	0.20124565064907074	0.7935832738876343
187	0.00027480407152324915	0.0002064858126686886	0.9995187520980835	0.000416446418967098	0.0006537500885315239	0.9989297986030579
188	0.021870912984013557	0.12334857136011124	0.8547804951667786	0.05122607573866844	0.0889148935675621	0.8598589897155762
189	0.010069449432194233	0.037479329854249954	0.9524511694908142	0.030378544703125954	0.032573334872722626	0.937048077583313
190	0.07542113214731216	0.2417628914117813	0.6828159689903259	0.41677358746528625	0.18365633487701416	0.3995700776576996
191	0.03523167967796326	0.09883947670459747	0.8659288883209229	0.02095014974474907	0.0981210395693779	0.8809288740158081
192	0.03164784982800484	0.0608474425971508	0.9075047373771667	0.1452670395374298	0.10511184483766556	0.7496210932731628
193	0.007721761707216501	0.01121443696320057	0.9810638427734375	0.03731669485569	0.026009980589151382	0.9366732835769653
194	0.02881086990237236	0.18978458642959595	0.7814044952392578	0.040520451962947845	0.04106246307492256	0.9184170961380005
195	0.010391282849013805	0.025059513747692108	0.96454918384552	0.033497404307127	0.0433843657374382	0.9231182336807251
196	0.017147185280919075	0.10471285879611969	0.8781399726867676	0.04590870440006256	0.047334298491477966	0.9067570567131042
197	0.012344058603048325	0.0234588161110878	0.9641971588134766	0.017535941675305367	0.02255462296307087	0.9599093794822693
198	0.07780107855796814	0.048137884587049484	0.8740610480308533	0.026296155527234077	0.028606660664081573	0.9450972080230713
199	0.011521910317242146	0.10074430704116821	0.8877337574958801	0.04485442489385605	0.05509674549102783	0.9000487923622131
