0	0.968379557132721	0.029567211866378784	0.002053253585472703	0.987953782081604	0.010094012133777142	0.001952235703356564
1	0.9833198189735413	0.014417003840208054	0.0022631478495895863	0.984237015247345	0.013897747732698917	0.0018651476129889488
2	0.8718323707580566	0.06355424225330353	0.06461339443922043	0.8121815323829651	0.05337585508823395	0.13444258272647858
3	0.9628844857215881	0.0325060673058033	0.004609475843608379	0.32589343190193176	0.6625955700874329	0.011510917916893959
4	0.9883164763450623	0.009444613009691238	0.0022388529032468796	0.9891636371612549	0.009087680839002132	0.0017486619763076305
5	0.9794104099273682	0.01588801108300686	0.004701545927673578	0.9867237210273743	0.008978662081062794	0.004297586623579264
6	0.7922343015670776	0.07372543215751648	0.13404026627540588	0.5458309650421143	0.12190750241279602	0.33226150274276733
7	0.5764711499214172	0.2375025600194931	0.18602629005908966	0.04789641126990318	0.7561565041542053	0.19594706594944
8	0.6974580883979797	0.16587409377098083	0.136667862534523	0.9039689898490906	0.06307432055473328	0.032956693321466446
9	0.9640961289405823	0.029793988913297653	0.006109835114330053	0.9659801125526428	0.028766870498657227	0.005252974107861519
10	0.9826903939247131	0.01540389098227024	0.0019057652680203319	0.9739978313446045	0.023096999153494835	0.002905142493546009
11	0.9514226913452148	0.03845326229929924	0.010124079883098602	0.9629802107810974	0.026489805430173874	0.010530062951147556
12	0.9681274890899658	0.026846393942832947	0.00502610532566905	0.9875895380973816	0.010163767263293266	0.002246742369607091
13	0.6367495656013489	0.34284791350364685	0.02040250226855278	0.9592815041542053	0.028728166595101357	0.011990207247436047
14	0.608237087726593	0.11414901912212372	0.2776138186454773	0.7076173424720764	0.10102098435163498	0.1913616955280304
15	0.9815683960914612	0.017096251249313354	0.0013353460235521197	0.9849737882614136	0.013097161427140236	0.0019290671916678548
16	0.9820937514305115	0.010592130944132805	0.00731418002396822	0.9653618931770325	0.020862217992544174	0.013775900937616825
17	0.29889172315597534	0.08210746943950653	0.6190008521080017	0.4017998278141022	0.16142886877059937	0.43677136301994324
18	0.9854788780212402	0.010487795807421207	0.004033372737467289	0.977912962436676	0.016038397327065468	0.006048597861081362
19	0.8591998815536499	0.1372532844543457	0.0035468521527945995	0.9888095259666443	0.009088669903576374	0.002101802034303546
20	0.46677395701408386	0.5276009440422058	0.0056249825283885	0.9695720076560974	0.027442948892712593	0.0029849670827388763
21	0.9382036924362183	0.048080045729875565	0.013716311194002628	0.9681306481361389	0.02653016895055771	0.0053391773253679276
22	0.9851357340812683	0.013626973144710064	0.0012373131467029452	0.9474894404411316	0.0491119809448719	0.003398601897060871
23	0.9898245930671692	0.008341774344444275	0.0018336857901886106	0.988716185092926	0.009523036889731884	0.0017607298213988543
24	0.9691901206970215	0.02462787926197052	0.0061820195987820625	0.9693999290466309	0.024685265496373177	0.005914756562560797
25	0.9754011631011963	0.019768573343753815	0.004830284975469112	0.9776290655136108	0.01961531490087509	0.002755699446424842
26	0.21661238372325897	0.5523971915245056	0.23099039494991302	0.01735915243625641	0.8351884484291077	0.14745235443115234
27	0.2720928192138672	0.05194322019815445	0.6759639382362366	0.5512765645980835	0.08287376910448074	0.36584967374801636
28	0.11652252078056335	0.21915127336978912	0.6643262505531311	0.18794988095760345	0.22319693863391876	0.5888531804084778
29	0.9806298613548279	0.015131602995097637	0.00423851702362299	0.9657016396522522	0.02982351928949356	0.004474833142012358
30	0.24894756078720093	0.26160097122192383	0.48945146799087524	0.21122831106185913	0.38108620047569275	0.40768545866012573
31	0.9652370810508728	0.03227612376213074	0.002486801939085126	0.6358956098556519	0.35774824023246765	0.006356093566864729
32	0.9069960713386536	0.07672242820262909	0.016281528398394585	0.696973443031311	0.1689363270998001	0.13409017026424408
33	0.9876987934112549	0.010055151768028736	0.0022460471373051405	0.9642073512077332	0.032874468713998795	0.0029181698337197304
34	0.8709445595741272	0.05339004471898079	0.07566532492637634	0.835273027420044	0.054435040801763535	0.11029182374477386
35	0.9856597185134888	0.012767231091856956	0.0015731010353192687	0.9836633205413818	0.01460506021976471	0.0017316401936113834
36	0.4482686519622803	0.08825705945491791	0.4634743630886078	0.9124885201454163	0.02736499160528183	0.060146529227495193
37	0.19981585443019867	0.03896331414580345	0.7612208127975464	0.2513822615146637	0.06003826484084129	0.6885794401168823
38	0.7152798175811768	0.15307778120040894	0.1316423863172531	0.7842745780944824	0.19500316679477692	0.020722242072224617
39	0.9620496034622192	0.03584570810198784	0.002104745712131262	0.988544762134552	0.00928017869591713	0.002175057539716363
40	0.9762294888496399	0.021134980022907257	0.002635595854371786	0.9806742668151855	0.016902880743145943	0.0024228128604590893
41	0.9365464448928833	0.060193561017513275	0.0032600434496998787	0.9815168380737305	0.016681130975484848	0.001802018261514604
42	0.9603415131568909	0.033204611390829086	0.006453899201005697	0.9801774024963379	0.016661910340189934	0.0031606461852788925
43	0.9861749410629272	0.011972361244261265	0.001852730056270957	0.9895949363708496	0.008756515569984913	0.0016485832165926695
44	0.949888288974762	0.03570275753736496	0.014409041032195091	0.9095034599304199	0.06268101185560226	0.027815472334623337
45	0.8810135126113892	0.027293318882584572	0.09169317781925201	0.9030137658119202	0.036375440657138824	0.06061074882745743
46	0.9895037412643433	0.008584954775869846	0.001911219209432602	0.9848611354827881	0.01313709281384945	0.002001788467168808
47	0.9766496419906616	0.016828080639243126	0.006522227078676224	0.9840971231460571	0.011513514444231987	0.0043893842957913876
48	0.9796063303947449	0.017441749572753906	0.002951866015791893	0.9822297096252441	0.015119101852178574	0.0026511994656175375
49	0.13279257714748383	0.5012648701667786	0.3659426271915436	0.09415660053491592	0.5505920648574829	0.3552512526512146
50	0.984718918800354	0.01230059564113617	0.0029804257210344076	0.9817735552787781	0.014800767414271832	0.0034256819635629654
51	0.974346399307251	0.021857747808098793	0.003795814700424671	0.9284167289733887	0.06896142661571503	0.002621948253363371
52	0.980137288570404	0.018235962837934494	0.001626727869734168	0.9885963797569275	0.009917928837239742	0.0014857205096632242
53	0.989725649356842	0.008299035020172596	0.001975353341549635	0.8478803634643555	0.1489814966917038	0.0031380879227072
54	0.9893382787704468	0.007922272197902203	0.0027395093347877264	0.9770548343658447	0.018102405592799187	0.004842749331146479
55	0.9643367528915405	0.028798913583159447	0.006864326074719429	0.841042697429657	0.10971199721097946	0.04924521967768669
56	0.9891399145126343	0.008654806762933731	0.0022052230779081583	0.9691835045814514	0.027193419635295868	0.003623050870373845
57	0.9665113091468811	0.02860015630722046	0.004888548981398344	0.291441410779953	0.7051003575325012	0.003458260325714946
58	0.9830417633056641	0.015257610939443111	0.0017006678972393274	0.9859117269515991	0.012457072734832764	0.0016312353545799851
59	0.9796552658081055	0.015707172453403473	0.00463751470670104	0.9747255444526672	0.018355820327997208	0.00691867433488369
60	0.975045382976532	0.01979459822177887	0.005160033702850342	0.9765209555625916	0.01884937472641468	0.004629624076187611
61	0.9765372276306152	0.01862679421901703	0.004836010280996561	0.9694488644599915	0.02542771026492119	0.005123404785990715
62	0.9460062384605408	0.03411145135760307	0.019882330670952797	0.9879294633865356	0.009006031788885593	0.003064478514716029
63	0.9814543128013611	0.014376478269696236	0.00416926946491003	0.9816391468048096	0.01407478004693985	0.004286059178411961
64	0.9634836316108704	0.03418425843119621	0.0023319905158132315	0.9804816842079163	0.017545009031891823	0.0019732892978936434
65	0.9815351963043213	0.013841005973517895	0.004623801913112402	0.9568756222724915	0.04016368091106415	0.0029606050811707973
66	0.8575468063354492	0.06598839163780212	0.07646475732326508	0.6232210993766785	0.15259172022342682	0.2241872102022171
67	0.9397692680358887	0.04884804040193558	0.011382736265659332	0.9539746046066284	0.04319138824939728	0.002833919133991003
68	0.9806607961654663	0.014005554839968681	0.005333661567419767	0.94355309009552	0.040518783032894135	0.015928084030747414
69	0.9834542274475098	0.014960959553718567	0.0015848344191908836	0.9833803176879883	0.015025671571493149	0.0015939985169097781
70	0.9862238168716431	0.010481149889528751	0.003295061644166708	0.96677166223526	0.026075223460793495	0.007153063081204891
71	0.9369726181030273	0.040409572422504425	0.022617816925048828	0.6382991671562195	0.15812470018863678	0.20357610285282135
72	0.907098650932312	0.021762290969491005	0.07113907486200333	0.6238346099853516	0.11711236834526062	0.25905299186706543
73	0.6619485020637512	0.09866536408662796	0.23938606679439545	0.5403751134872437	0.11300607025623322	0.34661880135536194
74	0.9279364943504333	0.06448980420827866	0.007573751267045736	0.6544738411903381	0.32585209608078003	0.019674040377140045
75	0.9846596717834473	0.013497641310095787	0.001842788071371615	0.9773858785629272	0.020833071321249008	0.0017810079734772444
76	0.9787656664848328	0.019376102834939957	0.0018582592019811273	0.9699835777282715	0.02837960608303547	0.0016369267832487822
77	0.9776147603988647	0.01636427640914917	0.006020928267389536	0.9862779974937439	0.009860494174063206	0.0038615188095718622
78	0.973361074924469	0.02374151162803173	0.0028973089065402746	0.9814574122428894	0.015218747779726982	0.003323799232020974
79	0.9620925188064575	0.031906966120004654	0.0060004666447639465	0.9713427424430847	0.025526950135827065	0.0031303949654102325
80	0.9707455039024353	0.02695903740823269	0.0022954544983804226	0.9571735858917236	0.029134301468729973	0.013692094944417477
81	0.9271455407142639	0.028950247913599014	0.04390421882271767	0.8436573147773743	0.04771418869495392	0.1086285337805748
82	0.8627739548683167	0.13375338912010193	0.00347260944545269	0.9764547944068909	0.021371828392148018	0.0021734086330980062
83	0.388100266456604	0.5729038119316101	0.03899587318301201	0.402926504611969	0.5535085201263428	0.043564941734075546
84	0.970596432685852	0.02268047071993351	0.006723053753376007	0.9743626713752747	0.019562039524316788	0.006075221113860607
85	0.9832060933113098	0.014819459058344364	0.001974433194845915	0.9669846296310425	0.03166293352842331	0.001352477353066206
86	0.9852709770202637	0.011443990282714367	0.0032850555144250393	0.9904530048370361	0.007854639552533627	0.001692356774583459
87	0.9101566672325134	0.0445873886346817	0.04525600001215935	0.47906365990638733	0.3436231315135956	0.17731314897537231
88	0.9749642610549927	0.019708171486854553	0.0053275879472494125	0.9397298097610474	0.05527361482381821	0.004996634088456631
89	0.3406434655189514	0.05072354897856712	0.6086329817771912	0.32104408740997314	0.09932903945446014	0.5796269178390503
90	0.5829868912696838	0.2614310085773468	0.15558210015296936	0.8628009557723999	0.09091546386480331	0.04628368467092514
91	0.9628565907478333	0.03379138559103012	0.0033519340213388205	0.9500486254692078	0.04541473090648651	0.00453666178509593
92	0.47815489768981934	0.05329494550824165	0.4685501456260681	0.7380567193031311	0.04546704888343811	0.2164762318134308
93	0.9511831402778625	0.029551448300480843	0.01926535740494728	0.48601606488227844	0.3037031590938568	0.21028085052967072
94	0.8515479564666748	0.1322384774684906	0.01621355302631855	0.888242244720459	0.09382343292236328	0.017934201285243034
95	0.9095549583435059	0.08558492362499237	0.0048601278103888035	0.8180624842643738	0.1777193546295166	0.004218122456222773
96	0.9806939363479614	0.017112750560045242	0.0021933468524366617	0.9815726280212402	0.015875330194830894	0.002552045276388526
97	0.9696904420852661	0.027745872735977173	0.002563671674579382	0.971972644329071	0.02287658490240574	0.0051507530733942986
98	0.9867945313453674	0.011169376783072948	0.0020362043287605047	0.973142147064209	0.02486289106309414	0.0019950265996158123
99	0.984062910079956	0.013931765221059322	0.0020053458865731955	0.9800292253494263	0.01759960874915123	0.0023711256217211485
100	0.8443357944488525	0.09167658537626266	0.06398766487836838	0.5693908929824829	0.2370096892118454	0.19359943270683289
101	0.8674065470695496	0.10870702564716339	0.023886369541287422	0.9202485084533691	0.06977570056915283	0.009975778870284557
102	0.9599523544311523	0.03770681098103523	0.0023408227134495974	0.9349374771118164	0.05755925923585892	0.007503297179937363
103	0.355564683675766	0.5705882906913757	0.07384698837995529	0.4179857075214386	0.530687689781189	0.05132656916975975
104	0.9704282879829407	0.024158207699656487	0.00541354576125741	0.9741365313529968	0.021925194188952446	0.003938307520002127
105	0.949343204498291	0.04156368970870972	0.009093091823160648	0.9603943824768066	0.033374935388565063	0.0062306122854352
106	0.9766488671302795	0.01938612572848797	0.003964977338910103	0.9659201502799988	0.029426727443933487	0.00465310038998723
107	0.9750608205795288	0.019985713064670563	0.004953545052558184	0.9703211784362793	0.026233110576868057	0.003445775480940938
108	0.8828144669532776	0.11008140444755554	0.007104072719812393	0.8884716629981995	0.09932446479797363	0.012203932739794254
109	0.09972286969423294	0.16513921320438385	0.7351379990577698	0.08804178982973099	0.036891233175992966	0.8750669360160828
110	0.9803658127784729	0.015148859471082687	0.004485313314944506	0.9878045320510864	0.01042763888835907	0.0017678330186754465
111	0.9612997174263	0.02466551959514618	0.014034809544682503	0.8211212158203125	0.11030099540948868	0.06857772916555405
112	0.9842374920845032	0.013716368936002254	0.002046072157099843	0.983079195022583	0.014842402189970016	0.0020783471409231424
113	0.9888970255851746	0.009173155762255192	0.0019298017723485827	0.9894178509712219	0.00877612829208374	0.0018060579895973206
114	0.9706206917762756	0.02784300595521927	0.0015362838748842478	0.9618978500366211	0.03628094866871834	0.0018213147995993495
115	0.9819695949554443	0.016023678705096245	0.0020067214500159025	0.9824025630950928	0.01319404598325491	0.004403341095894575
116	0.9769076108932495	0.02042206935584545	0.00267037539742887	0.9731693863868713	0.023598063737154007	0.003232500748708844
117	0.9845231771469116	0.013070810586214066	0.002405937295407057	0.981311023235321	0.01597561500966549	0.002713348250836134
118	0.9722912311553955	0.024552227929234505	0.003156510181725025	0.9777481555938721	0.01950637623667717	0.002745509147644043
119	0.9758352637290955	0.01743432693183422	0.006730425171554089	0.9771144986152649	0.018738960847258568	0.004146514926105738
120	0.9838095903396606	0.012755954638123512	0.0034344596788287163	0.8061113953590393	0.17696984112262726	0.0169187244027853
121	0.9753751754760742	0.02211817167699337	0.0025066742673516273	0.9790656566619873	0.01665472239255905	0.00427965447306633
122	0.976294994354248	0.021029528230428696	0.002675409195944667	0.9819961786270142	0.015717700123786926	0.002286091912537813
123	0.5188794732093811	0.46725156903266907	0.013868927955627441	0.17681847512722015	0.8088791966438293	0.014302280731499195
124	0.8304545879364014	0.08413682878017426	0.08540860563516617	0.4295555353164673	0.1669330596923828	0.4035113751888275
125	0.9599037170410156	0.03556135669350624	0.0045349253341555595	0.8666325807571411	0.12017786502838135	0.0131895262748003
126	0.19833551347255707	0.18110914528369904	0.6205553412437439	0.16219353675842285	0.24214737117290497	0.5956591367721558
127	0.9705947637557983	0.027325130999088287	0.002080174395814538	0.9355406761169434	0.06047653406858444	0.003982825204730034
128	0.8893306851387024	0.08202238380908966	0.02864687517285347	0.8252309560775757	0.1303514689207077	0.04441758617758751
129	0.9785076379776001	0.01940755359828472	0.0020848496351391077	0.972892701625824	0.02499895729124546	0.002108348300680518
130	0.9830307960510254	0.014302903786301613	0.002666225889697671	0.928767740726471	0.06476449221372604	0.006467780098319054
