0	0.002966734580695629	0.005907620303332806	0.9911256432533264	0.007722640875726938	0.004251942969858646	0.9880253672599792
1	0.40323498845100403	0.07978595793247223	0.5169790387153625	0.5038901567459106	0.08331490308046341	0.41279491782188416
2	0.1475793421268463	0.12286489456892014	0.7295558452606201	0.6635845899581909	0.08895084261894226	0.24746450781822205
3	0.13165396451950073	0.09809188544750214	0.7702541351318359	0.17831598222255707	0.07103198766708374	0.7506520748138428
4	0.7742156982421875	0.11751936376094818	0.10826492309570312	0.9411342144012451	0.04446303844451904	0.014402702450752258
5	0.056047581136226654	0.07588353753089905	0.8680688738822937	0.21966734528541565	0.06217987462878227	0.7181528210639954
6	0.04332409426569939	0.06481659412384033	0.8918593525886536	0.6884060502052307	0.14627303183078766	0.16532087326049805
7	0.9446927309036255	0.046688128262758255	0.008619125932455063	0.983086347579956	0.01505559217184782	0.001858040690422058
8	0.15004484355449677	0.13173310458660126	0.7182220220565796	0.5676342248916626	0.09692125022411346	0.33544450998306274
9	0.034507203847169876	0.13165590167045593	0.8338369131088257	0.10262394696474075	0.11009666323661804	0.7872793674468994
10	0.15984362363815308	0.05986545979976654	0.7802909016609192	0.5236634612083435	0.07635381072759628	0.399982750415802
11	0.8711966872215271	0.09536432474851608	0.0334390290081501	0.9394294619560242	0.04190528020262718	0.018665261566638947
12	0.06980593502521515	0.040792763233184814	0.8894013166427612	0.14080201089382172	0.027297277003526688	0.8319007158279419
13	0.6940640211105347	0.23189780116081238	0.07403813302516937	0.9258790016174316	0.04349694773554802	0.030624063685536385
14	0.9810227751731873	0.013014703057706356	0.0059625813737511635	0.9689939618110657	0.01595957763493061	0.015046349726617336
15	0.9771589040756226	0.02082880586385727	0.0020122816786170006	0.9782568216323853	0.019771259278059006	0.0019718906842172146
16	0.08482562005519867	0.08816875517368317	0.8270055651664734	0.32118505239486694	0.07939060032367706	0.5994243621826172
17	0.9797133207321167	0.014393829740583897	0.00589292636141181	0.9884628653526306	0.007648599334061146	0.003888502484187484
18	0.2167724370956421	0.09746332466602325	0.6857641935348511	0.6215963363647461	0.06681042164564133	0.311593234539032
19	0.055897198617458344	0.036435503512620926	0.9076672196388245	0.19338162243366241	0.04094204679131508	0.7656763195991516
20	0.0665467381477356	0.04810679331421852	0.8853464722633362	0.18285857141017914	0.04834911227226257	0.7687922716140747
21	0.9706235527992249	0.02562708780169487	0.0037493454292416573	0.9795016646385193	0.01822235994040966	0.0022759914863854647
22	0.06189553439617157	0.18159981071949005	0.7565046548843384	0.32060906291007996	0.16498738527297974	0.5144035816192627
23	0.11230546981096268	0.03830362483859062	0.8493908643722534	0.9178927540779114	0.03367834910750389	0.04842888191342354
24	0.3402501344680786	0.12120402604341507	0.5385457873344421	0.23678448796272278	0.11270833760499954	0.6505072116851807
25	0.10068690776824951	0.39334478974342346	0.5059683322906494	0.3513203263282776	0.19405177235603333	0.4546278715133667
26	0.9446927309036255	0.046688128262758255	0.008619125932455063	0.983086347579956	0.01505559217184782	0.001858040690422058
27	0.18738168478012085	0.14644646644592285	0.6661718487739563	0.16460272669792175	0.08710062503814697	0.7482966184616089
28	0.9701400399208069	0.026085739955306053	0.003774235723540187	0.988291323184967	0.00998232513666153	0.0017263288609683514
29	0.02180674485862255	0.1479296237230301	0.8302636742591858	0.04710095748305321	0.12240363657474518	0.8304953575134277
30	0.9440922737121582	0.048542559146881104	0.007365131750702858	0.9809855818748474	0.01613791659474373	0.002876461483538151
31	0.4012146294116974	0.1911161094903946	0.40766921639442444	0.5300382375717163	0.08574795722961426	0.3842138648033142
32	0.9799516797065735	0.01543427910655737	0.0046140095219016075	0.9790042638778687	0.015581964515149593	0.005413725972175598
33	0.03498395159840584	0.12412185221910477	0.8408941626548767	0.0944598987698555	0.06145312264561653	0.8440869450569153
34	0.15004484355449677	0.13173310458660126	0.7182220220565796	0.5676342248916626	0.09692125022411346	0.33544450998306274
35	0.018692800775170326	0.023383786901831627	0.957923412322998	0.04097600281238556	0.02778911590576172	0.9312348365783691
36	0.04168945178389549	0.06532391160726547	0.8929865956306458	0.14879439771175385	0.11164715141057968	0.7395584583282471
37	0.09572016447782516	0.03832348436117172	0.8659563064575195	0.5093292593955994	0.07486910372972488	0.41580164432525635
38	0.1089034304022789	0.12490472197532654	0.7661917805671692	0.6699329018592834	0.09517931938171387	0.2348877489566803
39	0.24837593734264374	0.05495166778564453	0.6966723799705505	0.26168736815452576	0.026222020387649536	0.7120906710624695
40	0.9430294632911682	0.037735674530267715	0.01923496462404728	0.9740294814109802	0.0196580458432436	0.006312499288469553
41	0.7074264883995056	0.1689668595790863	0.12360663712024689	0.9533464312553406	0.03707711026072502	0.009576451033353806
42	0.8709246516227722	0.10561515390872955	0.023460209369659424	0.9795370101928711	0.017860407009720802	0.002602512715384364
43	0.9733452796936035	0.022257931530475616	0.004396743606775999	0.9861369132995605	0.011233599856495857	0.002629468683153391
44	0.028131140395998955	0.1188231036067009	0.8530457615852356	0.05606958270072937	0.10850635915994644	0.83542400598526
45	0.9813781976699829	0.014296531677246094	0.004325241316109896	0.9788534045219421	0.01674475334584713	0.004401879385113716
46	0.021937794983386993	0.10246851295232773	0.8755937218666077	0.030316641554236412	0.06994859874248505	0.8997347950935364
47	0.9524682760238647	0.03782214596867561	0.00970965065062046	0.9714347124099731	0.026263797655701637	0.0023014324251562357
48	0.030387550592422485	0.15139758586883545	0.8182148933410645	0.0712495893239975	0.13940776884555817	0.7893426418304443
49	0.902967631816864	0.07581819593906403	0.021214229986071587	0.9761679172515869	0.021579068154096603	0.002252984791994095
50	0.32726016640663147	0.13828672468662262	0.5344531536102295	0.7164489030838013	0.10206704586744308	0.18148405849933624
51	0.038547683507204056	0.08252587914466858	0.8789265155792236	0.28217047452926636	0.059245478361845016	0.6585839986801147
52	0.7159479856491089	0.26493749022483826	0.01911441795527935	0.9641785621643066	0.03166523575782776	0.004156180191785097
53	0.04885054752230644	0.09231686592102051	0.858832597732544	0.0699038878083229	0.05147041007876396	0.8786256313323975
54	0.04042377695441246	0.05341222137212753	0.9061640501022339	0.06566920131444931	0.03440459817647934	0.8999261856079102
55	0.6983234286308289	0.182254821062088	0.11942175030708313	0.9404333233833313	0.0340195931494236	0.025547053664922714
56	0.025315620005130768	0.03601764142513275	0.938666820526123	0.04719379171729088	0.02755146101117134	0.9252547025680542
57	0.039730753749608994	0.04831315577030182	0.9119560718536377	0.0840207114815712	0.03360437601804733	0.8823749423027039
58	0.14861340820789337	0.18936309218406677	0.6620234847068787	0.3873350918292999	0.14454756677150726	0.4681173264980316
59	0.041466161608695984	0.19575893878936768	0.7627749443054199	0.0783306360244751	0.1377038061618805	0.7839654684066772
60	0.8463489413261414	0.11321679502725601	0.04043427109718323	0.9391688108444214	0.048851512372493744	0.011979661881923676
61	0.8894957900047302	0.08435080200433731	0.026153365150094032	0.9602945446968079	0.02994505874812603	0.00976039469242096
62	0.9825474619865417	0.012905141338706017	0.0045473906211555	0.969657838344574	0.016308270394802094	0.014033899642527103
63	0.2150396853685379	0.14758072793483734	0.6373796463012695	0.3573108911514282	0.1289709061384201	0.5137181878089905
64	0.1935473531484604	0.24268965423107147	0.5637630224227905	0.3043425977230072	0.1254313737154007	0.5702260732650757
65	0.3225744068622589	0.15945236384868622	0.5179732441902161	0.7006435990333557	0.06894407421350479	0.23041239380836487
66	0.046703971922397614	0.15556515753269196	0.7977309226989746	0.10665243864059448	0.12176727503538132	0.7715802192687988
67	0.029241139069199562	0.15979290008544922	0.810965895652771	0.06430976837873459	0.12363122403621674	0.8120590448379517
68	0.9156534671783447	0.05175364017486572	0.03259291127324104	0.9412088990211487	0.038376808166503906	0.02041427604854107
69	0.030764074996113777	0.11120600253343582	0.8580299615859985	0.09073740988969803	0.07320345938205719	0.8360591530799866
70	0.02659117802977562	0.07816027104854584	0.8952485918998718	0.1574915051460266	0.05717628821730614	0.7853321433067322
71	0.8087382316589355	0.12960156798362732	0.061660174280405045	0.9597861766815186	0.025681141763925552	0.014532695524394512
72	0.01889333315193653	0.032919883728027344	0.9481867551803589	0.0458805114030838	0.020631715655326843	0.9334878325462341
73	0.9423614144325256	0.05099208280444145	0.00664646178483963	0.9701018929481506	0.023490261286497116	0.006407739128917456
74	0.43062055110931396	0.24390190839767456	0.3254775404930115	0.6289939284324646	0.1880609542131424	0.18294504284858704
75	0.39243587851524353	0.3062115013599396	0.3013526201248169	0.6291578412055969	0.23687250912189484	0.13396961987018585
76	0.8650105595588684	0.12539173662662506	0.009597658179700375	0.9732660055160522	0.02173847332596779	0.004995499271899462
77	0.09517885744571686	0.1500818282365799	0.7547392845153809	0.3295276463031769	0.12742748856544495	0.543044924736023
78	0.13971993327140808	0.20611713826656342	0.6541628837585449	0.2212435007095337	0.11058633029460907	0.668170154094696
79	0.9037694334983826	0.08881677687168121	0.007413763552904129	0.9713866114616394	0.025633089244365692	0.0029803081415593624
80	0.07414732128381729	0.12540879845619202	0.8004438877105713	0.03502446413040161	0.11893565952777863	0.846039891242981
81	0.9797133207321167	0.014393829740583897	0.00589292636141181	0.9884628653526306	0.007648599334061146	0.003888502484187484
82	0.1551661491394043	0.2059083729982376	0.6389254331588745	0.19726230204105377	0.14905640482902527	0.6536813378334045
83	0.5832304358482361	0.13447634875774384	0.28229328989982605	0.8880893588066101	0.08644085377454758	0.025469724088907242
84	0.013770811259746552	0.0873679369688034	0.8988612294197083	0.03606834635138512	0.02260264754295349	0.9413290023803711
85	0.26669496297836304	0.1338997632265091	0.5994052290916443	0.4214118421077728	0.1484888195991516	0.4300993084907532
86	0.12313079833984375	0.1488759070634842	0.7279932498931885	0.2621143162250519	0.19158607721328735	0.5462995767593384
87	0.1495499610900879	0.22627504169940948	0.624174952507019	0.3394256830215454	0.17226305603981018	0.48831117153167725
88	0.23001724481582642	0.048558495938777924	0.7214242815971375	0.9664453268051147	0.0240729171782732	0.009481729008257389
89	0.14210815727710724	0.10378321260213852	0.7541086673736572	0.3136236369609833	0.14021536707878113	0.5461610555648804
90	0.12035860866308212	0.09376811981201172	0.785873293876648	0.6096529960632324	0.10025566071271896	0.2900913655757904
91	0.010969084687530994	0.05832929536700249	0.9307016134262085	0.015572521835565567	0.025640416890382767	0.9587870240211487
92	0.06788139045238495	0.08360438048839569	0.848514199256897	0.1447843611240387	0.09788490831851959	0.7573307156562805
93	0.32251280546188354	0.17717048525810242	0.5003166794776917	0.960048496723175	0.025454659014940262	0.014496823772788048
94	0.8499184846878052	0.1304333508014679	0.01964816264808178	0.966858983039856	0.026358608156442642	0.00678240368142724
95	0.2899134159088135	0.0454307496547699	0.664655864238739	0.8687626719474792	0.03404771909117699	0.09718966484069824
96	0.05878289416432381	0.19759325683116913	0.7436238527297974	0.26859644055366516	0.09752947837114334	0.6338740587234497
97	0.05206029862165451	0.09833639115095139	0.8496033549308777	0.11548040807247162	0.044374167919158936	0.8401454091072083
98	0.8470962643623352	0.09002513438463211	0.06287863850593567	0.9260590672492981	0.0521579310297966	0.02178303338587284
99	0.510413646697998	0.14093048870563507	0.3486558496952057	0.6543917059898376	0.14273689687252045	0.2028714120388031
100	0.043580666184425354	0.13262151181697845	0.8237978219985962	0.23338738083839417	0.15456506609916687	0.612047553062439
101	0.018928775563836098	0.031141052022576332	0.9499301314353943	0.16624242067337036	0.05068071186542511	0.783076822757721
102	0.7885536551475525	0.13469521701335907	0.07675113528966904	0.9655455946922302	0.028795503079891205	0.005658818408846855
103	0.5832304358482361	0.13447634875774384	0.28229328989982605	0.8880893588066101	0.08644085377454758	0.025469724088907242
104	0.15143364667892456	0.28112226724624634	0.5674440860748291	0.6091849207878113	0.10422976315021515	0.2865853011608124
105	0.02842671610414982	0.12795910239219666	0.8436142206192017	0.057614799588918686	0.07795297354459763	0.8644322752952576
106	0.06334767490625381	0.13159838318824768	0.8050539493560791	0.5600284337997437	0.08207406848669052	0.35789743065834045
107	0.13577017188072205	0.20566979050636292	0.658560037612915	0.09515132755041122	0.15786071121692657	0.7469879984855652
108	0.19509011507034302	0.0901154950261116	0.714794397354126	0.9528998732566833	0.02621782012283802	0.020882315933704376
109	0.57669597864151	0.111844003200531	0.311460018157959	0.7724162340164185	0.06246638298034668	0.16511741280555725
110	0.15292143821716309	0.22318167984485626	0.6238968968391418	0.24920839071273804	0.11325542628765106	0.6375361680984497
111	0.08284089714288712	0.2220919132232666	0.6950671672821045	0.32560864090919495	0.16447816789150238	0.5099131464958191
112	0.9713431596755981	0.025787753984332085	0.0028690798208117485	0.9820335507392883	0.01546736340969801	0.002499166876077652
113	0.9700666666030884	0.023029228672385216	0.006904144771397114	0.9865044951438904	0.010790322907269001	0.0027052219957113266
114	0.25994673371315	0.07103411108255386	0.6690191030502319	0.3875233232975006	0.09502750635147095	0.517449140548706
115	0.15382471680641174	0.0729861930012703	0.7731890678405762	0.1567721962928772	0.0466693639755249	0.7965584397315979
116	0.05196103826165199	0.2639797031879425	0.6840592622756958	0.1450129598379135	0.17731384932994843	0.6776731610298157
117	0.030074134469032288	0.17919522523880005	0.7907305955886841	0.07234298437833786	0.15191742777824402	0.7757395505905151
118	0.12645301222801208	0.10970831662416458	0.7638387084007263	0.3186609148979187	0.09180992841720581	0.5895290970802307
119	0.9542916417121887	0.03244195133447647	0.013266360387206078	0.9832863807678223	0.010486851446330547	0.006226778496056795
120	0.02395808696746826	0.05966814234852791	0.9163737297058105	0.16677497327327728	0.06101604178547859	0.7722089886665344
121	0.043120335787534714	0.048076074570417404	0.9088035821914673	0.1244206428527832	0.045020781457424164	0.8305585384368896
122	0.025260062888264656	0.3059517741203308	0.6687881350517273	0.08192349225282669	0.2696555554866791	0.6484208703041077
123	0.833746612071991	0.09621307998895645	0.07004041969776154	0.9600600004196167	0.03126959502696991	0.008670399896800518
124	0.010456910356879234	0.07806982845067978	0.9114732146263123	0.04897352308034897	0.033208418637514114	0.917818009853363
125	0.06482306122779846	0.05126488581299782	0.8839120268821716	0.7247233390808105	0.04387674853205681	0.23139996826648712
126	0.17866994440555573	0.19794733822345734	0.6233826875686646	0.46473777294158936	0.15236377716064453	0.38289839029312134
127	0.030640624463558197	0.17289702594280243	0.7964624166488647	0.14997996389865875	0.1460074484348297	0.7040126323699951
128	0.012904895469546318	0.01489987876266241	0.9721952676773071	0.030243057757616043	0.01448899507522583	0.9552679061889648
129	0.8470962643623352	0.09002513438463211	0.06287863850593567	0.9260590672492981	0.0521579310297966	0.02178303338587284
130	0.03944440931081772	0.048970479518175125	0.9115851521492004	0.14203576743602753	0.0377616211771965	0.8202025890350342
