0	0.9064668416976929	0.06527827680110931	0.028254928067326546	0.914513349533081	0.07813166081905365	0.007354935631155968
1	0.9073092937469482	0.05634123086929321	0.036349497735500336	0.9643746614456177	0.027707664296030998	0.00791767705231905
2	0.939915657043457	0.03658110648393631	0.023503201082348824	0.9420956373214722	0.04587236046791077	0.012032000347971916
3	0.6621525883674622	0.2925068438053131	0.04534047469496727	0.5965901017189026	0.3085162043571472	0.09489365667104721
4	0.9067896604537964	0.019227687269449234	0.07398267835378647	0.7509627938270569	0.03821121156215668	0.21082602441310883
5	0.5325852632522583	0.41464608907699585	0.05276867374777794	0.9336013793945312	0.05625123903155327	0.010147434659302235
6	0.8638954758644104	0.0911448523402214	0.04495970532298088	0.9673755764961243	0.021492108702659607	0.011132268235087395
7	0.31751465797424316	0.4378654956817627	0.24461980164051056	0.6238589882850647	0.14321865141391754	0.23292237520217896
8	0.05394801124930382	0.3845827877521515	0.5614692568778992	0.3888005316257477	0.05971275642514229	0.5514867305755615
9	0.9303364157676697	0.05638947710394859	0.013274074532091618	0.9521564841270447	0.04364293813705444	0.004200642462819815
10	0.13430620729923248	0.09756790846586227	0.7681259512901306	0.8252419829368591	0.03369492292404175	0.14106310904026031
11	0.4735017418861389	0.2503635883331299	0.2761346995830536	0.6191644072532654	0.27502092719078064	0.10581464320421219
12	0.6377571225166321	0.07799475640058517	0.28424811363220215	0.5145754218101501	0.09289176762104034	0.3925327956676483
13	0.15763293206691742	0.24234072864055634	0.6000263690948486	0.06632459908723831	0.09093153476715088	0.8427439332008362
14	0.7651002407073975	0.11794822663068771	0.11695150285959244	0.9594692587852478	0.032901544123888016	0.007629192899912596
15	0.9820693731307983	0.015197928994894028	0.0027327053248882294	0.9802849292755127	0.016926394775509834	0.002788607496768236
16	0.8706994652748108	0.09992355108261108	0.029376938939094543	0.9786794185638428	0.01740216091275215	0.003918368369340897
17	0.8799952864646912	0.06747276335954666	0.052531950175762177	0.9767812490463257	0.018648579716682434	0.0045702639035880566
18	0.4101153612136841	0.28637459874153137	0.30351001024246216	0.460041880607605	0.2976657450199127	0.24229227006435394
19	0.8718150854110718	0.11177968233823776	0.016405312344431877	0.9662582874298096	0.028388211503624916	0.00535351037979126
20	0.9721612334251404	0.02206236682832241	0.0057765101082623005	0.9846845865249634	0.01291443407535553	0.0024009940680116415
21	0.6046772003173828	0.31352755427360535	0.08179522305727005	0.5480084419250488	0.41046106815338135	0.041530441492795944
22	0.6008653044700623	0.1073896661400795	0.2917450964450836	0.8776360750198364	0.07673998922109604	0.04562396928668022
23	0.7526249289512634	0.23369349539279938	0.01368156261742115	0.9698312878608704	0.025119775906205177	0.005048946011811495
24	0.1720249503850937	0.21962527930736542	0.6083498001098633	0.254206120967865	0.2652934789657593	0.4805004298686981
25	0.6270522475242615	0.28020939230918884	0.09273835271596909	0.9167143106460571	0.06617844104766846	0.017107272520661354
26	0.19459044933319092	0.7312243580818176	0.07418520748615265	0.6314364075660706	0.2581115663051605	0.11045204102993011
27	0.873341977596283	0.11537416279315948	0.011283797211945057	0.9441717267036438	0.04929971694946289	0.006528601516038179
28	0.44907626509666443	0.47265100479125977	0.07827268540859222	0.9178915619850159	0.054678190499544144	0.02743024006485939
29	0.98299640417099	0.014105239883065224	0.002898355945944786	0.98299640417099	0.014105239883065224	0.002898355945944786
30	0.16789719462394714	0.0935782715678215	0.7385245561599731	0.10233695805072784	0.10231002420186996	0.7953529953956604
31	0.2917487323284149	0.5253852605819702	0.18286603689193726	0.7600368857383728	0.19321168959140778	0.04675137996673584
32	0.9312275052070618	0.056515611708164215	0.012256955727934837	0.9810008406639099	0.01677616685628891	0.0022230069153010845
33	0.4124082028865814	0.38506174087524414	0.20253005623817444	0.7527581453323364	0.05326151102781296	0.1939803659915924
34	0.2556092441082001	0.30332350730895996	0.4410672187805176	0.22083818912506104	0.10740023851394653	0.6717615723609924
35	0.16763836145401	0.7979689836502075	0.034392643719911575	0.6043087244033813	0.32017067074775696	0.07552056014537811
36	0.9530969262123108	0.035627394914627075	0.01127567421644926	0.9718137383460999	0.02345404215157032	0.004732259549200535
37	0.7602363228797913	0.12066692858934402	0.1190967708826065	0.9524064064025879	0.03627879172563553	0.011314884759485722
38	0.6759265065193176	0.2352832704782486	0.08879020810127258	0.9200332164764404	0.07244572788476944	0.0075210388749837875
39	0.6461328268051147	0.197142094373703	0.15672506392002106	0.9409781098365784	0.02921745367348194	0.02980445697903633
40	0.5544512271881104	0.29649388790130615	0.14905492961406708	0.9135499000549316	0.06166719272732735	0.024782856926321983
41	0.4000380039215088	0.47932228446006775	0.12063968181610107	0.1923006922006607	0.6851522326469421	0.12254712730646133
42	0.8152705430984497	0.17150436341762543	0.013225097209215164	0.7938844561576843	0.18482694029808044	0.021288637071847916
43	0.6363531947135925	0.30904802680015564	0.054598744958639145	0.9131557941436768	0.06826218962669373	0.018581999465823174
44	0.22083525359630585	0.622093141078949	0.15707163512706757	0.9007211327552795	0.06259278953075409	0.0366860032081604
45	0.8242065906524658	0.16058801114559174	0.015205471776425838	0.9784774780273438	0.019301768392324448	0.002220739144831896
46	0.9822849035263062	0.015130697749555111	0.0025842960458248854	0.9801633954048157	0.017944540828466415	0.0018920630682259798
47	0.014949840493500233	0.762177050113678	0.22287313640117645	0.4727018177509308	0.4342462718486786	0.09305190294981003
48	0.9377114176750183	0.03116266429424286	0.031125864014029503	0.9839381575584412	0.010804533958435059	0.00525721674785018
49	0.6887855529785156	0.19857646524906158	0.11263801157474518	0.938433051109314	0.04080495983362198	0.020761925727128983
50	0.81130450963974	0.13779599964618683	0.05089950934052467	0.8573630452156067	0.1120101660490036	0.030626891180872917
51	0.3653455674648285	0.6085432767868042	0.02611115761101246	0.8770923018455505	0.0753111019730568	0.047596585005521774
52	0.5857908725738525	0.3838038742542267	0.030405184254050255	0.9819304347038269	0.014810101129114628	0.0032594965305179358
53	0.9204034805297852	0.07632535696029663	0.0032711068633943796	0.8840789794921875	0.10741833597421646	0.008502654731273651
54	0.9057027697563171	0.05947762727737427	0.03481964394450188	0.9752665758132935	0.019941452890634537	0.004792059771716595
55	0.9252179861068726	0.04910412058234215	0.025677921250462532	0.960349977016449	0.030780266970396042	0.008869740180671215
56	0.8879950046539307	0.07461289316415787	0.03739222139120102	0.9614536166191101	0.0317358523607254	0.00681045837700367
57	0.8701987266540527	0.11690851300954819	0.012892741709947586	0.8051723837852478	0.18277770280838013	0.012049892917275429
58	0.5915213227272034	0.11605530977249146	0.29242339730262756	0.8162932395935059	0.03591373190283775	0.1477930247783661
59	0.8263145089149475	0.08571549504995346	0.08796986192464828	0.7116832733154297	0.2309492528438568	0.057367414236068726
60	0.7526641488075256	0.19826196134090424	0.04907399043440819	0.9682649374008179	0.025797707960009575	0.0059372358955442905
61	0.5925351977348328	0.34973829984664917	0.05772655829787254	0.9573304653167725	0.0333586223423481	0.009310950525105
62	0.9271644949913025	0.0357666015625	0.03706888109445572	0.983993649482727	0.014157445169985294	0.0018489238573238254
63	0.7441940903663635	0.06868323683738708	0.187122642993927	0.7011750936508179	0.06545042246580124	0.2333744913339615
64	0.029559975489974022	0.036149393767118454	0.9342906475067139	0.04943470284342766	0.025331489741802216	0.925233781337738
65	0.40374940633773804	0.5422123670578003	0.054038260132074356	0.9530207514762878	0.041415486484766006	0.005563762970268726
66	0.9659228324890137	0.02748272754251957	0.006594513077288866	0.9532941579818726	0.03967748582363129	0.007028368767350912
67	0.10520167648792267	0.06402385234832764	0.8307744860649109	0.1180589571595192	0.18532077968120575	0.6966202855110168
68	0.44406306743621826	0.38481587171554565	0.1711210310459137	0.48094454407691956	0.29177817702293396	0.22727720439434052
69	0.8009316325187683	0.14381547272205353	0.05525295063853264	0.43156495690345764	0.30226752161979675	0.26616746187210083
70	0.7356563210487366	0.24678641557693481	0.017557336017489433	0.9823201298713684	0.013400129042565823	0.004279718734323978
71	0.6887709498405457	0.25156456232070923	0.059664543718099594	0.6483670473098755	0.26747894287109375	0.08415397256612778
72	0.28324583172798157	0.2319188117980957	0.48483535647392273	0.9639909863471985	0.027476387098431587	0.008532646112143993
73	0.894849956035614	0.10232267528772354	0.0028273919597268105	0.9825109839439392	0.014940767548978329	0.0025482219643890858
74	0.6870890259742737	0.17110098898410797	0.14180999994277954	0.9741916060447693	0.01842024363577366	0.007388073019683361
75	0.6432647109031677	0.0915604829788208	0.2651747763156891	0.8580591678619385	0.09211055189371109	0.049830228090286255
76	0.9568194150924683	0.03292589634656906	0.01025475189089775	0.9794142842292786	0.017003420740365982	0.0035822491627186537
77	0.9439371228218079	0.036054082214832306	0.02000882849097252	0.9744093418121338	0.020122608169913292	0.005468015559017658
78	0.014796481467783451	0.014736779034137726	0.9704667925834656	0.023949718102812767	0.03762177377939224	0.938428521156311
79	0.7500489950180054	0.10721828788518906	0.1427326649427414	0.9698290228843689	0.023360805585980415	0.006810112856328487
80	0.8097019195556641	0.11321063339710236	0.0770874172449112	0.9677514433860779	0.02576526626944542	0.006483236327767372
81	0.9362955689430237	0.04651865363121033	0.017185794189572334	0.9735402464866638	0.020376019179821014	0.0060837590135633945
82	0.9768421053886414	0.021586183458566666	0.0015716926427558064	0.9714058041572571	0.02705877274274826	0.001535434857942164
83	0.2861519157886505	0.6680684685707092	0.045779626816511154	0.8696316480636597	0.11904069781303406	0.011327562853693962
84	0.3200947344303131	0.11227058619260788	0.5676347017288208	0.14972686767578125	0.1692170798778534	0.681056022644043
85	0.3290706276893616	0.631397545337677	0.03953184187412262	0.9711048007011414	0.02442924492061138	0.004466010257601738
86	0.5448322892189026	0.394648015499115	0.0605197474360466	0.8780884146690369	0.09692930430173874	0.024982260540127754
87	0.22398431599140167	0.6681976318359375	0.10781801491975784	0.9414690732955933	0.029095184057950974	0.029435712844133377
88	0.5509423613548279	0.18070967495441437	0.26834794878959656	0.6812314391136169	0.2754792869091034	0.04328925535082817
89	0.4709353744983673	0.46154358983039856	0.06752102822065353	0.9500930309295654	0.04294542968273163	0.006961490493267775
90	0.3966522514820099	0.3281605839729309	0.2751871943473816	0.4028034806251526	0.18226996064186096	0.41492652893066406
91	0.6002288460731506	0.15840907394886017	0.24136210978031158	0.38430771231651306	0.2212802916765213	0.39441201090812683
92	0.21754038333892822	0.6008603572845459	0.18159924447536469	0.6559845805168152	0.11360102146863937	0.23041440546512604
93	0.7461841106414795	0.16243113577365875	0.09138474613428116	0.9108373522758484	0.06503221392631531	0.024130482226610184
94	0.6021504402160645	0.360054612159729	0.03779496252536774	0.20611472427845	0.7573950290679932	0.036490269005298615
95	0.5127736926078796	0.34503597021102905	0.14219032227993011	0.5525087714195251	0.34016740322113037	0.10732387006282806
96	0.9514958262443542	0.033962711691856384	0.014541427604854107	0.9648607969284058	0.031210899353027344	0.003928234335035086
97	0.38251352310180664	0.3672042787075043	0.2502821683883667	0.6094356775283813	0.21020835638046265	0.18035589158535004
98	0.5560539364814758	0.4123257100582123	0.0316203273832798	0.9611599445343018	0.03507097437977791	0.003769035218283534
99	0.5044751763343811	0.21710708737373352	0.27841776609420776	0.7568173408508301	0.07831262797117233	0.16487003862857819
100	0.7444444298744202	0.11735150218009949	0.13820409774780273	0.16397704184055328	0.7563958764076233	0.07962709665298462
101	0.8682146072387695	0.1086382195353508	0.023147154599428177	0.977594792842865	0.018456099554896355	0.003949154168367386
102	0.42719194293022156	0.49378737807273865	0.07902072370052338	0.9636653065681458	0.027503734454512596	0.008831063285470009
103	0.9226910471916199	0.06559145450592041	0.01171750109642744	0.9659198522567749	0.027742650359869003	0.006337505765259266
104	0.5254970192909241	0.4280727505683899	0.04643017426133156	0.959925651550293	0.018776534125208855	0.02129773236811161
105	0.36032986640930176	0.4543062746524811	0.18536387383937836	0.6385627388954163	0.16553615033626556	0.1959010660648346
106	0.8599973917007446	0.1128748208284378	0.02712787687778473	0.9673694372177124	0.028407035395503044	0.004223581403493881
107	0.893231987953186	0.03174200654029846	0.0750259980559349	0.5763511657714844	0.05506165698170662	0.3685871958732605
108	0.9197642803192139	0.05863814428448677	0.021597538143396378	0.9748317003250122	0.020578403025865555	0.004589918069541454
109	0.9056690335273743	0.06515705585479736	0.029173968359827995	0.9741634130477905	0.02332977205514908	0.0025067494716495275
110	0.40562644600868225	0.19112612307071686	0.4032474160194397	0.2516604959964752	0.1609223186969757	0.5874171853065491
111	0.09602824598550797	0.5450689792633057	0.35890281200408936	0.32099393010139465	0.17688244581222534	0.5021235942840576
112	0.7095907926559448	0.19871479272842407	0.09169437736272812	0.9715340733528137	0.024131765589118004	0.004334165249019861
113	0.923302412033081	0.04661071300506592	0.030086778104305267	0.9690778255462646	0.02755759470164776	0.0033645934890955687
114	0.4407127797603607	0.1414133906364441	0.41787391901016235	0.16167092323303223	0.43349048495292664	0.40483853220939636
115	0.7685750126838684	0.14130279421806335	0.09012214094400406	0.9820402264595032	0.014649194665253162	0.003310550469905138
116	0.7845767140388489	0.1693863868713379	0.04603686183691025	0.9490079879760742	0.040550049394369125	0.0104419756680727
117	0.3101181089878082	0.561561107635498	0.12832072377204895	0.939747154712677	0.04180891811847687	0.018443964421749115
118	0.41638046503067017	0.3499850332736969	0.23363453149795532	0.4199306070804596	0.30361461639404297	0.27645471692085266
119	0.7718271613121033	0.06710484623908997	0.16106805205345154	0.950949490070343	0.031056834384799004	0.017993615940213203
120	0.8836215138435364	0.10785995423793793	0.008518541231751442	0.9715623259544373	0.025807799771428108	0.002629852155223489
121	0.8348478674888611	0.0876595675945282	0.07749255746603012	0.9377145767211914	0.04433596879243851	0.01794941909611225
122	0.9665166735649109	0.021056968718767166	0.012426318600773811	0.9640243053436279	0.021696049720048904	0.01427952479571104
123	0.2229636311531067	0.15854381024837494	0.6184925436973572	0.4606435298919678	0.14757928252220154	0.3917772173881531
124	0.4421464204788208	0.4116252362728119	0.14622832834720612	0.742544949054718	0.1966235488653183	0.060831476002931595
125	0.19523893296718597	0.7925411462783813	0.01221993938088417	0.9077118039131165	0.07722609490156174	0.015062077902257442
126	0.7278136014938354	0.2218879610300064	0.05029841139912605	0.9311783909797668	0.053882550448179245	0.014939017593860626
127	0.12964937090873718	0.6801197528839111	0.19023080170154572	0.6523662209510803	0.2599155306816101	0.08771824091672897
128	0.8028998970985413	0.10950970649719238	0.08759047091007233	0.7109746336936951	0.10404419898986816	0.18498113751411438
129	0.866524875164032	0.08685944974422455	0.04661567136645317	0.8744716644287109	0.0830560252070427	0.042472243309020996
130	0.8663540482521057	0.08879579603672028	0.04485015571117401	0.9613683819770813	0.031648777425289154	0.006982793565839529
131	0.4033178687095642	0.43950164318084717	0.15718045830726624	0.5205948948860168	0.3275376856327057	0.15186741948127747
132	0.06534561514854431	0.469475656747818	0.4651786684989929	0.6157038807868958	0.05374673381447792	0.3305493891239166
133	0.8283932209014893	0.09070923924446106	0.08089758455753326	0.9094358682632446	0.05894911661744118	0.031614985316991806
134	0.9135555624961853	0.0513257272541523	0.03511866554617882	0.959919273853302	0.03198514133691788	0.008095514960587025
135	0.5066096186637878	0.34901440143585205	0.1443759649991989	0.9345609545707703	0.042480386793613434	0.0229586660861969
136	0.8923381567001343	0.06110851839184761	0.0465533509850502	0.9665380716323853	0.02795826457440853	0.005503712687641382
137	0.9745815992355347	0.02223721332848072	0.003181271953508258	0.9722974300384521	0.025040175765752792	0.0026623650919646025
138	0.3349107801914215	0.13044553995132446	0.5346437096595764	0.5800800919532776	0.029755786061286926	0.3901640772819519
139	0.9676680564880371	0.02751358412206173	0.004818332847207785	0.9818511009216309	0.015940990298986435	0.002207893878221512
140	0.9796755313873291	0.017238236963748932	0.0030862523708492517	0.9805178642272949	0.016420550644397736	0.003061573952436447
141	0.8484402894973755	0.12471190094947815	0.026847805827856064	0.9501770734786987	0.042111750692129135	0.007711219601333141
142	0.08900029212236404	0.0947500541806221	0.8162497282028198	0.3785278797149658	0.12127631902694702	0.5001957416534424
143	0.9382016062736511	0.04380635917186737	0.01799195632338524	0.943192183971405	0.04910491779446602	0.0077028716914355755
144	0.8682496547698975	0.117813341319561	0.013936963863670826	0.9729987978935242	0.02468722127377987	0.0023139656987041235
145	0.8948044180870056	0.08390483260154724	0.021290667355060577	0.9783604145050049	0.01791759580373764	0.003722036723047495
146	0.8621095418930054	0.11170248687267303	0.026187900453805923	0.9387080669403076	0.05442395433783531	0.006867911666631699
147	0.9665055274963379	0.026551539078354836	0.006942906882613897	0.9817017316818237	0.014888742938637733	0.003409447381272912
148	0.6955947279930115	0.12649868428707123	0.1779065877199173	0.9746208190917969	0.01821795292198658	0.007161256857216358
149	0.8794265389442444	0.08964002877473831	0.030933339148759842	0.9626171588897705	0.03168636932969093	0.005696495529264212
150	0.8980588912963867	0.0809108316898346	0.021030258387327194	0.902518093585968	0.07747245579957962	0.020009426400065422
151	0.6193554997444153	0.29815733432769775	0.08248714357614517	0.9703949093818665	0.023978345096111298	0.005626625847071409
152	0.9649071097373962	0.031404681503772736	0.003688174532726407	0.9390780925750732	0.05833522975444794	0.002586635295301676
153	0.7263652682304382	0.13662369549274445	0.1370110958814621	0.9599204063415527	0.032531216740608215	0.00754839600995183
154	0.7675204873085022	0.12382452934980392	0.10865499824285507	0.9090536236763	0.051913414150476456	0.039032936096191406
155	0.01743881031870842	0.0789191722869873	0.9036419987678528	0.0855942964553833	0.042408592998981476	0.8719971179962158
156	0.8279101848602295	0.15186937153339386	0.020220421254634857	0.8398285508155823	0.14397163689136505	0.01619984768331051
157	0.09886729717254639	0.7945237755775452	0.10660900920629501	0.8211894035339355	0.07255663722753525	0.1062539666891098
158	0.06894246488809586	0.675474226474762	0.2555832862854004	0.35215088725090027	0.2805006802082062	0.36734843254089355
159	0.2745048999786377	0.3595649003982544	0.3659302294254303	0.21250860393047333	0.4568185806274414	0.3306728005409241
160	0.94621342420578	0.03318784013390541	0.020598722621798515	0.9675787687301636	0.021036436781287193	0.011384869925677776
161	0.8970850110054016	0.08707766234874725	0.015837308019399643	0.7520934343338013	0.23182834684848785	0.016078175976872444
162	0.0369783453643322	0.08058735728263855	0.8824342489242554	0.028214339166879654	0.05264377221465111	0.9191418886184692
163	0.9587714672088623	0.035666026175022125	0.005562443286180496	0.9706668853759766	0.02447013184428215	0.004862876143306494
164	0.857322096824646	0.0980185866355896	0.04465930536389351	0.9659929275512695	0.026722418144345284	0.007284714840352535
165	0.10179588198661804	0.03785419464111328	0.8603499531745911	0.24693527817726135	0.03620245307683945	0.7168623208999634
166	0.9623661637306213	0.030408484861254692	0.007225387264043093	0.9830033183097839	0.015023886226117611	0.0019727686885744333
167	0.7429456114768982	0.19281283020973206	0.06424155831336975	0.9329286217689514	0.05763048678636551	0.009440804831683636
168	0.5423139333724976	0.0834440216422081	0.37424206733703613	0.9524584412574768	0.027700243517756462	0.019841322675347328
169	0.3237144649028778	0.14903058111667633	0.5272549390792847	0.633114218711853	0.13808506727218628	0.2288007140159607
170	0.6995878219604492	0.26000985503196716	0.04040224850177765	0.9639010429382324	0.028910798951983452	0.007188160438090563
171	0.836227297782898	0.09585127979516983	0.06792152673006058	0.9506487250328064	0.03228030353784561	0.01707095094025135
172	0.11535463482141495	0.8200168013572693	0.06462857127189636	0.4856787323951721	0.24062097072601318	0.2737003266811371
173	0.8669841885566711	0.08033733069896698	0.05267854779958725	0.5029420852661133	0.21194390952587128	0.285114049911499
174	0.020459191873669624	0.25942936539649963	0.7201114296913147	0.02851966582238674	0.03918078914284706	0.9322996139526367
175	0.15837323665618896	0.28171196579933167	0.559914767742157	0.9210371375083923	0.04413182660937309	0.03483103588223457
176	0.9445609450340271	0.03844195604324341	0.01699717529118061	0.9755542874336243	0.016148600727319717	0.008297035470604897
177	0.7727336287498474	0.1707693338394165	0.05649704858660698	0.9304066896438599	0.04600591957569122	0.023587478324770927
178	0.4643450081348419	0.16993671655654907	0.36571821570396423	0.7303404808044434	0.08962081372737885	0.18003880977630615
179	0.059991706162691116	0.06173684075474739	0.8782714605331421	0.03158097714185715	0.042999040335416794	0.9254199266433716
180	0.8876369595527649	0.06601051241159439	0.04635254293680191	0.9459047913551331	0.02595444768667221	0.028140807524323463
181	0.9351227879524231	0.04825489968061447	0.016622256487607956	0.9833773374557495	0.014513269998133183	0.002109438180923462
182	0.9506115317344666	0.04524434730410576	0.004144024103879929	0.9059405326843262	0.09022928029298782	0.003830228466540575
183	0.18055395781993866	0.5857481360435486	0.23369789123535156	0.8685659170150757	0.07036833465099335	0.06106572970747948
184	0.9729098677635193	0.02322598733007908	0.003864159109070897	0.9746928215026855	0.021532265469431877	0.0037748219911009073
185	0.9422249794006348	0.04660637676715851	0.011168642900884151	0.9838257431983948	0.012921173125505447	0.0032530527096241713
186	0.41370075941085815	0.19238130748271942	0.39391791820526123	0.5825254321098328	0.14061512053012848	0.27685946226119995
187	0.19733776152133942	0.7883309125900269	0.014331257902085781	0.9344191551208496	0.0563633106648922	0.009217526763677597
188	0.9877912998199463	0.008673620410263538	0.0035351044498384	0.9898974895477295	0.007859811186790466	0.0022426515351980925
189	0.774996817111969	0.07116474956274033	0.15383847057819366	0.9863497614860535	0.010145298205316067	0.003504854394122958
190	0.8431135416030884	0.1016131043434143	0.05527333542704582	0.8186069130897522	0.08557125926017761	0.09582182765007019
191	0.9357795715332031	0.03807300329208374	0.02614734135568142	0.9331318736076355	0.0353708453476429	0.031497225165367126
192	0.6734082102775574	0.3118762671947479	0.014715531840920448	0.9884482026100159	0.009877003729343414	0.0016748077468946576
193	0.22934849560260773	0.5550034046173096	0.21564805507659912	0.7861068248748779	0.19964897632598877	0.014244168996810913
194	0.28984418511390686	0.36855608224868774	0.341599702835083	0.7973963618278503	0.05515367537736893	0.14744998514652252
195	0.9565615653991699	0.03830552101135254	0.00513292383402586	0.9738093614578247	0.021812833845615387	0.004377789795398712
196	0.2021176964044571	0.7592886686325073	0.03859361261129379	0.10226446390151978	0.678499698638916	0.2192358672618866
197	0.9613359570503235	0.02610972337424755	0.012554288841784	0.8593696355819702	0.11364541947841644	0.026984872296452522
198	0.8862205147743225	0.11014854162931442	0.0036309384740889072	0.9703052639961243	0.02562767080962658	0.004067015368491411
199	0.012441329658031464	0.0252296794205904	0.9623289704322815	0.029711555689573288	0.010991727001965046	0.9592967629432678
