0	0.997850775718689	0.0019952559377998114	0.00015396815433632582	0.9978660941123962	0.001960468478500843	0.00017349848349113017
1	0.9965730905532837	0.003232074435800314	0.0001948876160895452	0.995863676071167	0.0039647906087338924	0.00017148774350062013
2	0.9684585928916931	0.030332304537296295	0.0012091026874259114	0.9238210320472717	0.07139457017183304	0.0047844452783465385
3	0.9969038367271423	0.0029434491880238056	0.00015267798153217882	0.9968968629837036	0.0029464715626090765	0.00015662102669011801
4	0.9961846470832825	0.0035905695986002684	0.00022479379549622536	0.9951730370521545	0.004606794565916061	0.00022014349815435708
5	0.9971776008605957	0.002635899931192398	0.00018649744743015617	0.9970799088478088	0.0027064166497439146	0.00021366550936363637
6	0.9947150349617004	0.005063236691057682	0.0002217022265540436	0.9937176704406738	0.006040572188794613	0.0002417841023998335
7	0.9965831637382507	0.0032133760396391153	0.00020349786791484803	0.9969336986541748	0.002877204678952694	0.00018902641022577882
8	0.994667649269104	0.0051044863648712635	0.00022794563847128302	0.9941360950469971	0.005620455835014582	0.000243410438997671
9	0.9916149377822876	0.008038172498345375	0.0003468775248620659	0.9906953573226929	0.009013714268803596	0.00029090617317706347
10	0.9918957352638245	0.00771695701405406	0.00038735303678549826	0.9696453809738159	0.029083313420414925	0.0012712733587250113
11	0.995932400226593	0.0037817698903381824	0.00028586218832060695	0.9939956068992615	0.005799788516014814	0.00020458971266634762
12	0.9890092015266418	0.01046388503164053	0.0005268659442663193	0.9902186989784241	0.00927163939923048	0.0005097038811072707
13	0.996402382850647	0.003340618684887886	0.0002569954958744347	0.9949530959129333	0.00479977997019887	0.00024704192765057087
14	0.9942966103553772	0.005324667785316706	0.0003786895831581205	0.9925766587257385	0.007117637433111668	0.0003056893474422395
15	0.9957143664360046	0.0040944586507976055	0.0001911879808176309	0.9934775829315186	0.0063112638890743256	0.00021113931143190712
16	0.9873661994934082	0.012205392122268677	0.0004283747693989426	0.987664520740509	0.011926449835300446	0.00040904927300289273
17	0.994564414024353	0.0052492194809019566	0.00018638960318639874	0.9856275320053101	0.014170658774673939	0.00020181645231787115
18	0.9444528222084045	0.052154455333948135	0.003392728976905346	0.9536551237106323	0.025629255920648575	0.020715633407235146
19	0.9952867031097412	0.004430842585861683	0.00028242162079550326	0.9958940744400024	0.003817996010184288	0.0002879569074138999
20	0.9966017007827759	0.0032217667903751135	0.0001764552725944668	0.9966250658035278	0.0031945831142365932	0.0001803400373319164
21	0.9962133765220642	0.003511099610477686	0.00027550384402275085	0.9972881078720093	0.0024697384797036648	0.00024221633793786168
22	0.9953380823135376	0.004399904049932957	0.0002619921579025686	0.9959760308265686	0.0038188144098967314	0.00020519801182672381
23	0.9926182627677917	0.0071642217226326466	0.00021752431348431855	0.992077112197876	0.007705905940383673	0.00021702623052988201
24	0.9951672554016113	0.004602569621056318	0.00023019674699753523	0.9951727986335754	0.0045738560147583485	0.000253297301242128
25	0.9953574538230896	0.0044579156674444675	0.0001845961669459939	0.9952001571655273	0.004605736117810011	0.0001940566289704293
26	0.9924179315567017	0.007320858538150787	0.0002611968666315079	0.9917604923248291	0.007998454384505749	0.00024100248992908746
27	0.9972479939460754	0.002512184903025627	0.00023975125805009156	0.997386634349823	0.002408945234492421	0.00020446295093279332
28	0.9951016306877136	0.004740080330520868	0.00015834819350857288	0.9967005848884583	0.003145836992189288	0.00015355633513536304
29	0.996964156627655	0.0028410274535417557	0.0001947576238308102	0.9965440630912781	0.0032620574347674847	0.00019393065304029733
30	0.9965575933456421	0.003201407380402088	0.00024104701878968626	0.9956755042076111	0.004033264238387346	0.0002912225900217891
31	0.9807029962539673	0.018674351274967194	0.0006225919933058321	0.9728042483329773	0.026445765048265457	0.000749925384297967
32	0.9949753284454346	0.004752554930746555	0.00027207712992094457	0.9940890073776245	0.005665887612849474	0.0002451470063533634
33	0.992350161075592	0.006150387227535248	0.0014994724187999964	0.9935368895530701	0.005685465410351753	0.0007776632555760443
34	0.9951116442680359	0.0045652976259589195	0.00032309885136783123	0.9954427480697632	0.004213578999042511	0.0003436460392549634
35	0.996323823928833	0.0034909704700112343	0.00018519136938266456	0.9964653253555298	0.003355175256729126	0.0001794467243598774
36	0.9966435432434082	0.0031075445003807545	0.0002489559992682189	0.9963685274124146	0.00340471975505352	0.0002268079697387293
37	0.9943190217018127	0.005440785549581051	0.00024020114506129175	0.993169903755188	0.006607220508158207	0.0002228490193374455
38	0.6948096752166748	0.048136986792087555	0.25705334544181824	0.32874587178230286	0.03133418411016464	0.6399199366569519
39	0.9960860013961792	0.0036256571765989065	0.0002882866538129747	0.9961788654327393	0.003562222933396697	0.00025889722746796906
40	0.99543297290802	0.0039779264479875565	0.0005891310865990818	0.014362175017595291	0.9830405116081238	0.00259740324690938
41	0.9968143105506897	0.0029864853713661432	0.00019921583589166403	0.9960727691650391	0.003765425179153681	0.00016178189252968878
42	0.9814093112945557	0.017995411530137062	0.0005952601786702871	0.7293926477432251	0.26517871022224426	0.005428584758192301
43	0.9944283962249756	0.005329399835318327	0.00024224980734288692	0.9941853880882263	0.005583760794252157	0.0002308857801835984
44	0.9975953698158264	0.002192071871832013	0.00021253331215120852	0.997469425201416	0.0023032419849187136	0.00022733915830031037
45	0.9299122095108032	0.06521575152873993	0.0048720031045377254	0.9229774475097656	0.07208805531263351	0.004934427794069052
46	0.9921808242797852	0.00741470605134964	0.00040444370824843645	0.9971184730529785	0.0026848185807466507	0.00019667361630126834
47	0.09026626497507095	0.8966440558433533	0.013089650310575962	0.488779753446579	0.1557639092206955	0.3554563820362091
48	0.9965104460716248	0.0033268609549850225	0.000162698415806517	0.9960676431655884	0.003769679693505168	0.0001626787125132978
49	0.9920740127563477	0.0075861127115786076	0.0003398190310690552	0.9913759827613831	0.008260740898549557	0.00036327040288597345
50	0.9969992637634277	0.002710107946768403	0.00029066522256471217	0.9973335266113281	0.002414959715679288	0.0002515388769097626
51	0.9949883818626404	0.004783202428370714	0.00022833008551970124	0.9949789643287659	0.004835832864046097	0.00018523828475736082
52	0.9920334219932556	0.006422257516533136	0.0015443182783201337	0.9594494104385376	0.03716205060482025	0.003388522658497095
53	0.9946500658988953	0.005073522683233023	0.00027643845533020794	0.9951332211494446	0.004565848968923092	0.0003009059582836926
54	0.2202364206314087	0.7669568061828613	0.012806742452085018	0.599124550819397	0.22825227677822113	0.17262312769889832
55	0.9953868985176086	0.004471604712307453	0.00014150483184494078	0.9945785999298096	0.005293606780469418	0.00012776585936080664
56	0.9953615069389343	0.004348206799477339	0.00029026801348663867	0.16636516153812408	0.8303074836730957	0.0033272849395871162
57	0.9970563650131226	0.0027404476422816515	0.00020324414072092623	0.05121031031012535	0.9334909319877625	0.015298747457563877
58	0.9958788156509399	0.0038395333103835583	0.0002816492924466729	0.01296236738562584	0.9856454730033875	0.0013921571662649512
59	0.9963932633399963	0.0033506385516375303	0.00025608279975131154	0.9972097277641296	0.0025661548133939505	0.0002241715556010604
60	0.9963615536689758	0.0034648138098418713	0.00017363416554871947	0.9942161440849304	0.0056137568317353725	0.00017015203775372356
61	0.9963273406028748	0.003480685641989112	0.00019202237308491021	0.9930659532546997	0.006763636600226164	0.00017036836652550846
62	0.9913583993911743	0.008454041555523872	0.0001875517045846209	0.9913139939308167	0.008488219231367111	0.0001977988431463018
63	0.9910186529159546	0.007993843406438828	0.0009874943643808365	0.9927485585212708	0.0067569720558822155	0.0004944616812281311
64	0.9951625466346741	0.004653322976082563	0.00018410875054541975	0.995547890663147	0.004276335705071688	0.00017580734856892377
65	0.9896125197410583	0.009881097823381424	0.0005063571152277291	0.9823783040046692	0.01683773845434189	0.000783892348408699
66	0.9952098727226257	0.004621533211320639	0.00016866465739440173	0.9915692210197449	0.00826358888298273	0.00016719703853596002
67	0.9950147271156311	0.004734845831990242	0.00025044046924449503	0.994084894657135	0.005652970168739557	0.0002621838357299566
68	0.997016429901123	0.0028131380677223206	0.000170455954503268	0.9972795844078064	0.002563958056271076	0.00015651537978556007
69	0.9961040019989014	0.0036597049329429865	0.00023626700567547232	0.9968861937522888	0.0029228527564555407	0.00019096444884780794
70	0.9923667311668396	0.00732404924929142	0.0003092157712671906	0.03031032346189022	0.9691418409347534	0.0005478800740092993
71	0.9950408339500427	0.0047295275144279	0.00022971598082222044	0.9863142967224121	0.013320068828761578	0.00036558471038006246
72	0.9946491122245789	0.0049774423241615295	0.0003735064819920808	0.8519105315208435	0.14673557877540588	0.001353942439891398
73	0.9933716058731079	0.00623891968280077	0.00038943879189901054	0.9939175248146057	0.005737888626754284	0.0003445794282015413
74	0.9899755120277405	0.009737391024827957	0.0002871229371521622	0.9875340461730957	0.012122555635869503	0.0003434511017985642
75	0.9903504252433777	0.008884265087544918	0.0007652520434930921	0.9889715313911438	0.010098828002810478	0.0009296611533500254
76	0.9968709349632263	0.0029737602453678846	0.00015530629025306553	0.9967653751373291	0.0030737335328012705	0.0001608578604646027
77	0.9943002462387085	0.005564369261264801	0.00013538106577470899	0.9939101934432983	0.005955708213150501	0.00013406382640823722
78	0.9977477192878723	0.0019727107137441635	0.00027950198273174465	0.9975190162658691	0.0022623499389737844	0.0002186316269217059
79	0.9876148700714111	0.012062354944646358	0.0003227544075343758	0.986696183681488	0.012971997261047363	0.00033184170024469495
80	0.996163010597229	0.003510048147290945	0.0003269084554631263	0.9960820078849792	0.00360696273855865	0.00031104189110919833
81	0.9945782423019409	0.005185247398912907	0.00023656159464735538	0.9903655052185059	0.009330647997558117	0.00030382792465388775
82	0.07965177297592163	0.01790572516620159	0.902442455291748	0.004597142804414034	0.011340571567416191	0.9840623736381531
83	0.997438907623291	0.0022958198096603155	0.00026521793915890157	0.9972320199012756	0.0025277461390942335	0.00024024660524446517
84	0.9891342520713806	0.010659527964890003	0.0002062647690763697	0.9896120429039001	0.01018561702221632	0.00020232739916536957
85	0.9961032867431641	0.003636139677837491	0.00026057055220007896	0.9959303736686707	0.0037563422229140997	0.00031325442250818014
86	0.9927070736885071	0.00707392068579793	0.00021904580353293568	0.9928849339485168	0.006908497307449579	0.00020651562954299152
87	0.9408154487609863	0.05104710906744003	0.008137386292219162	0.8704445958137512	0.1262623518705368	0.0032930122688412666
88	0.8704210519790649	0.09279146045446396	0.036787502467632294	0.48826849460601807	0.18063674867153168	0.33109474182128906
89	0.9957482218742371	0.004062952473759651	0.00018879244453273714	0.9931214451789856	0.006608353462070227	0.0002701919584069401
90	0.995502769947052	0.00422610342502594	0.00027114557451568544	0.9878623485565186	0.011757503263652325	0.0003801820275839418
91	0.9971189498901367	0.0025997052434831858	0.00028134352760389447	0.9971202611923218	0.002558738924562931	0.0003209798305761069
92	0.9973629117012024	0.0024875085800886154	0.00014956833911128342	0.9973719120025635	0.0024787725415080786	0.0001493598538218066
93	0.9965173006057739	0.0032269966322928667	0.0002556570980232209	0.9939782619476318	0.00560853723436594	0.0004132154572289437
94	0.9951658248901367	0.00446530943736434	0.00036886456655338407	0.069276362657547	0.9259687066078186	0.004754878114908934
95	0.9974874258041382	0.0023582777939736843	0.00015430405619554222	0.9973763227462769	0.0024808822199702263	0.00014276689034886658
96	0.9963774085044861	0.003428875934332609	0.0001937745400937274	0.995530903339386	0.004300003871321678	0.00016916067397687584
97	0.9966443777084351	0.0031337663531303406	0.00022184388944879174	0.9968487620353699	0.0029171109199523926	0.00023412107839249074
98	0.9971930384635925	0.0026387639809399843	0.00016823082114569843	0.9953095316886902	0.004479319788515568	0.00021109860972501338
99	0.9975615739822388	0.002285683061927557	0.0001527877466287464	0.9968484044075012	0.0029713346157222986	0.00018026420730166137
100	0.979956865310669	0.019464945420622826	0.0005782144726254046	0.9787061810493469	0.02068396843969822	0.0006098669837228954
101	0.9901199340820312	0.00943420734256506	0.0004458903567865491	0.9931153655052185	0.006399742793291807	0.0004849163815379143
102	0.0024112293031066656	0.03921865299344063	0.9583701491355896	0.004544935654848814	0.02530786208808422	0.9701472520828247
103	0.9917433857917786	0.00798350851982832	0.00027303636306896806	0.9949823021888733	0.004798118025064468	0.0002196100540459156
104	0.9847484230995178	0.014961330220103264	0.0002902960986830294	0.8467109799385071	0.15224432945251465	0.0010446618543937802
105	0.9967610239982605	0.0029399502091109753	0.00029908231226727366	0.9949711561203003	0.004766187630593777	0.0002626634668558836
106	0.9969543218612671	0.002756101544946432	0.00028959379415027797	0.9964750409126282	0.003265510546043515	0.00025941221974790096
107	0.9970462918281555	0.0027465878520160913	0.00020710506942123175	0.996887743473053	0.0029486441053450108	0.00016361987218260765
108	0.9970611929893494	0.002785468939691782	0.00015329798043239862	0.997681736946106	0.002152807777747512	0.0001654227526159957
109	0.9905166029930115	0.0074722846038639545	0.0020111401099711657	0.9917094111442566	0.006805045995861292	0.001485611079260707
110	0.9960867166519165	0.0037510981783270836	0.00016214142669923604	0.9967350363731384	0.0031126707326620817	0.0001522663951618597
111	0.9959757924079895	0.0037843429017812014	0.00023984306608326733	0.9962636828422546	0.003505027387291193	0.0002313073055120185
112	0.9241230487823486	0.07521995902061462	0.0006569231627508998	0.9137058258056641	0.08570890873670578	0.0005852824542671442
113	0.592424213886261	0.40627580881118774	0.0012999518075957894	0.24872855842113495	0.7331078052520752	0.018163619562983513
114	0.994594395160675	0.005227755289524794	0.00017780173220671713	0.9946646690368652	0.005159201566129923	0.00017609585484024137
115	0.9970364570617676	0.0027136525604873896	0.00024994215345941484	0.9971376657485962	0.0025977331679314375	0.0002645526546984911
116	0.9964680671691895	0.003325927769765258	0.00020596693502739072	0.9955508708953857	0.00425083190202713	0.0001982698740903288
117	0.9948057532310486	0.0050420621410012245	0.00015218007320072502	0.9853773713111877	0.014407744631171227	0.00021489882783498615
118	0.986998975276947	0.012500393204391003	0.0005006594001315534	0.9960324168205261	0.0035787352826446295	0.0003888868959620595
119	0.9962303042411804	0.003572763642296195	0.00019695113587658852	0.9967572093009949	0.0030423433054238558	0.00020045303972437978
120	0.9965829253196716	0.0030802821274846792	0.00033677005558274686	0.9969527721405029	0.002797273686155677	0.000249963573878631
121	0.9977565407752991	0.001999399857595563	0.00024413198116235435	0.9973830580711365	0.0022722205612808466	0.00034474566928111017
122	0.9956467747688293	0.004199829883873463	0.0001534165203338489	0.9956697225570679	0.0041723186150193214	0.00015793352213222533
123	0.9952340722084045	0.004333831835538149	0.00043205684050917625	0.9953939914703369	0.004342592321336269	0.0002634968259371817
124	0.9909573793411255	0.008149915374815464	0.0008926907903514802	0.9961578249931335	0.0034429198130965233	0.0003992443671450019
125	0.9960432052612305	0.003316435031592846	0.0006403730949386954	0.9901907444000244	0.008941691368818283	0.0008675274439156055
126	0.8374523520469666	0.009812219068408012	0.15273535251617432	0.7288808226585388	0.05794542655348778	0.21317367255687714
127	0.9962602853775024	0.003574362024664879	0.00016540983051527292	0.9960452914237976	0.003757073078304529	0.00019756690016947687
128	0.01660003513097763	0.0032399583142250776	0.9801599979400635	0.024175750091671944	0.005799176637083292	0.9700250625610352
129	0.9938415288925171	0.0058893547393381596	0.00026914809131994843	0.9929025769233704	0.0068274554796516895	0.00026995601365342736
130	0.993358314037323	0.005880939308553934	0.000760688679292798	0.9922663569450378	0.006747230421751738	0.0009864071616902947
131	0.9963170289993286	0.0033603899646550417	0.000322559877531603	0.9954060316085815	0.0041804867796599865	0.0004135218041483313
132	0.9918460249900818	0.007970135658979416	0.00018380624533165246	0.9638819694519043	0.03573041036725044	0.0003876258269883692
133	0.9929872155189514	0.006784007418900728	0.0002287601091666147	0.9892346858978271	0.010512642562389374	0.0002527470060158521
134	0.9974228143692017	0.0023695635609328747	0.00020768793183378875	0.99718177318573	0.002611916046589613	0.00020631977531593293
135	0.9975565671920776	0.002262052148580551	0.00018136014114134014	0.997514009475708	0.002330007264390588	0.00015598571917507797
136	0.9972909092903137	0.0025064083747565746	0.00020267134823370725	0.9944202303886414	0.005337315611541271	0.00024242115614470094
137	0.9963873624801636	0.0033748310524970293	0.0002377636410528794	0.0326041616499424	0.966798722743988	0.0005971656064502895
138	0.9928152561187744	0.00699224229902029	0.00019254173093941063	0.9933902025222778	0.006415350362658501	0.00019446610531304032
139	0.9957544803619385	0.0039473166689276695	0.00029818338225595653	0.9958551526069641	0.003872425528243184	0.00027241380303166807
140	0.9861749410629272	0.012726452201604843	0.0010986713459715247	0.9934589266777039	0.005993552040308714	0.0005475343205034733
141	0.9823838472366333	0.012285537086427212	0.005330647807568312	0.90273517370224	0.06082671508193016	0.03643809258937836
142	0.9948791265487671	0.004915691912174225	0.0002051257179118693	0.9920029640197754	0.0077996086329221725	0.000197403016500175
143	0.9970972537994385	0.002639892278239131	0.00026285951025784016	0.9968059062957764	0.0029020754154771566	0.00029200068092904985
144	0.9957188963890076	0.004091313574463129	0.00018980054301209748	0.9953102469444275	0.004467974416911602	0.0002218331937910989
145	0.9974392652511597	0.002370903268456459	0.00018982843903359026	0.997350811958313	0.002456528600305319	0.00019260185945313424
146	0.9958013892173767	0.00402420898899436	0.00017435254994779825	0.9962522387504578	0.0035486402921378613	0.00019909894035663456
147	0.9959779381752014	0.0038333095144480467	0.00018872761575039476	0.9961810111999512	0.00361996004357934	0.00019907104433514178
148	0.9954347014427185	0.0041923015378415585	0.0003729501331690699	0.9939886331558228	0.005608598701655865	0.00040277003427036107
149	0.9939776659011841	0.005791296251118183	0.00023100996622815728	0.9941919445991516	0.00559080159291625	0.00021722892415709794
150	0.9953809976577759	0.004437774885445833	0.0001812330010579899	0.9929008483886719	0.006948740221560001	0.0001504633983131498
151	0.9741271138191223	0.02523926831781864	0.0006335643702186644	0.9753329753875732	0.023918448016047478	0.0007485410897061229
152	0.9962942004203796	0.003506600623950362	0.0001992364996112883	0.9965124726295471	0.0032746957149356604	0.00021288529387675226
153	0.9973253011703491	0.0024898166302591562	0.00018480824655853212	0.9967604279518127	0.003029462182894349	0.00021012495562899858
154	0.9971933960914612	0.0026165724266320467	0.00019003682245966047	0.9973304271697998	0.002486968645825982	0.00018256710609421134
155	0.9968608617782593	0.002898177830502391	0.00024092820240184665	0.997032880783081	0.0027065121103078127	0.00026063842233270407
156	0.996327817440033	0.003509270027279854	0.00016295057139359415	0.9910106658935547	0.008809873834252357	0.00017941597616299987
157	0.9935722351074219	0.005905222147703171	0.000522598740644753	0.9935344457626343	0.006099729798734188	0.0003658689674921334
158	0.9962661862373352	0.003538936609402299	0.00019485026132315397	0.9953586459159851	0.004430055618286133	0.0002112745714839548
159	0.9969898462295532	0.0027247839607298374	0.0002853729238267988	0.9759129285812378	0.023730847984552383	0.00035617101821117103
160	0.9908348321914673	0.008722502738237381	0.0004427052626851946	0.9912163019180298	0.008170729503035545	0.0006129925604909658
161	0.9968282580375671	0.0028321845456957817	0.00033958026324398816	0.9975353479385376	0.002232374157756567	0.00023225837503559887
162	0.9862157106399536	0.013413389213383198	0.00037089313264004886	0.9833089709281921	0.016164494678378105	0.0005264971987344325
163	0.9731191396713257	0.02447711117565632	0.002403798047453165	0.9784093499183655	0.020764950662851334	0.0008256505825556815
164	0.997148334980011	0.002619036938995123	0.0002326887333765626	0.9972302317619324	0.002547360258176923	0.0002224091294920072
165	0.9932770133018494	0.006486105732619762	0.0002368754503550008	0.9857390522956848	0.013889406807720661	0.00037147512193769217
166	0.9949237704277039	0.0048182629980146885	0.0002580276341177523	0.9930106997489929	0.006735769100487232	0.0002535141829866916
167	0.9750178456306458	0.020634977146983147	0.0043471502140164375	0.9854879975318909	0.013648183085024357	0.0008638512226752937
168	0.06033230200409889	0.010435626842081547	0.9292320609092712	0.007980328053236008	0.023506319150328636	0.9685133695602417
169	0.9966482520103455	0.0031816973350942135	0.00017005308473017067	0.9966277480125427	0.0031996394973248243	0.00017252859834115952
170	0.9970183372497559	0.002806742675602436	0.0001749004004523158	0.9964113831520081	0.00341418688185513	0.00017438681970816106
171	0.9948515295982361	0.004771997686475515	0.00037644291296601295	0.9940841794013977	0.005552087910473347	0.00036371915484778583
172	0.9979493021965027	0.0018747603753581643	0.00017599509737920016	0.9870175719261169	0.012709703296422958	0.0002727291430346668
173	0.9974684715270996	0.0022367548663169146	0.00029483239632099867	0.8600812554359436	0.1391090452671051	0.0008097256068140268
174	0.9922817349433899	0.007394355721771717	0.0003238663193769753	0.9953498840332031	0.004330460913479328	0.00031962376669980586
175	0.9929129481315613	0.006818312685936689	0.00026876869378611445	0.9746968746185303	0.024933934211730957	0.0003691424208227545
176	0.9957256317138672	0.003924873657524586	0.00034952821442857385	0.9913762211799622	0.008118405938148499	0.000505431613419205
177	0.9803162217140198	0.01687820628285408	0.002805527299642563	0.801030695438385	0.17071005702018738	0.028259292244911194
178	0.9961462020874023	0.0034552307333797216	0.00039857777301222086	0.9959660768508911	0.003598041832447052	0.0004358990117907524
179	0.6010647416114807	0.11042588204145432	0.28850939869880676	0.6943626403808594	0.10513138771057129	0.20050601661205292
180	0.9917816519737244	0.008058330044150352	0.00016006809892132878	0.9890899062156677	0.010735506191849709	0.00017464258417021483
181	0.9955381751060486	0.00421095360070467	0.0002508299658074975	0.9963931441307068	0.00337571301497519	0.00023108556342776865
182	0.9964126944541931	0.00337348785251379	0.0002137867995770648	0.9956268072128296	0.004170134197920561	0.00020306948863435537
183	0.9925819635391235	0.006845602300018072	0.0005724243819713593	0.9950100183486938	0.0046494402922689915	0.00034057078300975263
184	0.9974082112312317	0.002385856118053198	0.00020592428336385638	0.9966974258422852	0.003100557718425989	0.00020206569752190262
185	0.8847545981407166	0.027872182428836823	0.08737322688102722	0.9768862128257751	0.01538710668683052	0.007726718671619892
186	0.9951476454734802	0.004256443120539188	0.0005959158297628164	0.9891462326049805	0.010225816629827023	0.000627921603154391
187	0.9966553449630737	0.0031743263825774193	0.00017035180644597858	0.9933099746704102	0.006528157275170088	0.00016192105249501765
188	0.9937610030174255	0.005779568571597338	0.0004594091442413628	0.9703922271728516	0.028987755998969078	0.0006200247444212437
189	0.9949761629104614	0.004838159773498774	0.00018565250502433628	0.9975415468215942	0.0022266460582613945	0.00023177989351097494
190	0.7156216502189636	0.2762809693813324	0.008097409270703793	0.9172327518463135	0.07998190075159073	0.0027853399515151978
191	0.9942353367805481	0.005526574794203043	0.00023807807883713394	0.9940272569656372	0.00571381114423275	0.00025890234974212945
192	0.9907639622688293	0.008900890126824379	0.00033515511313453317	0.9892075657844543	0.010447480715811253	0.00034489939571358263
193	0.1634824424982071	0.821379542350769	0.015137973241508007	0.7196216583251953	0.2484395056962967	0.03193884342908859
194	0.9775372743606567	0.018863288685679436	0.003599459072574973	0.09421522915363312	0.9029043316841125	0.0028803632594645023
195	0.995976984500885	0.003755350364372134	0.0002676467993296683	0.995993971824646	0.0037653446197509766	0.00024070788640528917
196	0.9966058731079102	0.003100300906226039	0.0002937770332209766	0.9962083101272583	0.0035454006865620613	0.00024623514036647975
197	0.9963556528091431	0.0034413596149533987	0.00020299092284403741	0.9953287839889526	0.00453741941601038	0.0001337579160463065
198	0.979633092880249	0.01602468080818653	0.004342272412031889	0.975374162197113	0.018027320504188538	0.0065984525717794895
199	0.9946240186691284	0.005002368241548538	0.0003736404760275036	0.995975911617279	0.0037270921748131514	0.0002970461209770292
