0	0.023478852584958076	0.9720017910003662	0.0045193093828856945	0.9911060929298401	0.008398422040045261	0.0004954580217599869
1	0.11577853560447693	0.8830254673957825	0.0011959547409787774	0.9938062429428101	0.005930873565375805	0.00026284754858352244
2	0.19260065257549286	0.8028558492660522	0.004543517250567675	0.9887388944625854	0.01065484993159771	0.0006062425673007965
3	0.04602126404643059	0.9515619874000549	0.0024167036172002554	0.9950963854789734	0.004654203075915575	0.0002494003565516323
4	0.7018187642097473	0.29416054487228394	0.0040207235142588615	0.991175651550293	0.008436803705990314	0.0003875834518112242
5	0.021814346313476562	0.9758122563362122	0.002373427152633667	0.9952581524848938	0.004411251284182072	0.0003305428253952414
6	0.0042755757458508015	0.9893274307250977	0.00639699911698699	0.9908896088600159	0.008698233403265476	0.00041216015233658254
7	0.30772778391838074	0.6915073394775391	0.0007648610626347363	0.994709849357605	0.0050443364307284355	0.0002457702939864248
8	0.10987474024295807	0.8866264820098877	0.0034987402614206076	0.9894423484802246	0.010031607002019882	0.0005260210600681603
9	0.17122788727283478	0.8261874318122864	0.0025847945362329483	0.9669942259788513	0.03212139382958412	0.0008843590621836483
10	0.00968017429113388	0.9888351559638977	0.0014846671838313341	0.9936979413032532	0.005851355846971273	0.000450671388534829
11	0.005190590396523476	0.9925400614738464	0.00226941192522645	0.9958667755126953	0.003860490396618843	0.0002727429673541337
12	0.009643946774303913	0.9779738783836365	0.01238227542489767	0.9476582407951355	0.04788525402545929	0.004456579219549894
13	0.0007226094021461904	0.9985376596450806	0.0007396401488222182	0.9921725988388062	0.00747722527012229	0.00035019408096559346
14	0.08567103743553162	0.9114689826965332	0.002860075095668435	0.9937847852706909	0.005863654427230358	0.0003515162388794124
15	0.01809043064713478	0.9811576008796692	0.000751930580008775	0.995383083820343	0.004381654784083366	0.0002352062874706462
16	0.0007877456373535097	0.9972094893455505	0.002002683002501726	0.9656795263290405	0.032674677670001984	0.0016457611927762628
17	0.0015889703063294291	0.997811496257782	0.0005996731342747808	0.9806899428367615	0.018732089549303055	0.0005779948551207781
18	0.028416870161890984	0.969203770160675	0.0023793368600308895	0.9879530072212219	0.011690984480082989	0.00035601784475147724
19	0.0010815650457516313	0.9982082843780518	0.0007101070950739086	0.991575300693512	0.007874105125665665	0.0005505571025423706
20	0.01848088577389717	0.9774479866027832	0.004071148578077555	0.9943206310272217	0.00499382521957159	0.0006855768733657897
21	0.14604875445365906	0.851872980594635	0.002078284975141287	0.9941036105155945	0.005632299929857254	0.0002640841994434595
22	0.8903442621231079	0.10892840474843979	0.000727372826077044	0.9939042925834656	0.005784099455922842	0.00031161110382527113
23	0.0035009942948818207	0.9956679344177246	0.0008311420097015798	0.9808958768844604	0.018523305654525757	0.0005807456909678876
24	0.42523571848869324	0.5719373822212219	0.0028269216418266296	0.9912501573562622	0.008448564447462559	0.0003012569504790008
25	0.01134050264954567	0.9874246716499329	0.0012347970623522997	0.990924596786499	0.008558036759495735	0.0005172906094230711
26	0.00041371307452209294	0.9988621473312378	0.0007241614512167871	0.9872182607650757	0.012426811270415783	0.0003548471722751856
27	0.08013323694467545	0.9154340028762817	0.004432773683220148	0.9960927367210388	0.003436594968661666	0.0004706112667918205
28	0.09577884525060654	0.9021377563476562	0.002083415165543556	0.9949561953544617	0.004837569314986467	0.00020628752827178687
29	0.001246956642717123	0.9977589845657349	0.0009940125746652484	0.9937712550163269	0.0058787064626812935	0.00035003270022571087
30	0.06912726908922195	0.9284833073616028	0.002389450091868639	0.9929854273796082	0.006681988947093487	0.00033252581488341093
31	0.33373934030532837	0.6614474654197693	0.004813144449144602	0.9869024753570557	0.012502629309892654	0.0005949240294285119
32	0.0607912540435791	0.9211003184318542	0.01810838282108307	0.9919982552528381	0.007444827351719141	0.0005568743799813092
33	0.00608544098213315	0.9934385418891907	0.0004759086587000638	0.9919447302818298	0.007507525850087404	0.0005476826918311417
34	0.00046600072528235614	0.9989861845970154	0.0005478154635056853	0.994964599609375	0.00477811461314559	0.0002572843513917178
35	0.09669065475463867	0.9011062383651733	0.0022031094413250685	0.9931479096412659	0.0065401336178183556	0.00031189166475087404
36	0.002034216420724988	0.9971541166305542	0.0008116029785014689	0.9857283234596252	0.01325801108032465	0.0010136774508282542
37	0.42391833662986755	0.5724306702613831	0.0036510012578219175	0.9918076395988464	0.007714538834989071	0.00047786274808458984
38	0.0074134711176157	0.991306722164154	0.0012798443203791976	0.9928991794586182	0.006335166748613119	0.0007656620582565665
39	0.7289680242538452	0.2681608498096466	0.002871142001822591	0.9955867528915405	0.004120337311178446	0.0002928450412582606
40	0.011414526961743832	0.9860397577285767	0.0025456661824136972	0.9889683723449707	0.01016956102102995	0.0008620725129731
41	0.011229211464524269	0.986949622631073	0.001821148325689137	0.9946573376655579	0.005060263909399509	0.00028237467631697655
42	0.020513905212283134	0.9771510362625122	0.0023350471165031195	0.992522656917572	0.007110727019608021	0.0003666155971586704
43	0.642261803150177	0.35557568073272705	0.0021625582594424486	0.993391752243042	0.006281482987105846	0.00032679931609891355
44	0.06759026646614075	0.9311181306838989	0.0012915851548314095	0.9973449110984802	0.002374372910708189	0.0002807724813465029
45	0.0033797314390540123	0.9950574636459351	0.0015628517139703035	0.9742307662963867	0.025060247629880905	0.000709031883161515
46	0.05294250324368477	0.9455483555793762	0.0015091428067535162	0.9907606840133667	0.008970978669822216	0.0002684169157873839
47	0.0021476198453456163	0.9969741106033325	0.0008782483637332916	0.9949126243591309	0.004731256514787674	0.00035614630905911326
48	0.36321499943733215	0.6349775195121765	0.0018074477557092905	0.9962230920791626	0.0034962946083396673	0.0002806104894261807
49	0.01764661818742752	0.9787039756774902	0.003649346996098757	0.9821848273277283	0.016908112913370132	0.0009070647647604346
50	0.03007804974913597	0.9676216244697571	0.0023003004025667906	0.9941356182098389	0.00539399404078722	0.0004703962476924062
51	0.0006315938662737608	0.9981180429458618	0.0012504473561421037	0.9842770099639893	0.015033693052828312	0.000689292442984879
52	0.012948872521519661	0.9818227291107178	0.005228458438068628	0.9947356581687927	0.004870587028563023	0.0003937412111554295
53	0.0007745567127130926	0.9982627034187317	0.0009627831750549376	0.9851388335227966	0.014058047905564308	0.0008031015167944133
54	0.030625278130173683	0.9670950770378113	0.002279706532135606	0.9961209893226624	0.003541658166795969	0.0003372894134372473
55	0.876550555229187	0.12244108319282532	0.0010083665838465095	0.9941443800926208	0.0055758277885615826	0.0002798565255943686
56	0.023790603503584862	0.9735466837882996	0.0026626542676240206	0.9902897477149963	0.009332941845059395	0.000377317686798051
57	0.01568583771586418	0.9822801947593689	0.002033995697274804	0.9951043128967285	0.0045988368801772594	0.0002967935288324952
58	0.0035094707272946835	0.9945297837257385	0.0019607876893132925	0.995652437210083	0.004104967229068279	0.00024251514696516097
59	0.772239089012146	0.22617778182029724	0.0015830588527023792	0.9966598749160767	0.003088803729042411	0.00025137735065072775
60	0.03332333639264107	0.9646283984184265	0.002048290567472577	0.9928966164588928	0.006834482308477163	0.0002689365646801889
61	0.35197728872299194	0.6463872194290161	0.0016355069819837809	0.9939693212509155	0.005778817925602198	0.00025182063109241426
62	0.008075420744717121	0.98807293176651	0.0038516989443451166	0.986793577671051	0.012766227126121521	0.00044015434104949236
63	0.08865617215633392	0.9078919887542725	0.003451896132901311	0.9883809089660645	0.01054686214774847	0.0010722839506343007
64	0.09411775320768356	0.903705358505249	0.002176894573494792	0.993266224861145	0.006495348177850246	0.00023846696421969682
65	0.030209841206669807	0.966475248336792	0.0033148624934256077	0.9937375783920288	0.005768207833170891	0.0004941727383993566
66	0.18850281834602356	0.8088030219078064	0.0026941837277263403	0.9910059571266174	0.008762857876718044	0.0002312061988050118
67	0.010577143169939518	0.9847738742828369	0.004649058915674686	0.9909074306488037	0.008635231293737888	0.0004573343612719327
68	0.09990625083446503	0.8986584544181824	0.0014353024307638407	0.992853581905365	0.006905074696987867	0.00024131689860951155
69	0.06477388739585876	0.9250736832618713	0.010152488946914673	0.994117259979248	0.005384383723139763	0.0004983781836926937
70	0.050665754824876785	0.947564423084259	0.0017698603915050626	0.9900872111320496	0.009499797597527504	0.00041296533890999854
71	0.06759221106767654	0.9253117442131042	0.007096099201589823	0.9946204423904419	0.005177139304578304	0.00020240158482920378
72	0.6041962504386902	0.39241278171539307	0.003390990663319826	0.9944506883621216	0.00511007197201252	0.00043931230902671814
73	0.0007753522368147969	0.9968342185020447	0.002390464534983039	0.9901009798049927	0.009379389695823193	0.000519636319950223
74	0.008261533454060555	0.989401638507843	0.002336913486942649	0.9890355467796326	0.01058919820934534	0.0003751811455003917
75	0.9293379783630371	0.068417027592659	0.0022449991665780544	0.9893235564231873	0.009662758558988571	0.0010137136559933424
76	0.3189685642719269	0.6709790229797363	0.010052320547401905	0.9915430545806885	0.008097026497125626	0.00035995361395180225
77	0.004043783992528915	0.9950873255729675	0.0008688833331689239	0.9930712580680847	0.006595223676413298	0.0003335302753839642
78	0.027035953477025032	0.9652036428451538	0.007760363630950451	0.9961981177330017	0.003510456532239914	0.00029143106075935066
79	0.9715937376022339	0.027259264141321182	0.0011469825403764844	0.9920223951339722	0.007670687045902014	0.0003068498335778713
80	0.4664522111415863	0.5296965837478638	0.003851206973195076	0.9961330890655518	0.00342830503359437	0.0004385698994155973
81	0.5738717913627625	0.4234352111816406	0.0026929948944598436	0.9927218556404114	0.007053321227431297	0.00022477102174889296
82	0.024925226345658302	0.9706528186798096	0.0044218916445970535	0.995062530040741	0.004680557642132044	0.00025687666493467987
83	0.0009730724850669503	0.9979426264762878	0.0010842324700206518	0.9926530122756958	0.0067876479588449	0.0005592724774032831
84	0.17334240674972534	0.8248856067657471	0.0017720258329063654	0.9889481067657471	0.010801350697875023	0.00025049858959391713
85	0.005993611644953489	0.9904609322547913	0.0035454174503684044	0.9888594150543213	0.010697922669351101	0.00044271553633734584
86	0.0022323597222566605	0.9971023201942444	0.0006652608863078058	0.993303120136261	0.00624722708016634	0.00044965901179239154
87	0.001468560309149325	0.9980835914611816	0.000447891594376415	0.9934979677200317	0.006226988974958658	0.0002750536077655852
88	0.19234925508499146	0.8032554388046265	0.004395301919430494	0.9894735217094421	0.009876209311187267	0.0006502344622276723
89	0.1015389934182167	0.8963506817817688	0.002110399305820465	0.9908842444419861	0.008817293681204319	0.0002984183083754033
90	0.002717862604185939	0.9965858459472656	0.0006963466294109821	0.9851742386817932	0.014345345087349415	0.0004803681804332882
91	0.037376388907432556	0.961828351020813	0.0007952443556860089	0.9962401390075684	0.0033998279832303524	0.0003600612690206617
92	0.002664997009560466	0.9967350363731384	0.0005999780842103064	0.9956465363502502	0.004065376706421375	0.00028807210037484765
93	0.059061259031295776	0.9393803477287292	0.0015584967331960797	0.991719126701355	0.007533363066613674	0.0007475105230696499
94	0.32380175590515137	0.671196699142456	0.005001490004360676	0.9948467016220093	0.00484659755602479	0.0003066992212552577
95	0.5936187505722046	0.404706209897995	0.0016749949427321553	0.9967447519302368	0.0029788559768348932	0.00027632349519990385
96	0.6315048933029175	0.36168041825294495	0.0068147191777825356	0.9933854937553406	0.006295579019933939	0.00031897504231892526
97	0.08324023336172104	0.9152239561080933	0.0015357687370851636	0.9928191304206848	0.006889818236231804	0.0002909931354224682
98	0.002750837244093418	0.995172917842865	0.0020762102212756872	0.9929889440536499	0.006557624787092209	0.0004533645696938038
99	0.9689861536026001	0.0301161278039217	0.0008977784891612828	0.9952712655067444	0.004442388191819191	0.0002863510453607887
100	0.17896616458892822	0.8174885511398315	0.00354529800824821	0.9699947834014893	0.029072457924485207	0.000932740920688957
101	0.2884060740470886	0.7074995040893555	0.004094380419701338	0.9913222789764404	0.00835257675498724	0.0003251468006055802
102	0.0002999724238179624	0.998976469039917	0.0007236191886477172	0.9925832748413086	0.006975906901061535	0.0004408301319926977
103	0.3315357565879822	0.666154146194458	0.0023100944235920906	0.9934817552566528	0.006274459883570671	0.00024384923744946718
104	0.017626339569687843	0.9806906580924988	0.0016829511150717735	0.9838361144065857	0.01575019210577011	0.0004137125797569752
105	0.00385521212592721	0.9948878884315491	0.0012568760430440307	0.9928724765777588	0.006630249321460724	0.0004972710739821196
106	0.00035734084667637944	0.9979107975959778	0.0017318775644525886	0.976881206035614	0.021591169759631157	0.0015276495832949877
107	0.6006254553794861	0.3964582681655884	0.0029162305872887373	0.9946975708007812	0.005032187793403864	0.000270213553449139
108	0.008532649837434292	0.9899431467056274	0.0015241719083860517	0.9875368475914001	0.011869007721543312	0.0005941877025179565
109	0.007047122810035944	0.9815297722816467	0.011423102580010891	0.9882075190544128	0.009964141063392162	0.0018283085664734244
110	0.08176099509000778	0.9131757616996765	0.005063289776444435	0.9878399968147278	0.011594579555094242	0.0005653485422953963
111	0.0009884104365482926	0.9962771534919739	0.002734484151005745	0.9909520149230957	0.008435149677097797	0.0006128562963567674
112	0.7169989347457886	0.27890726923942566	0.004093811847269535	0.9861426949501038	0.013462316244840622	0.00039497236139141023
113	0.0006586464587599039	0.9983657002449036	0.0009756705840118229	0.9818622469902039	0.017506973817944527	0.0006307449657469988
114	0.04652657359838486	0.9495847821235657	0.0038886121474206448	0.9918088316917419	0.007938852533698082	0.0002523019502405077
115	0.005627801176160574	0.9931960105895996	0.0011761218775063753	0.9940283298492432	0.005521984305232763	0.00044973180047236383
116	0.9526218771934509	0.04692048951983452	0.0004577134968712926	0.9953169822692871	0.004477617330849171	0.00020540553668979555
117	0.061869729310274124	0.9360575675964355	0.0020726711954921484	0.99154132604599	0.008199582807719707	0.00025915613514371216
118	0.27601200342178345	0.719832181930542	0.004155775532126427	0.995970606803894	0.0037948451936244965	0.00023453918402083218
119	0.9717220067977905	0.02736428938806057	0.0009136534645222127	0.9957003593444824	0.0040519810281693935	0.00024769874289631844
120	0.11707495152950287	0.8791834712028503	0.0037416000850498676	0.9916211366653442	0.0077118235640227795	0.0006670975126326084
121	0.02999909594655037	0.9671362638473511	0.002864604815840721	0.9954043626785278	0.004237085580825806	0.00035853046574629843
122	0.3197762072086334	0.6771237850189209	0.0031000555027276278	0.9944784641265869	0.005324803292751312	0.00019668506865855306
123	0.027330288663506508	0.9712456464767456	0.0014240221353247762	0.994771420955658	0.004880615510046482	0.0003479833249002695
124	0.0005416389903984964	0.9974905252456665	0.001967865973711014	0.9842805862426758	0.012256043031811714	0.0034633493050932884
125	0.0014700345927849412	0.9949015378952026	0.0036283237859606743	0.9789830446243286	0.014377380721271038	0.006639542989432812
126	0.006279944442212582	0.9913424253463745	0.0023775724694132805	0.9952646493911743	0.0029292134568095207	0.0018061030423268676
127	0.05191520228981972	0.9462884664535522	0.0017963547725230455	0.9908447861671448	0.008825051598250866	0.00033019116381183267
128	0.002562625100836158	0.9961321353912354	0.0013052808353677392	0.9908072352409363	0.008753474801778793	0.000439240102423355
129	0.00107757153455168	0.9974109530448914	0.0015114850830286741	0.9731454253196716	0.02605343982577324	0.0008011760073713958
130	0.058007992804050446	0.9328089356422424	0.009183071553707123	0.9874255061149597	0.010781127028167248	0.0017933339113369584
131	0.620061993598938	0.3787989616394043	0.0011389885330572724	0.9953176975250244	0.0044243005104362965	0.0002579767315182835
132	0.0032277072314172983	0.9943740367889404	0.002398292999714613	0.9854559302330017	0.013990992680191994	0.000553026853594929
133	0.0008285121875815094	0.9984400868415833	0.0007313407259061933	0.9848085641860962	0.01482138317078352	0.00037005217745900154
134	0.012452347204089165	0.9861775636672974	0.0013701063580811024	0.9946548938751221	0.005088920705020428	0.00025621053646318614
135	0.9933809041976929	0.006368663161993027	0.0002504538279026747	0.9968569278717041	0.0029481565579771996	0.0001949202414834872
136	0.013173685409128666	0.9835341572761536	0.003292212262749672	0.9943417310714722	0.0051247430965304375	0.0005335380556061864
137	0.004861412104219198	0.9925721287727356	0.002566391136497259	0.9907622933387756	0.00878615491092205	0.0004515041073318571
138	0.9551094770431519	0.043883126229047775	0.0010074106976389885	0.9892220497131348	0.01052585057914257	0.0002521053538657725
139	0.9256193041801453	0.07317804545164108	0.0012026896001771092	0.9950512051582336	0.004614151082932949	0.00033460502163507044
140	0.4694281220436096	0.5269328355789185	0.0036390849854797125	0.9943407773971558	0.00530934426933527	0.0003499136073514819
141	0.0010594148188829422	0.9979573488235474	0.0009832769865170121	0.9713516235351562	0.024495230987668037	0.004153180867433548
142	0.4126860797405243	0.5853527784347534	0.001961171394214034	0.9932390451431274	0.006477806251496077	0.0002831652818713337
143	0.6717698574066162	0.3240841329097748	0.004146041348576546	0.9967635869979858	0.0029400724451988935	0.00029628138872794807
144	0.2963224947452545	0.6982449889183044	0.005432458128780127	0.9913052916526794	0.008373476564884186	0.0003212511946912855
145	0.011618000455200672	0.9878573417663574	0.0005245807114988565	0.9952719807624817	0.004510363098233938	0.00021766408463008702
146	0.024562066420912743	0.9730455279350281	0.002392404479905963	0.9921045303344727	0.007584262639284134	0.0003111572004854679
147	0.77762371301651	0.2193274348974228	0.0030488299671560526	0.9870285987854004	0.012183800339698792	0.0007876132149249315
148	0.9891964197158813	0.010313631035387516	0.0004899677587673068	0.9924307465553284	0.007104882970452309	0.0004643643624149263
149	0.002490514889359474	0.9941380023956299	0.0033715420868247747	0.9882175326347351	0.011261172592639923	0.0005212665419094265
150	0.010334908962249756	0.9883227944374084	0.0013422761112451553	0.9899700284004211	0.009717665612697601	0.00031236567883752286
151	0.8715590834617615	0.1273897886276245	0.0010511655127629638	0.9902870655059814	0.009439656510949135	0.0002732523425947875
152	0.40030771493911743	0.5977764129638672	0.0019158866489306092	0.9901318550109863	0.009535525925457478	0.0003326407168060541
153	0.007321846671402454	0.9898591637611389	0.0028190005104988813	0.9927940368652344	0.00681524071842432	0.0003907174395862967
154	0.29132214188575745	0.7062827348709106	0.0023952277842909098	0.9956875443458557	0.004084652755409479	0.00022773153614252806
155	0.011356465518474579	0.9872754216194153	0.0013680795673280954	0.9948557615280151	0.004845141898840666	0.0002991361834574491
156	0.0007349823135882616	0.9968785047531128	0.0023865103721618652	0.9906917214393616	0.008642029017210007	0.0006662397063337266
157	0.022134050726890564	0.9756014943122864	0.002264545764774084	0.9815255403518677	0.017636466771364212	0.0008380541694350541
158	0.004178260453045368	0.9950106143951416	0.0008110327180474997	0.9875267148017883	0.01200562622398138	0.000467702659079805
159	0.0005146932089701295	0.9980562925338745	0.0014290749095380306	0.9938410520553589	0.005563512910157442	0.0005954152438789606
160	0.02641999162733555	0.9719215035438538	0.001658506109379232	0.9861641526222229	0.012796035036444664	0.001039858441799879
161	0.005522339139133692	0.9935998916625977	0.0008778339833952487	0.9929897785186768	0.006317680235952139	0.0006924920016899705
162	0.17749811708927155	0.8194253444671631	0.0030764956027269363	0.9893267154693604	0.009816833771765232	0.0008564901654608548
163	0.523766279220581	0.4740748107433319	0.0021588923409581184	0.9901131391525269	0.009598239324986935	0.0002885910216718912
164	0.08622481673955917	0.9084175229072571	0.005357577931135893	0.9948917627334595	0.004748952575027943	0.00035929217119701207
165	0.0034081758931279182	0.9910865426063538	0.005505274515599012	0.9900486469268799	0.009625810198485851	0.00032557002850808203
166	0.004194393754005432	0.993285596370697	0.0025199505034834146	0.9910207390785217	0.008566363714635372	0.0004128445580136031
167	0.7226913571357727	0.27532958984375	0.0019790763035416603	0.994091808795929	0.005557815078645945	0.00035041419323533773
168	0.9837548136711121	0.015621175989508629	0.0006240724469535053	0.9946059584617615	0.005118962377309799	0.0002750818384811282
169	0.0025659610982984304	0.995521068572998	0.0019129639258608222	0.9925330877304077	0.007118526380509138	0.0003483096952550113
170	0.005380264949053526	0.9933179616928101	0.0013017305172979832	0.9928964972496033	0.006596402730792761	0.0005070896586403251
171	0.016233710572123528	0.9780932664871216	0.005673083011060953	0.9899731874465942	0.008979620411992073	0.0010472501162439585
172	0.000629908696282655	0.9980119466781616	0.0013581124367192388	0.9957259893417358	0.003945103846490383	0.00032889004796743393
173	0.024836774915456772	0.9718055725097656	0.0033576758578419685	0.9951114058494568	0.004561447072774172	0.00032718744478188455
174	0.020551331341266632	0.9775083065032959	0.001940338988788426	0.993999719619751	0.005669970531016588	0.00033033211366273463
175	0.001642682240344584	0.9977335929870605	0.0006236970075406134	0.9824673533439636	0.01704038307070732	0.0004922515363432467
176	0.04230625554919243	0.9560836553573608	0.0016100864158943295	0.9938327074050903	0.005722439847886562	0.00044479998177848756
177	0.40648943185806274	0.5878971219062805	0.005613376386463642	0.9896446466445923	0.008756550960242748	0.0015987613005563617
178	0.9051197171211243	0.09298233687877655	0.0018979179440066218	0.995318591594696	0.004138961900025606	0.0005423671682365239
179	0.0017613733652979136	0.9966216087341309	0.001616992405615747	0.9746579527854919	0.02390933781862259	0.0014326877426356077
180	0.0017152284272015095	0.9976703524589539	0.0006144419894553721	0.9874628186225891	0.012279630638659	0.00025755292153917253
181	0.9720976948738098	0.02699410542845726	0.000908273970708251	0.9936894178390503	0.00597231974825263	0.0003381816786713898
182	0.01252409815788269	0.9844106435775757	0.0030652193818241358	0.9925645589828491	0.006953269708901644	0.0004821043985430151
183	0.20241457223892212	0.7952885031700134	0.002296838676556945	0.9935842156410217	0.0060648745857179165	0.0003508533991407603
184	0.002107598353177309	0.9947205781936646	0.0031717587262392044	0.9942215085029602	0.005486911628395319	0.0002915568184107542
185	0.043116629123687744	0.9531320929527283	0.0037512679118663073	0.9954364895820618	0.004109131172299385	0.00045440750545822084
186	0.9032421708106995	0.09491489827632904	0.0018429090268909931	0.9943686127662659	0.005006937310099602	0.0006244065007194877
187	0.0058520580641925335	0.9927486777305603	0.0013992810854688287	0.9925691485404968	0.007063035853207111	0.00036776455817744136
188	0.0010365237249061465	0.9974945783615112	0.0014689308591187	0.9923421740531921	0.007164578884840012	0.0004931880976073444
189	0.01580806076526642	0.9816708564758301	0.0025210813619196415	0.9972419738769531	0.0025060269981622696	0.0002519505505915731
190	0.7964224815368652	0.20172178745269775	0.0018557710573077202	0.9931262731552124	0.006592890713363886	0.0002807864802889526
191	0.0004929754068143666	0.9987867474555969	0.0007203248096629977	0.9928438067436218	0.00684609217569232	0.00031006414792500436
192	0.011718298308551311	0.9865308403968811	0.0017508510500192642	0.9498924016952515	0.04828539118170738	0.0018221711507067084
193	0.032449666410684586	0.966139554977417	0.0014107910683378577	0.9919393658638	0.00774407759308815	0.0003166070091538131
194	0.22461439669132233	0.7697354555130005	0.005650123115628958	0.983141303062439	0.01582513004541397	0.0010336136911064386
195	0.07614012062549591	0.9200379848480225	0.0038219380658119917	0.9882376790046692	0.010122125037014484	0.0016401986358687282
196	0.02167339250445366	0.9765859842300415	0.0017405798425897956	0.9946436882019043	0.0050919852219522	0.00026428609271533787
197	0.14883165061473846	0.8500980734825134	0.0010702696163207293	0.992431640625	0.007362458389252424	0.00020592585497070104
198	0.006027521565556526	0.9929949641227722	0.0009775495855137706	0.9928417205810547	0.006907755043357611	0.0002505868033040315
199	0.09749437123537064	0.8886030912399292	0.013902575708925724	0.987445592880249	0.011040098033845425	0.0015142563497647643
