0	0.9918988943099976	0.0061067137867212296	0.0019944014493376017	0.0007509776041842997	0.9984809756278992	0.0007680368144065142
1	0.994577169418335	0.005164908245205879	0.0002579264109954238	0.06510384380817413	0.9339257478713989	0.0009703925461508334
2	0.9957120418548584	0.0038719945587217808	0.00041591929038986564	0.020594501867890358	0.9770071506500244	0.0023982911370694637
3	0.9818413257598877	0.014177832752466202	0.0039808489382267	0.12305299192667007	0.8691050410270691	0.00784198846668005
4	0.9932016730308533	0.006063936278223991	0.0007343540783040226	0.003837962867692113	0.9943732023239136	0.0017888861475512385
5	0.9966025352478027	0.0031111708376556635	0.000286255672108382	0.022961312904953957	0.9763731956481934	0.0006654807366430759
6	0.9941129088401794	0.0055259098298847675	0.00036123243626207113	0.9149760007858276	0.0845903754234314	0.0004336118290666491
7	0.9946838021278381	0.004301242530345917	0.0010149237932637334	0.9225882887840271	0.07653048634529114	0.0008812957676127553
8	0.9878544211387634	0.011621573008596897	0.0005239579477347434	0.015077189542353153	0.9836613535881042	0.001261522644199431
9	0.9924060702323914	0.007078472524881363	0.0005154304672032595	0.0011387817794457078	0.998347282409668	0.000513842620421201
10	0.9939024448394775	0.005550729110836983	0.0005468460149131715	0.0014000438386574388	0.9980974793434143	0.0005024986458010972
11	0.8164779543876648	0.03657596930861473	0.14694610238075256	0.019877156242728233	0.9572738409042358	0.022849006578326225
12	0.9894711971282959	0.008275224827229977	0.0022536413744091988	0.1940564513206482	0.7944353222846985	0.011508164927363396
13	0.995394229888916	0.004111504647880793	0.0004942897357977927	0.011652282439172268	0.8196837306022644	0.16866402328014374
14	0.9939457774162292	0.004164149519056082	0.001890129060484469	0.04734593629837036	0.9482408761978149	0.004413109738379717
15	0.81407231092453	0.08162201941013336	0.10430564731359482	0.0035419557243585587	0.6600794196128845	0.33637863397598267
16	0.9936243295669556	0.006003807298839092	0.0003718746011145413	0.0005055951187387109	0.9972313046455383	0.002263129921630025
17	0.9905840158462524	0.007689169608056545	0.001726820832118392	0.043472133576869965	0.9548010230064392	0.0017268143128603697
18	0.9931928515434265	0.006286703050136566	0.000520483881700784	0.033651262521743774	0.9659236073493958	0.00042517660767771304
19	0.9938098788261414	0.0052781496196985245	0.0009119228343479335	0.9902248978614807	0.009351886808872223	0.0004232324718032032
20	0.986862301826477	0.0119407270103693	0.0011969046900048852	0.0010082181543111801	0.9977867603302002	0.001205045497044921
21	0.989258348941803	0.010367298498749733	0.000374387193005532	0.010794362053275108	0.9857262372970581	0.0034793505910784006
22	0.9967136383056641	0.002999335527420044	0.0002870393800549209	0.9765026569366455	0.0232691653072834	0.00022812993847765028
23	0.9962390661239624	0.0033938148990273476	0.0003671050362754613	0.9896414875984192	0.01005720254033804	0.0003012744418811053
24	0.9949589371681213	0.003822147147729993	0.0012189793633297086	0.006483529228717089	0.9926580786705017	0.0008584399474784732
25	0.9951210618019104	0.00456546014174819	0.00031343300361186266	0.007618431467562914	0.9914258718490601	0.0009556537261232734
26	0.8654645085334778	0.04373427852988243	0.09080120176076889	0.0026433479506522417	0.9826382994651794	0.014718363992869854
27	0.9964189529418945	0.0032175686210393906	0.00036345020635053515	0.004183424636721611	0.99481201171875	0.001004543388262391
28	0.9962812066078186	0.0034386878833174706	0.0002800661895889789	0.7239840030670166	0.27436304092407227	0.0016529548447579145
29	0.9952540397644043	0.00429124291986227	0.00045476332888938487	0.020932545885443687	0.9785797595977783	0.00048761474317871034
30	0.9943019151687622	0.005237986333668232	0.00046008112258277833	0.45569950342178345	0.5434656739234924	0.0008348029805347323
31	0.9964863061904907	0.0030622698832303286	0.000451382074970752	0.05207446590065956	0.9474949836730957	0.00043054972775280476
32	0.991971492767334	0.007326992694288492	0.0007014877628535032	0.001553789828903973	0.9977303147315979	0.0007159405504353344
33	0.995222270488739	0.004429385531693697	0.00034834397956728935	0.004482004791498184	0.9948884844779968	0.000629470101557672
34	0.9878948330879211	0.010245809331536293	0.0018593688728287816	0.0007708207122050226	0.9985741376876831	0.0006550272810272872
35	0.9938127994537354	0.005756298545747995	0.00043085843208245933	0.525005578994751	0.4743212163448334	0.0006732232868671417
36	0.9915920495986938	0.007847943343222141	0.0005600285367108881	0.009148705750703812	0.9901048541069031	0.0007463826914317906
37	0.9899557828903198	0.007695436477661133	0.002348735462874174	0.003636400680989027	0.9953504800796509	0.0010130300652235746
38	0.9937965869903564	0.005416266620159149	0.0007871401612646878	0.000647400040179491	0.998116135597229	0.00123649463057518
39	0.9957049489021301	0.00405357638373971	0.0002415338094579056	0.02137116901576519	0.9783291816711426	0.0002996800176333636
40	0.9952353835105896	0.004519258160144091	0.0002453566703479737	0.020081885159015656	0.9794291853904724	0.0004889750853180885
41	0.9964687824249268	0.0032045720145106316	0.00032660330180078745	0.8185039758682251	0.17668330669403076	0.004812709521502256
42	0.9915152788162231	0.0059219347313046455	0.002562741981819272	0.0002479695249348879	0.9860331416130066	0.013718877919018269
43	0.9866134524345398	0.006937890313565731	0.006448699627071619	0.39080455899238586	0.2063128501176834	0.4028826355934143
44	0.9932587146759033	0.005659053102135658	0.0010823134798556566	0.004661861341446638	0.990021288394928	0.00531678507104516
45	0.9956870675086975	0.003946712706238031	0.00036617540172301233	0.0011829339200630784	0.9981905817985535	0.0006264828843995929
46	0.9952226281166077	0.004362156614661217	0.0004152011824771762	0.005952076055109501	0.9936218857765198	0.0004260063578840345
47	0.9951893091201782	0.004506378900259733	0.0003043458273168653	0.083231620490551	0.9157748818397522	0.0009934604167938232
48	0.9923056960105896	0.006832773331552744	0.0008615169208496809	0.0006304471171461046	0.9965662360191345	0.0028032956179231405
49	0.9948268532752991	0.004691062029451132	0.00048208748921751976	0.06702303886413574	0.9312758445739746	0.0017010768642649055
50	0.9981290698051453	0.0015914295800030231	0.00027956932899542153	0.4242754876613617	0.5262309312820435	0.04949359968304634
51	0.9926943778991699	0.006164684426039457	0.0011409121798351407	0.0009148534736596048	0.9560182690620422	0.043066930025815964
52	0.9901285767555237	0.009444939903914928	0.00042647606460377574	0.02899537980556488	0.96964430809021	0.00136043771635741
53	0.99657142162323	0.003216414712369442	0.00021220908092800528	0.510540246963501	0.48770490288734436	0.0017547996249049902
54	0.9940381050109863	0.004701830446720123	0.001260109362192452	0.27418509125709534	0.7222955822944641	0.0035193313378840685
55	0.9961460828781128	0.0036081045400351286	0.000245788338361308	0.004825939424335957	0.9943994879722595	0.0007745077018626034
56	0.9785410761833191	0.0179684367030859	0.0034905297216027975	0.041952893137931824	0.9560843110084534	0.0019629092421382666
57	0.993377149105072	0.005077139474451542	0.0015457060653716326	0.1670418232679367	0.8233398795127869	0.009618320502340794
58	0.9905669093132019	0.008938615210354328	0.0004944504471495748	0.001861297758296132	0.9967842102050781	0.0013545374386012554
59	0.9929987192153931	0.006081679370254278	0.000919618527404964	0.0005931353662163019	0.998331606388092	0.0010752534726634622
60	0.9936083555221558	0.005644745193421841	0.0007469116826541722	0.00031097320606932044	0.9988875985145569	0.0008013570914044976
61	0.9915728569030762	0.007303266320377588	0.0011239040177315474	0.9920188784599304	0.007554791402071714	0.0004263103473931551
62	0.9798178672790527	0.013233439065515995	0.006948651280254126	0.0009080081363208592	0.9960980415344238	0.002993954811245203
63	0.9949573874473572	0.00484736543148756	0.00019520263595040888	0.059901732951402664	0.9396763443946838	0.0004219252150505781
64	0.9956419467926025	0.003985401708632708	0.0003726581344380975	0.03792469576001167	0.9607436060905457	0.001331691979430616
65	0.9807440638542175	0.016479261219501495	0.0027767056599259377	0.0005783681408502162	0.9986695051193237	0.0007521192892454565
66	0.9788795113563538	0.013242451474070549	0.00787803903222084	0.0012576860608533025	0.9959915280342102	0.002750794403254986
67	0.9940391778945923	0.005326777696609497	0.000634007272310555	0.003799439175054431	0.9951541423797607	0.0010464208899065852
68	0.9765941500663757	0.017507372424006462	0.005898483097553253	0.0032257891725748777	0.989509105682373	0.00726509653031826
69	0.9959352016448975	0.0036916944663971663	0.00037312693893909454	0.16209182143211365	0.8347787261009216	0.0031295304652303457
70	0.9955524802207947	0.004232469480484724	0.00021501141600310802	0.9162353277206421	0.08327912539243698	0.00048557668924331665
71	0.9921918511390686	0.007285124156624079	0.0005230575334280729	0.00019957442418672144	0.999167799949646	0.0006326100556179881
72	0.8976818323135376	0.03395172208547592	0.0683664008975029	0.0007570753223262727	0.9884215593338013	0.010821446776390076
73	0.9942733645439148	0.00399224366992712	0.0017343162326142192	0.04820805788040161	0.9473116993904114	0.004480251111090183
74	0.9945406317710876	0.005148264113813639	0.00031116537866182625	0.04397699609398842	0.9550197720527649	0.0010031717829406261
75	0.995806097984314	0.0036184510681778193	0.0005753911100327969	0.8695163130760193	0.129678413271904	0.0008052788325585425
76	0.9822474122047424	0.014846584759652615	0.0029059776570647955	0.6218942403793335	0.37499549984931946	0.0031102406792342663
77	0.9950608611106873	0.004685339517891407	0.00025377748534083366	0.007955221459269524	0.9913561344146729	0.0006886085029691458
78	0.9972186088562012	0.0025413264520466328	0.00024008809123188257	0.004752133972942829	0.9941328167915344	0.00111508765257895
79	0.9810724258422852	0.017101721838116646	0.0018258222844451666	0.0006918029976077378	0.9975953698158264	0.0017128119943663478
80	0.9969804883003235	0.002810172736644745	0.00020936592773068696	0.00043148326221853495	0.998894989490509	0.0006735005299560726
81	0.9924775958061218	0.006430040113627911	0.0010923631489276886	0.00048655286082066596	0.9924277663230896	0.007085607387125492
82	0.9934479594230652	0.005292166955769062	0.0012598633766174316	0.14667482674121857	0.8216097950935364	0.03171538561582565
83	0.9866743683815002	0.011960264295339584	0.0013653755886480212	0.001804314088076353	0.9961339235305786	0.0020618250127881765
84	0.9933022260665894	0.006298735272139311	0.00039910877239890397	0.0185173861682415	0.9800691604614258	0.001413472811691463
85	0.6381097435951233	0.2698144316673279	0.09207578003406525	0.0163344144821167	0.9719869494438171	0.011678657494485378
86	0.9900623559951782	0.009354449808597565	0.00058325583813712	0.3853719234466553	0.6123006939888	0.002327370224520564
87	0.9853611588478088	0.013235320337116718	0.0014034988125786185	0.0022064396180212498	0.9846081137657166	0.013185529969632626
88	0.974711537361145	0.01573251746594906	0.009555981494486332	0.11986267566680908	0.8199067711830139	0.06023048982024193
89	0.9951481223106384	0.004519941750913858	0.0003319827956147492	0.0068679191172122955	0.9927474856376648	0.0003846580220852047
90	0.9909693598747253	0.008376527577638626	0.0006541594630107284	0.5184923410415649	0.4798550307750702	0.0016525664832442999
91	0.9962893724441528	0.0031572228763252497	0.0005533819203265011	0.003630512161180377	0.9954124093055725	0.0009571276023052633
92	0.9873237013816833	0.012158727273344994	0.0005175499827601016	0.0029190017376095057	0.996489942073822	0.000590943731367588
93	0.982214629650116	0.008529397659003735	0.009255942888557911	0.004826439078897238	0.9938225746154785	0.0013509689597412944
94	0.9372788071632385	0.027596451342105865	0.03512472286820412	0.0016158182406798005	0.9788678884506226	0.019516343250870705
95	0.9972902536392212	0.0024740484077483416	0.00023569514451082796	0.10907804220914841	0.890235960483551	0.0006859421846456826
96	0.9972298741340637	0.0023541224654763937	0.0004159639938734472	0.9973821043968201	0.002327052177861333	0.00029084784910082817
97	0.9534212350845337	0.04180316627025604	0.004775576293468475	0.0005422380636446178	0.998430073261261	0.0010276376269757748
98	0.994554877281189	0.004261071793735027	0.0011840013321489096	0.9804953932762146	0.01891581155359745	0.0005887512234039605
99	0.994266927242279	0.0054952530190348625	0.00023782624339219183	0.987082839012146	0.012707216665148735	0.00020991696510463953
100	0.9935696125030518	0.0060034566558897495	0.0004269380879122764	0.11293556541204453	0.8862311840057373	0.0008332260767929256
101	0.9883939027786255	0.00993980374187231	0.0016662190901115537	0.0013685232261195779	0.9969515800476074	0.0016798842698335648
102	0.9939581155776978	0.005742198321968317	0.0002996336843352765	0.005526102147996426	0.99406498670578	0.0004089331196155399
103	0.9952074885368347	0.004186107311397791	0.0006063389591872692	0.0005605311598628759	0.9987271428108215	0.0007123351097106934
104	0.7662004828453064	0.012485549785196781	0.22131399810314178	0.9530618190765381	0.03668176382780075	0.010256409645080566
105	0.9954127669334412	0.004109885543584824	0.0004773471737280488	0.0010776399867609143	0.9981679916381836	0.0007544165127910674
106	0.9928227066993713	0.00696769542992115	0.00020960025722160935	0.0007242074352689087	0.9986302852630615	0.0006455304101109505
107	0.9955068826675415	0.0041044182144105434	0.00038866206887178123	0.00043567761895246804	0.9990233182907104	0.0005409815930761397
108	0.9900464415550232	0.008814997971057892	0.0011385679244995117	0.3649866282939911	0.6339944005012512	0.0010189935564994812
109	0.9943891167640686	0.005029413383454084	0.0005814220057800412	0.0008786757825873792	0.998376727104187	0.0007445357041433454
110	0.6549568176269531	0.1039310097694397	0.24111220240592957	0.0013072211295366287	0.9713633060455322	0.027329429984092712
111	0.9965702295303345	0.003019903553649783	0.0004098546633031219	0.8681538105010986	0.1313960701227188	0.000450111401733011
112	0.9903344511985779	0.00878782756626606	0.0008777127368375659	0.00034513973514549434	0.9974894523620605	0.0021653627045452595
113	0.9964703321456909	0.0032544240821152925	0.00027523658354766667	0.6657686829566956	0.3333441913127899	0.0008871202007867396
114	0.9968055486679077	0.0029760815668851137	0.0002183328033424914	0.9933189153671265	0.006473155226558447	0.00020789733389392495
115	0.991752564907074	0.007215641438961029	0.0010317768901586533	0.0024556636344641447	0.9921504259109497	0.005393837112933397
116	0.9821433424949646	0.013441876508295536	0.004414745606482029	0.0007692911312915385	0.9978184700012207	0.0014122251886874437
117	0.9921934604644775	0.007223442662507296	0.0005831076996400952	0.0024465431924909353	0.9946987628936768	0.0028547190595418215
118	0.9949223399162292	0.0047730267979204655	0.00030460854759439826	0.0061304811388254166	0.9934188723564148	0.0004505482502281666
119	0.9940126538276672	0.005017218645662069	0.0009700750233605504	0.009030359797179699	0.9904894828796387	0.000480052491184324
120	0.9902620911598206	0.00928997341543436	0.0004479774215724319	0.28508344292640686	0.7122691869735718	0.0026474029291421175
121	0.9949167966842651	0.004451011307537556	0.0006322187837213278	0.0006833945517428219	0.9981902241706848	0.001126421382650733
122	0.9938264489173889	0.005680363159626722	0.0004931646981276572	0.11243580281734467	0.8843809366226196	0.003183194436132908
123	0.9965224266052246	0.003164957743138075	0.00031262508127838373	0.992306649684906	0.007519212551414967	0.00017414442845620215
124	0.9950592517852783	0.004492469597607851	0.0004482701187953353	0.0007428354001604021	0.9962639212608337	0.0029932272154837847
125	0.45182499289512634	0.037862665951251984	0.5103122591972351	0.2547138035297394	0.07746089994907379	0.6678254008293152
126	0.9943965673446655	0.005078418180346489	0.0005250220419839025	0.021371683105826378	0.9777161478996277	0.0009121258626691997
127	0.9741094708442688	0.023647822439670563	0.002242745365947485	0.022347288206219673	0.9756565093994141	0.001996177714318037
128	0.975536048412323	0.02385537512600422	0.0006086174980737269	0.0056467982940375805	0.8050471544265747	0.18930602073669434
129	0.9851426482200623	0.013960006646811962	0.0008973097428679466	0.001282391371205449	0.9976104497909546	0.0011071807239204645
130	0.9852728247642517	0.013977184891700745	0.0007499731727875769	0.001007949816994369	0.9968023300170898	0.0021897819824516773
131	0.9841868281364441	0.014319129288196564	0.0014941073022782803	0.00038621018757112324	0.9968608617782593	0.002752991858869791
132	0.9949424862861633	0.004727066960185766	0.00033048621844500303	0.05369958281517029	0.8740846514701843	0.0722157284617424
133	0.9373595714569092	0.03687216341495514	0.02576826885342598	0.00425870344042778	0.9756380319595337	0.020103225484490395
134	0.9872231483459473	0.012158318422734737	0.0006185530801303685	0.00678640604019165	0.9927000403404236	0.0005136318504810333
135	0.9543335437774658	0.013815496116876602	0.03185096010565758	0.0260208398103714	0.9670082330703735	0.0069708735682070255
136	0.9967629909515381	0.002970657777041197	0.00026630429783836007	0.010207676328718662	0.9890869855880737	0.000705342274159193
137	0.9955405592918396	0.004073751624673605	0.0003856891125906259	0.008373579941689968	0.9869236350059509	0.004702824633568525
138	0.9961715340614319	0.0034058373421430588	0.00042265941738151014	0.9874885082244873	0.012178758159279823	0.0003328077436890453
139	0.9506568908691406	0.022205010056495667	0.027138080447912216	0.11373122781515121	0.5131535530090332	0.373115211725235
140	0.9947534799575806	0.004791253246366978	0.00045521307038143277	0.04333275556564331	0.955713152885437	0.0009541056933812797
141	0.9887905120849609	0.010585500858724117	0.000624041713308543	0.0006797215319238603	0.9981784820556641	0.0011418607318773866
142	0.980726420879364	0.00997970625758171	0.009293919429183006	0.5105808973312378	0.4808954894542694	0.008523671887814999
143	0.9913005232810974	0.006074658129364252	0.0026248616632074118	0.07275974750518799	0.8966547846794128	0.030585534870624542
144	0.9922086000442505	0.00664173997938633	0.0011496874503791332	0.9654853343963623	0.031831417232751846	0.0026831673458218575
145	0.9943554401397705	0.003397641470655799	0.002247001975774765	0.06227937340736389	0.9365938305854797	0.0011267687659710646
146	0.9927136301994324	0.006876030936837196	0.0004102688981220126	0.007710151374340057	0.9918298125267029	0.00046008385834284127
147	0.996029257774353	0.0031278817914426327	0.0008428858709521592	0.0030658540781587362	0.9963662624359131	0.0005679010064341128
148	0.9843968749046326	0.014052264392375946	0.0015508106444031	0.0023887522984296083	0.996180534362793	0.0014306927332654595
149	0.9938260912895203	0.005728366784751415	0.0004454970476217568	0.0035494002513587475	0.8627062439918518	0.13374429941177368
150	0.9942080974578857	0.004371443763375282	0.0014204253675416112	0.003346713725477457	0.9044818878173828	0.09217140078544617
151	0.9946755170822144	0.005043989513069391	0.0002804469841066748	0.009084771387279034	0.9890986680984497	0.0018164741341024637
152	0.9888084530830383	0.00953788310289383	0.001653709332458675	0.031906820833683014	0.9656229615211487	0.0024701952934265137
153	0.9949405193328857	0.004827206954360008	0.000232322359806858	0.9719659090042114	0.027796557173132896	0.00023750057152938098
154	0.9902771711349487	0.009339995682239532	0.0003828948538284749	0.0148104727268219	0.9846112132072449	0.0005782500375062227
155	0.995728075504303	0.003963001538068056	0.0003088358207605779	0.0005267799715511501	0.9983738660812378	0.0010992883471772075
156	0.995020866394043	0.0044395700097084045	0.0005395080661401153	0.0016622374532744288	0.9968423843383789	0.001495364005677402
157	0.8933814764022827	0.00796551164239645	0.09865298867225647	0.08010735362768173	0.6620224118232727	0.25787022709846497
158	0.5592347383499146	0.09971421957015991	0.34105104207992554	0.08575304597616196	0.6926347613334656	0.2216121107339859
159	0.9956010580062866	0.0037654568441212177	0.000633532356005162	0.014606987126171589	0.9837194681167603	0.0016735729295760393
160	0.9376580715179443	0.059023451060056686	0.003318478586152196	0.0009270430309697986	0.9982519745826721	0.0008209626539610326
161	0.9865923523902893	0.009354435838758945	0.0040532490238547325	0.12097778171300888	0.6314845681190491	0.24753762781620026
162	0.9949449896812439	0.004671833012253046	0.0003831448848359287	0.5774561762809753	0.420697420835495	0.0018464212771505117
163	0.9534807205200195	0.021963177248835564	0.024556133896112442	0.007064207922667265	0.7616179585456848	0.23131780326366425
164	0.9920937418937683	0.007397965993732214	0.0005082436255179346	0.0011175767285749316	0.9981293082237244	0.0007531634182669222
165	0.9962862730026245	0.0033854334615170956	0.0003283111727796495	0.003936481662094593	0.9945390820503235	0.0015243765665218234
166	0.9834288954734802	0.015620356425642967	0.0009507184149697423	0.0008345144451595843	0.9987654685974121	0.00040006640483625233
167	0.9957263469696045	0.003966972231864929	0.00030670585692860186	0.036038074642419815	0.9626967310905457	0.0012652694713324308
168	0.9944959282875061	0.0047994256019592285	0.000704699254129082	0.0015600190963596106	0.9965439438819885	0.0018960586749017239
169	0.9939145445823669	0.005434919614344835	0.0006505686324089766	0.0018464154563844204	0.997235119342804	0.0009184594382531941
170	0.9949427247047424	0.0044738915748894215	0.0005833376781083643	0.8919671773910522	0.10748819261789322	0.0005446101422421634
171	0.9914611577987671	0.007304683327674866	0.0012342114932835102	0.7339862585067749	0.2646384835243225	0.0013752473751083016
172	0.9936767220497131	0.005970273166894913	0.00035297631984576583	0.12099970877170563	0.8783786296844482	0.000621640298049897
173	0.9908187985420227	0.00875810720026493	0.00042302272049710155	0.3482777178287506	0.6506044268608093	0.0011178595013916492
174	0.9940792322158813	0.00521955406293273	0.0007012804853729904	0.0008087852038443089	0.9986750483512878	0.0005161446752026677
175	0.9947953820228577	0.0045868330635130405	0.0006177392788231373	0.0008442567195743322	0.9984020590782166	0.0007537332712672651
176	0.9872581362724304	0.008154097013175488	0.004587757866829634	0.0012859536800533533	0.997999370098114	0.0007146435673348606
177	0.9950494170188904	0.004583431873470545	0.0003671365848276764	0.947963535785675	0.05150074511766434	0.0005357576883397996
178	0.9948146939277649	0.00474256556481123	0.0004426741797942668	0.0006319368840195239	0.9983382225036621	0.0010297729168087244
179	0.9937746524810791	0.004315380938351154	0.0019099822966381907	0.9332164525985718	0.06612838059663773	0.0006552197737619281
180	0.9559923410415649	0.022133948281407356	0.021873733028769493	0.0013122439850121737	0.9925692677497864	0.006118506658822298
181	0.993335485458374	0.00627606175839901	0.00038843948277644813	0.11821484565734863	0.8812176585197449	0.000567526207305491
182	0.9947852492332458	0.004706156440079212	0.0005086103337816894	0.0006510881357826293	0.9986655712127686	0.0006833288935013115
183	0.9747797846794128	0.020236263051629066	0.004983917810022831	0.44991186261177063	0.5358846783638	0.014203437604010105
184	0.02038000337779522	0.003836340270936489	0.97578364610672	0.002230168553069234	0.021998010575771332	0.9757717251777649
185	0.979162335395813	0.019564541056752205	0.0012731885071843863	0.005043523386120796	0.9936473965644836	0.0013089746935293078
186	0.9797849059104919	0.015265204943716526	0.0049498239532113075	0.00019759499991778284	0.9886165261268616	0.011185859329998493
187	0.9965174198150635	0.003189602168276906	0.00029300671303644776	0.5691862106323242	0.42988866567611694	0.000925111526157707
188	0.9933289289474487	0.005779127590358257	0.0008920044056139886	0.6764479279518127	0.32273632287979126	0.0008156865951605141
189	0.9900262355804443	0.00972819048911333	0.0002455814683344215	0.009951931424438953	0.9895290732383728	0.0005189827061258256
190	0.9654929041862488	0.024809785187244415	0.009697320871055126	0.007398199290037155	0.9763156175613403	0.01628626324236393
191	0.12022210657596588	0.009757664985954762	0.8700202107429504	0.003806009190157056	0.8568872213363647	0.13930681347846985
192	0.9954654574394226	0.00382027099840343	0.000714315683580935	0.0027640475891530514	0.9959880709648132	0.0012478139251470566
193	0.9973142743110657	0.002504181582480669	0.00018154882127419114	0.010617240332067013	0.9890747666358948	0.00030795554630458355
194	0.9913715124130249	0.007744207046926022	0.0008842783281579614	0.0016000131145119667	0.9979057312011719	0.0004943162784911692
195	0.9946420192718506	0.004594868049025536	0.0007631462067365646	0.9523496627807617	0.04699179530143738	0.0006586168892681599
196	0.9969078898429871	0.002769444603472948	0.0003227099368814379	0.0019164190161973238	0.9977105855941772	0.00037296352093108
197	0.9953699707984924	0.004049680195748806	0.000580387597437948	0.9709426760673523	0.028547443449497223	0.0005098167457617819
198	0.9929418563842773	0.006197990383952856	0.0008601709268987179	0.0007871486595831811	0.9956957101821899	0.003517068224027753
199	0.9903969764709473	0.009025590494275093	0.0005774812889285386	0.0005264111678116024	0.9983062744140625	0.0011673112167045474
