0	0.07263735681772232	0.13424617052078247	0.7931165099143982	0.4667641520500183	0.2614118754863739	0.2718239426612854
1	0.22435715794563293	0.08405660837888718	0.6915862560272217	0.8197317719459534	0.11806857585906982	0.062199633568525314
2	0.06326006352901459	0.8706197738647461	0.06612017750740051	0.3674597442150116	0.6154851317405701	0.017055176198482513
3	0.28116604685783386	0.43409428000450134	0.28473961353302	0.08357793092727661	0.912474513053894	0.0039476193487644196
4	0.023738369345664978	0.9674530029296875	0.008808612823486328	0.9509910941123962	0.046684470027685165	0.002324428642168641
5	0.9501808285713196	0.039444826543331146	0.010374335572123528	0.8888499736785889	0.08681659400463104	0.02433343231678009
6	0.5850350260734558	0.2955361306667328	0.11942889541387558	0.9744565486907959	0.024929359555244446	0.000614130578469485
7	0.46510982513427734	0.2138538956642151	0.32103630900382996	0.09229645133018494	0.7713755369186401	0.13632801175117493
8	0.037247974425554276	0.9617711901664734	0.0009808773174881935	0.029458539560437202	0.9688189625740051	0.0017225146293640137
9	0.9726781845092773	0.026616830378770828	0.0007050419226288795	0.9884845614433289	0.011076383292675018	0.0004391117545310408
10	0.009566917084157467	0.8784121870994568	0.11202086508274078	0.10413181036710739	0.8709716796875	0.024896468967199326
11	0.6241002082824707	0.3653879463672638	0.010511817410588264	0.003649924648925662	0.721953272819519	0.2743968069553375
12	0.0011538072722032666	0.9967293739318848	0.002116784453392029	0.9694616198539734	0.029920142143964767	0.0006182185607030988
13	0.03601446375250816	0.9216915369033813	0.042293980717659	0.9831601977348328	0.015466506592929363	0.0013733301311731339
14	0.9128798246383667	0.06449270993471146	0.022627441212534904	0.24761058390140533	0.7252568602561951	0.027132585644721985
15	0.09943556785583496	0.8745912909507751	0.025973206385970116	0.3993288576602936	0.5501963496208191	0.05047484487295151
16	0.023325908929109573	0.9607226848602295	0.01595127582550049	0.5735807418823242	0.42282649874687195	0.003592797787860036
17	0.8865572214126587	0.03486551344394684	0.07857722043991089	0.5413731336593628	0.41073107719421387	0.04789574071764946
18	0.915771484375	0.04041692614555359	0.04381151869893074	0.9452113509178162	0.04240475967526436	0.012383892200887203
19	0.005631777457892895	0.02193641848862171	0.9724317789077759	0.3287307918071747	0.09430404007434845	0.5769652128219604
20	0.12894485890865326	0.8660896420478821	0.004965496249496937	0.9769065976142883	0.020801009610295296	0.0022923669312149286
21	0.001980684231966734	0.9955921769142151	0.002427074359729886	0.02409212477505207	0.9239750504493713	0.05193283036351204
22	0.042901650071144104	0.9533566236495972	0.0037416245322674513	0.5369566679000854	0.4585886299610138	0.0044546229764819145
23	0.15185829997062683	0.8423789143562317	0.0057627856731414795	0.07050886750221252	0.9266481995582581	0.0028429743833839893
24	0.0034800611902028322	0.02902313508093357	0.9674967527389526	0.006155932787805796	0.2314346879720688	0.7624094486236572
25	0.7375131249427795	0.261513888835907	0.0009729571174830198	0.9936145544052124	0.006232740357518196	0.0001526631967863068
26	0.28347763419151306	0.7120135426521301	0.004508855286985636	0.012186743319034576	0.9848141074180603	0.0029992167837917805
27	0.5835636854171753	0.07074908912181854	0.34568727016448975	0.7623152136802673	0.19685892760753632	0.040825843811035156
28	0.09395462274551392	0.9017093777656555	0.0043360586278140545	0.7873882055282593	0.2060116082429886	0.006600177846848965
29	0.08536988496780396	0.6953262686729431	0.21930380165576935	0.3868277072906494	0.5925941467285156	0.020578177645802498
30	0.01678532548248768	0.9688104391098022	0.01440417394042015	0.6911797523498535	0.18320289254188538	0.12561741471290588
31	0.5186612606048584	0.15818838775157928	0.3231503367424011	0.09664072841405869	0.8400314450263977	0.06332782655954361
32	0.17157258093357086	0.8206140398979187	0.007813338190317154	0.9398181438446045	0.059846729040145874	0.00033514833194203675
33	0.9852901697158813	0.013829992152750492	0.000879788538441062	0.9948598146438599	0.00474133575335145	0.0003988546086475253
34	0.018414301797747612	0.9731460213661194	0.008439742028713226	0.5284074544906616	0.46955397725105286	0.0020385603420436382
35	0.05814271420240402	0.920418918132782	0.021438395604491234	0.09447544068098068	0.8837150931358337	0.021809503436088562
36	0.38909322023391724	0.49696052074432373	0.11394626647233963	0.014134551398456097	0.9768372178077698	0.009028194472193718
37	0.3779124915599823	0.5668807029724121	0.0552067905664444	0.7106814980506897	0.27524226903915405	0.014076224528253078
38	0.0017166794277727604	0.9906044602394104	0.007678816094994545	0.008912344463169575	0.989738404750824	0.0013492486905306578
39	0.9270795583724976	0.06893694400787354	0.003983495756983757	0.9967749714851379	0.0030023891013115644	0.00022268570319283754
40	0.23531703650951385	0.2152060568332672	0.5494769215583801	0.26141369342803955	0.2607739269733429	0.477812260389328
41	0.28768542408943176	0.6997013688087463	0.012613171711564064	0.9728389978408813	0.02553655579686165	0.0016244774451479316
42	0.2914212942123413	0.7007177472114563	0.007860968820750713	0.9353685975074768	0.06399718672037125	0.0006342418491840363
43	0.48754727840423584	0.14638586342334747	0.3660667836666107	0.00901455245912075	0.9697012305259705	0.021284302696585655
44	0.13316723704338074	0.17996658384799957	0.6868661642074585	0.006141108460724354	0.9866051077842712	0.007253764197230339
45	0.9884288907051086	0.01049541775137186	0.0010757186682894826	0.9794312119483948	0.018885908648371696	0.001682819565758109
46	0.9327287673950195	0.062284473329782486	0.004986729007214308	0.8267252445220947	0.17148511111736298	0.0017896594945341349
47	0.4118136763572693	0.5690705180168152	0.019115786999464035	0.017424510791897774	0.942380964756012	0.040194589644670486
48	0.07594738900661469	0.9196648597717285	0.004387661349028349	0.8275281190872192	0.17157790064811707	0.000893994583748281
49	0.09163068979978561	0.447346955537796	0.46102237701416016	0.013949782587587833	0.8631959557533264	0.12285429984331131
50	0.8846004009246826	0.11458554118871689	0.000814040657132864	0.08047111332416534	0.9188944101333618	0.0006344885914586484
51	0.9293943047523499	0.06947004050016403	0.001135640311986208	0.9946269392967224	0.005065367091447115	0.0003076680877711624
52	0.003278666641563177	0.012220844626426697	0.984500527381897	0.047590676695108414	0.07749944925308228	0.8749098777770996
53	0.9727919697761536	0.02201162651181221	0.005196420941501856	0.4934404492378235	0.3886719346046448	0.11788768321275711
54	0.3483162224292755	0.4988497793674469	0.15283407270908356	0.09784980863332748	0.8362074494361877	0.06594272702932358
55	0.22497104108333588	0.7702482342720032	0.0047807530499994755	0.9133601188659668	0.08578430116176605	0.0008555632666684687
56	0.12253312021493912	0.810620903968811	0.06684599816799164	0.7178831696510315	0.02285134047269821	0.2592654824256897
57	0.9828846454620361	0.014479599893093109	0.0026357832830399275	0.8008819222450256	0.09210137277841568	0.1070166677236557
58	0.09143739938735962	0.010406075976788998	0.898156464099884	0.008862810209393501	0.06672244518995285	0.9244147539138794
59	0.002428866922855377	0.9951575398445129	0.0024135441053658724	0.9907331466674805	0.0088760145008564	0.00039084639865905046
60	0.5427812337875366	0.21500557661056519	0.242213174700737	0.6949907541275024	0.22703388333320618	0.0779753178358078
61	0.027128804475069046	0.6017993688583374	0.37107178568840027	0.08474842458963394	0.8652735948562622	0.04997787997126579
62	0.004757697694003582	0.0029575859662145376	0.9922846555709839	0.003903830423951149	0.007356264628469944	0.9887397885322571
63	0.011577091179788113	0.986354649066925	0.0020682502072304487	0.002932388335466385	0.9955459833145142	0.0015216273022815585
64	0.16732245683670044	0.28085100650787354	0.5518265962600708	0.1649143099784851	0.8135793805122375	0.021506350487470627
65	0.5337836742401123	0.11174700409173965	0.354469358921051	0.5184466242790222	0.2087879180908203	0.27276554703712463
66	0.9956016540527344	0.003096560947597027	0.0013018000172451138	0.9955564141273499	0.002763001248240471	0.00168055749963969
67	0.7716637253761292	0.12196703255176544	0.10636921972036362	0.8466839790344238	0.14587341248989105	0.007442637346684933
68	0.2612111568450928	0.7291429042816162	0.009646045975387096	0.03140519559383392	0.1427314579486847	0.8258633017539978
69	0.014694568701088428	0.9829189777374268	0.0023865210823714733	0.6747979521751404	0.3239383101463318	0.0012636802857741714
70	0.01217641681432724	0.8494917750358582	0.13833189010620117	0.8006599545478821	0.17328184843063354	0.026058202609419823
71	0.4038917124271393	0.5854678750038147	0.010640479624271393	0.8881472945213318	0.11043965071439743	0.0014130872441455722
72	0.988684356212616	0.010749069973826408	0.0005665931385010481	0.9798967242240906	0.01799992099404335	0.002103334292769432
73	0.7804253697395325	0.21736200153827667	0.002212644787505269	0.9162839651107788	0.0832047313451767	0.0005112877697683871
74	0.6976993083953857	0.29982709884643555	0.0024736246559768915	0.8217725157737732	0.17766942083835602	0.0005580303841270506
75	0.3667777478694916	0.6312131285667419	0.002009139396250248	0.9931029081344604	0.006673849653452635	0.0002232792176073417
76	0.0013782314490526915	0.9969272017478943	0.0016946394462138414	0.9747607707977295	0.024260230362415314	0.000978959957137704
77	0.06832662224769592	0.8001816868782043	0.13149166107177734	0.03332727402448654	0.519027829170227	0.44764482975006104
78	0.5147576928138733	0.4786384403705597	0.006603891495615244	0.05607164651155472	0.929730236530304	0.014198205433785915
79	0.003841163357719779	0.9698659181594849	0.026292962953448296	0.20752818882465363	0.642493724822998	0.14997808635234833
80	0.04286103695631027	0.9518246054649353	0.005314385052770376	0.7131783962249756	0.2539425492286682	0.03287910297513008
81	0.979674756526947	0.019473113119602203	0.0008521790732629597	0.6651158928871155	0.33143889904022217	0.003445237409323454
82	0.3049837350845337	0.6755273938179016	0.01948888786137104	0.017770269885659218	0.9797165989875793	0.0025131201837211847
83	0.6660223007202148	0.3261876106262207	0.007790120784193277	0.9302152991294861	0.067788265645504	0.001996473176404834
84	0.9178460240364075	0.07445002347230911	0.007703899405896664	0.9407566785812378	0.05718590319156647	0.002057420089840889
85	0.0049188099801540375	0.976650595664978	0.01843070611357689	0.10515408962965012	0.8929873704910278	0.0018585778307169676
86	0.101385697722435	0.8958038091659546	0.002810442354530096	0.9900398850440979	0.009711204096674919	0.0002489266043994576
87	0.0003479306760709733	0.9512209296226501	0.04843113571405411	0.693537175655365	0.2995806336402893	0.00688224658370018
88	0.7601369619369507	0.23721054196357727	0.0026524884160608053	0.9583048820495605	0.041101083159446716	0.0005940372939221561
89	0.9495897889137268	0.046514663845300674	0.003895516274496913	0.0014759438345208764	0.9931449890136719	0.005379030480980873
90	0.623149573802948	0.34159499406814575	0.035255443304777145	0.4078088700771332	0.5886632800102234	0.0035279446747153997
91	0.007696526125073433	0.9552474021911621	0.03705610707402229	0.21392108500003815	0.7526769042015076	0.03340209648013115
92	0.042906828224658966	0.10945585370063782	0.8476372957229614	0.12841932475566864	0.1535855382680893	0.7179951071739197
93	0.9954025745391846	0.004191850312054157	0.0004056184843648225	0.9951529502868652	0.004519886337220669	0.0003271405876148492
94	0.6065609455108643	0.3837897777557373	0.009649286977946758	0.9791285991668701	0.018841808661818504	0.002029525116086006
95	0.49645769596099854	0.4947071671485901	0.00883509311825037	0.8085070252418518	0.1887800097465515	0.0027130229864269495
96	0.14625363051891327	0.8501887321472168	0.0035576899535954	0.9901918172836304	0.009251629002392292	0.0005566024337895215
97	0.6067266464233398	0.24884437024593353	0.14442899823188782	0.6690024733543396	0.27344611287117004	0.05755143240094185
98	0.5195271968841553	0.47635966539382935	0.004113154485821724	0.9958634376525879	0.003913823049515486	0.00022270920453593135
99	0.06864909082651138	0.9284644722938538	0.0028863647021353245	0.9393766522407532	0.06026896834373474	0.00035435170866549015
100	0.9906326532363892	0.008852096274495125	0.0005151884397491813	0.04200857877731323	0.9567433595657349	0.001248127780854702
101	0.028036434203386307	0.9642850756645203	0.007678546477109194	0.027945533394813538	0.9653517007827759	0.006702715530991554
102	0.5664520859718323	0.369098424911499	0.06444943696260452	0.1235043928027153	0.8748405575752258	0.001655092928558588
103	0.01689659245312214	0.15780992805957794	0.8252934813499451	0.006324002519249916	0.16601814329624176	0.8276578783988953
104	0.6228893399238586	0.3653010427951813	0.011809539049863815	0.9898972511291504	0.00967773050069809	0.00042504497105255723
105	0.398914098739624	0.5881786346435547	0.012907327152788639	0.12596027553081512	0.7873293161392212	0.08671040087938309
106	0.03220821171998978	0.964611291885376	0.0031805376056581736	0.8204947710037231	0.17825087904930115	0.0012543300399556756
107	0.0026345732621848583	0.26483213901519775	0.7325332760810852	0.000693968846462667	0.26066696643829346	0.7386390566825867
108	0.9899945855140686	0.009667403995990753	0.00033809037995524704	0.9961534142494202	0.0036987520288676023	0.00014777401520404965
109	0.09136634320020676	0.9066736698150635	0.0019600181840360165	0.9870545864105225	0.01259441114962101	0.00035095721250399947
110	0.05557893216609955	0.7766103744506836	0.16781067848205566	0.44984784722328186	0.48248058557510376	0.06767162680625916
111	0.009850975126028061	0.9871633052825928	0.0029856818728148937	0.9328901767730713	0.06644238531589508	0.0006674320320598781
112	0.5296916365623474	0.4675304591655731	0.0027778970543295145	0.9970192909240723	0.002695872448384762	0.00028486581868492067
113	0.9499317407608032	0.049640167504549026	0.0004280840221326798	0.9931036829948425	0.0067446534521877766	0.0001516915363026783
114	0.4706589877605438	0.4340258836746216	0.09531515091657639	0.15180158615112305	0.8422428369522095	0.005955582484602928
115	0.013257060199975967	0.7776318788528442	0.2091110348701477	0.2862524390220642	0.6301038265228271	0.08364373445510864
116	0.4923858046531677	0.49722030758857727	0.010393950156867504	0.007366587873548269	0.9874342083930969	0.005199211183935404
117	0.0024069903884083033	0.9960622191429138	0.0015307649737223983	0.758293867111206	0.23995056748390198	0.0017555842641741037
118	0.01303153857588768	0.9851080775260925	0.0018603495554998517	0.05311482399702072	0.9410420656204224	0.0058430456556379795
119	0.172856405377388	0.029722247272729874	0.7974213361740112	0.005790991242974997	0.295259952545166	0.6989490985870361
120	0.744630753993988	0.08860171586275101	0.16676750779151917	0.7292840480804443	0.11988360434770584	0.15083235502243042
121	0.41656431555747986	0.5646633505821228	0.01877225749194622	0.007239163853228092	0.9896175265312195	0.00314321368932724
122	0.9476292133331299	0.04810943827033043	0.004261359106749296	0.9725473523139954	0.02636832930147648	0.0010843058116734028
123	0.9946926236152649	0.004946144763380289	0.0003612569998949766	0.9948022365570068	0.004966206848621368	0.00023160302953328937
124	0.0026027453131973743	0.3468446135520935	0.6505526900291443	0.006390346214175224	0.4434630870819092	0.5501465201377869
125	0.08090492337942123	0.7941374182701111	0.12495770305395126	0.5034434199333191	0.3652973175048828	0.13125921785831451
126	0.9099304676055908	0.07549069821834564	0.014578872360289097	0.8437079191207886	0.08568078279495239	0.07061133533716202
127	0.10761557519435883	0.8886731266975403	0.0037111989222466946	0.9916907548904419	0.007937733083963394	0.00037149497075006366
128	0.9920686483383179	0.007032518740743399	0.0008987962501123548	0.9947103261947632	0.004919497761875391	0.00037022840115241706
129	0.11048079282045364	0.8873350024223328	0.0021842659916728735	0.8619011640548706	0.1365005373954773	0.0015983515186235309
130	0.983807384967804	0.01585826463997364	0.00033438490936532617	0.9779881238937378	0.021695949137210846	0.0003159890475217253
131	0.19048960506916046	0.7523379325866699	0.057172469794750214	0.0014766518725082278	0.9969069361686707	0.0016164884436875582
132	0.9404585361480713	0.05595868080854416	0.0035828258842229843	0.8896098136901855	0.10930328071117401	0.001086855074390769
133	0.992331862449646	0.007456968072801828	0.00021121908503118902	0.9855258464813232	0.014303075149655342	0.0001710012584226206
134	0.03223384916782379	0.44823890924453735	0.5195271968841553	0.06110155209898949	0.39725935459136963	0.5416390895843506
135	0.6794977784156799	0.27917423844337463	0.041327960789203644	0.7227439880371094	0.27350306510925293	0.0037530020345002413
136	0.9456810355186462	0.05360223352909088	0.0007167095900513232	0.9933431148529053	0.006506065372377634	0.00015075021656230092
137	0.23620040714740753	0.732779860496521	0.03101976029574871	0.007435916922986507	0.9811681509017944	0.011395907029509544
138	0.008232977241277695	0.9476180672645569	0.04414890706539154	0.5598462224006653	0.37929636240005493	0.06085740774869919
139	0.0887693464756012	0.9086299538612366	0.002600732259452343	0.029319582507014275	0.970153272151947	0.0005271767149679363
140	0.07873281836509705	0.8029937744140625	0.11827337741851807	0.7198765277862549	0.14025509357452393	0.13986840844154358
141	0.45839738845825195	0.5354214906692505	0.006181151140481234	0.980668842792511	0.01911752298474312	0.00021362896950449795
142	0.03561943396925926	0.12485404312610626	0.8395265340805054	0.0276033915579319	0.8457613587379456	0.12663520872592926
143	0.01763128861784935	0.9799495339393616	0.002419216325506568	0.638170063495636	0.36085569858551025	0.0009741547983139753
144	0.13875946402549744	0.8574145436286926	0.00382602890022099	0.9916918277740479	0.007796095218509436	0.0005120650166645646
145	0.1427336037158966	0.04500533640384674	0.8122610449790955	0.006877253297716379	0.013929287903010845	0.9791935086250305
146	0.9458268284797668	0.053370457142591476	0.0008027001167647541	0.9889195561408997	0.010840557515621185	0.00023989126202650368
147	0.02066277712583542	0.19910360872745514	0.7802335619926453	0.03251124173402786	0.208597794175148	0.7588909864425659
148	0.10934220999479294	0.7786808609962463	0.11197687685489655	0.76017826795578	0.17793810367584229	0.06188362091779709
149	0.966593861579895	0.03201444819569588	0.001391741679981351	0.9596247673034668	0.03942250460386276	0.0009526886278763413
150	0.9943671822547913	0.005264045670628548	0.00036873517092317343	0.9960259199142456	0.003690999234095216	0.0002831261372193694
151	0.9186933040618896	0.05562814325094223	0.02567857690155506	0.2469651699066162	0.6682798266410828	0.08475501090288162
152	0.025701114907860756	0.9460341930389404	0.028264770284295082	0.6452875733375549	0.34507283568382263	0.009639563038945198
153	0.9922935962677002	0.007415888365358114	0.00029046268900856376	0.9969160556793213	0.0029311636462807655	0.0001527885178802535
154	0.741735577583313	0.25558868050575256	0.0026757055893540382	0.9694510102272034	0.028829704970121384	0.0017192780505865812
155	0.02788565866649151	0.9671285152435303	0.0049857813864946365	0.9225360155105591	0.07692486047744751	0.0005391344311647117
156	0.5631674528121948	0.43507564067840576	0.001756868907250464	0.0004390596295706928	0.9988597631454468	0.0007012751302681863
157	0.05983622372150421	0.15650825202465057	0.78365558385849	0.057532161474227905	0.0701085552573204	0.8723593354225159
158	0.9945751428604126	0.005241837352514267	0.00018300100055057555	0.9960721731185913	0.00378848472610116	0.00013938776100985706
159	0.9635612368583679	0.02673683688044548	0.009701932780444622	0.9513871669769287	0.0396810919046402	0.008931770920753479
160	0.05533742904663086	0.2900444567203522	0.6546181440353394	0.07102040946483612	0.09847095608711243	0.8305087089538574
161	0.96612149477005	0.031751081347465515	0.0021273824386298656	0.3784259855747223	0.6193427443504333	0.002231230027973652
162	0.9844659566879272	0.014863424934446812	0.0006706137210130692	0.9865966439247131	0.01298105251044035	0.00042228735401295125
163	0.8391886949539185	0.15992100536823273	0.0008902876870706677	0.867449939250946	0.13184873759746552	0.0007012878195382655
164	0.9938422441482544	0.005680000875145197	0.0004777480789925903	0.9871119856834412	0.012380136176943779	0.0005078176618553698
165	0.16236527264118195	0.833038866519928	0.00459583755582571	0.9880943894386292	0.011621215380728245	0.00028442314942367375
166	0.9802318811416626	0.019161077216267586	0.00060696603031829	0.9852531552314758	0.014302772469818592	0.00044410742702893913
167	0.37769615650177	0.4213174879550934	0.20098631083965302	0.18780504167079926	0.8037189841270447	0.008475996553897858
168	0.0016506355023011565	0.9661815762519836	0.03216783329844475	0.7766955494880676	0.22156983613967896	0.001734613673761487
169	0.08201153576374054	0.009403720498085022	0.9085846543312073	0.027453992515802383	0.014518692158162594	0.9580272436141968
170	0.005970630329102278	0.8007833361625671	0.19324611127376556	0.07861904054880142	0.8477928638458252	0.07358814775943756
171	0.8310449719429016	0.16616356372833252	0.0027913942467421293	0.9920734763145447	0.007514463737607002	0.00041212988435290754
172	0.9160268902778625	0.08275029063224792	0.0012227512197569013	0.5734008550643921	0.42578303813934326	0.0008161159930750728
173	0.01059755776077509	0.9844418168067932	0.004960634279996157	0.008543472737073898	0.9871254563331604	0.004330955445766449
174	0.3189612030982971	0.607645571231842	0.07339312881231308	0.0044383760541677475	0.5325294733047485	0.46303215622901917
175	0.8956053853034973	0.10319875180721283	0.0011958896648138762	0.9421337246894836	0.05689118430018425	0.0009750390308909118
176	0.01631121151149273	0.9829835891723633	0.0007052409928292036	0.8805837631225586	0.11747869849205017	0.0019375630654394627
177	0.09735232591629028	0.8566514849662781	0.045996200293302536	0.9889083504676819	0.010181757621467113	0.0009098575683310628
178	0.08827323466539383	0.8747228384017944	0.03700394555926323	0.0009625767706893384	0.9685793519020081	0.030458085238933563
179	0.985579252243042	0.005892926827073097	0.008527769707143307	0.9730700254440308	0.010288459248840809	0.016641566529870033
180	0.0015935151604935527	0.009347258135676384	0.9890592098236084	0.004830758552998304	0.026501158252358437	0.9686681628227234
181	0.9837627410888672	0.015233625657856464	0.001003612531349063	0.8996102213859558	0.09938667714595795	0.0010030914563685656
182	0.9921457171440125	0.007627195678651333	0.00022707298921886832	0.9965039491653442	0.003285828046500683	0.000210247264476493
183	0.9085574150085449	0.0887523964047432	0.002690164837986231	0.7464824914932251	0.25199639797210693	0.0015211214777082205
184	0.006221963558346033	0.09909436106681824	0.8946837186813354	0.04768899083137512	0.13766373693943024	0.8146472573280334
185	0.015858732163906097	0.9809429049491882	0.0031983789522200823	0.9681352376937866	0.02819843403995037	0.003666323609650135
186	0.3381229043006897	0.6341625452041626	0.027714617550373077	0.7182889580726624	0.27474913001060486	0.006961901672184467
187	0.9914233088493347	0.00816034059971571	0.00041630712803453207	0.9966573715209961	0.0031556175090372562	0.00018700836517382413
188	0.9012212753295898	0.01857108622789383	0.08020763099193573	0.6924732327461243	0.05753292515873909	0.24999383091926575
189	0.39304444193840027	0.5501778721809387	0.056777749210596085	0.02032712660729885	0.8429756164550781	0.13669729232788086
190	0.017361639067530632	0.9586436152458191	0.02399480901658535	0.008825564756989479	0.9587116241455078	0.03246276453137398
191	0.06370070576667786	0.926718533039093	0.009580835700035095	0.6044967770576477	0.36384743452072144	0.03165573626756668
192	0.8241042494773865	0.17498956620693207	0.0009062358876690269	0.9556637406349182	0.043819598853588104	0.0005166978226043284
193	0.2734120488166809	0.18790000677108765	0.5386879444122314	0.05396653339266777	0.011027377098798752	0.9350062012672424
194	0.9914242625236511	0.008085373789072037	0.000490373931825161	0.9912638664245605	0.008520274423062801	0.00021586452203337103
195	0.6044095158576965	0.36415180563926697	0.031438663601875305	0.008344479836523533	0.9907402992248535	0.0009151718695648015
196	0.7173811197280884	0.26239287853240967	0.020225999876856804	0.016630399972200394	0.47459039092063904	0.5087792277336121
197	0.7575082182884216	0.23950359225273132	0.0029882171656936407	0.9591072201728821	0.03889063000679016	0.0020021446980535984
198	0.9804567098617554	0.017747953534126282	0.0017953572096303105	0.8059366941452026	0.19329330325126648	0.0007700605201534927
199	0.6944193840026855	0.2883929908275604	0.01718761771917343	0.004277889616787434	0.9915852546691895	0.004136856645345688
