0	0.009610147215425968	0.004800564143806696	0.985589325428009	0.007278150413185358	0.004133039619773626	0.988588809967041
1	0.0015951546374708414	0.002488875761628151	0.995915949344635	0.0013171706814318895	0.0020140816923230886	0.9966687560081482
2	0.001954082166776061	0.0058919587172567844	0.9921539425849915	0.0026798658072948456	0.007572711445391178	0.9897474050521851
3	0.0022330351639539003	0.043403346091508865	0.9543635845184326	0.001793154631741345	0.03227030485868454	0.9659364819526672
4	0.17677922546863556	0.02664712443947792	0.7965736389160156	0.44727760553359985	0.041089463979005814	0.5116329789161682
5	0.0028555402532219887	0.008631821721792221	0.9885127544403076	0.001592095592059195	0.007457135710865259	0.9909508228302002
6	0.0025083066429942846	0.003419379238039255	0.9940722584724426	0.002854766556993127	0.006319828797131777	0.9908254742622375
7	0.07852928340435028	0.032939501106739044	0.8885313272476196	0.02750258333981037	0.01569145731627941	0.9568060040473938
8	0.0010193376801908016	0.0020130868069827557	0.996967613697052	0.001262190635316074	0.0019372378010302782	0.9968005418777466
9	0.00355146243236959	0.014918914064764977	0.9815296530723572	0.0015477316919714212	0.008565370924770832	0.9898868203163147
10	0.0053632827475667	0.005387091543525457	0.9892497062683105	0.005213235504925251	0.005400612484663725	0.9893860816955566
11	0.021178869530558586	0.2985970079898834	0.6802242398262024	0.020384013652801514	0.2035474181175232	0.7760685682296753
12	0.22431756556034088	0.04530952870845795	0.7303729057312012	0.09373318403959274	0.154210165143013	0.7520565986633301
13	0.0019852444529533386	0.010167228057980537	0.9878475666046143	0.0010350168449804187	0.011691860854625702	0.987273097038269
14	0.0013786761555820704	0.013068781234323978	0.9855524897575378	0.0016061806818470359	0.015525278635323048	0.9828686714172363
15	0.0557670071721077	0.02903229556977749	0.9152007102966309	0.2763690948486328	0.040151987224817276	0.6834789514541626
16	0.003357021836563945	0.009011399932205677	0.987631618976593	0.006819460541009903	0.009605496190488338	0.9835751056671143
17	0.000797963875811547	0.00869924295693636	0.9905028343200684	0.00085964280879125	0.004931224975734949	0.9942091703414917
18	0.006340028252452612	0.018373852595686913	0.975286066532135	0.005684752948582172	0.024409757927060127	0.9699054956436157
19	0.3963924050331116	0.5923705697059631	0.011237075552344322	0.9791467785835266	0.014855355955660343	0.005997868720442057
20	0.019365815445780754	0.017556412145495415	0.9630777835845947	0.0030615555588155985	0.008396429941058159	0.9885419607162476
21	0.0050190528854727745	0.008959357626736164	0.9860215783119202	0.0028553579468280077	0.005046785343438387	0.9920978546142578
22	0.0009035483235493302	0.0027388962917029858	0.9963575005531311	0.0008168228669092059	0.0022897126618772745	0.9968935251235962
23	0.002384890802204609	0.0030988953076303005	0.9945161938667297	0.0027573597617447376	0.004224245436489582	0.993018388748169
24	0.0007423679926432669	0.02169930189847946	0.9775583148002625	0.0005533137009479105	0.03226491063833237	0.9671817421913147
25	0.0019014179706573486	0.0017999903066083789	0.9962984919548035	0.0007569282315671444	0.0009411611245013773	0.9983019828796387
26	0.0018216243479400873	0.010680927895009518	0.9874975681304932	0.0023613173980265856	0.008163223043084145	0.9894754886627197
27	0.9810684323310852	0.008117379620671272	0.0108141815289855	0.9799418449401855	0.012326427735388279	0.007731722202152014
28	0.004565125796943903	0.006408480927348137	0.9890263676643372	0.0016560822259634733	0.004192577674984932	0.9941512942314148
29	0.0018960196757689118	0.010129130445420742	0.9879747629165649	0.0018058441346511245	0.006662433035671711	0.9915316700935364
30	0.0005806478438898921	0.0015901734586805105	0.997829258441925	0.0011052062036469579	0.001958257984369993	0.9969364404678345
31	0.00268448144197464	0.006071442738175392	0.9912440776824951	0.003695924999192357	0.005478889215737581	0.9908251166343689
32	0.0034727745223790407	0.00800006277859211	0.9885271787643433	0.005005005281418562	0.008867418393492699	0.986127495765686
33	0.013234441168606281	0.21243467926979065	0.7743308544158936	0.20891936123371124	0.6948471665382385	0.09623342752456665
34	0.0016915106680244207	0.008454114198684692	0.9898543953895569	0.0016667625168338418	0.010038476437330246	0.9882948398590088
35	0.0004674117953982204	0.0012164657237008214	0.9983160495758057	0.0003589443222153932	0.0008618225110694766	0.9987792372703552
36	0.0070218853652477264	0.004682172555476427	0.9882959723472595	0.03297458589076996	0.010473722591996193	0.9565516710281372
37	0.0018705871189013124	0.02462250553071499	0.9735068082809448	0.0019919206388294697	0.012156323529779911	0.9858518242835999
38	0.0021896343678236008	0.006547295022755861	0.9912630319595337	0.0017794808372855186	0.004452668596059084	0.9937678575515747
39	0.015483603812754154	0.037657756358385086	0.9468585252761841	0.00842851772904396	0.09279614686965942	0.8987753391265869
40	0.010254774242639542	0.12094172835350037	0.8688034415245056	0.007374515291303396	0.16534015536308289	0.8272853493690491
41	0.024634437635540962	0.024250123649835587	0.9511154294013977	0.014892767183482647	0.05279143899679184	0.9323158860206604
42	0.0012248482089489698	0.003529295790940523	0.9952458739280701	0.001492721727117896	0.004024055786430836	0.9944832921028137
43	0.004436797462403774	0.046794451773166656	0.9487688541412354	0.00448350515216589	0.06400720775127411	0.931509256362915
44	0.016008520498871803	0.003704502945765853	0.9802868962287903	0.02784164808690548	0.005118346773087978	0.9670400023460388
45	0.0004604909336194396	0.0009180026245303452	0.9986215829849243	0.00040566473035141826	0.0009754629572853446	0.9986188411712646
46	0.8851866126060486	0.0387410894036293	0.07607230544090271	0.951793909072876	0.028581973165273666	0.019624169915914536
47	0.0007620262913405895	0.0030780364759266376	0.9961599111557007	0.0006783361895941198	0.0023133002687245607	0.9970083832740784
48	0.003664409276098013	0.005761459935456514	0.990574061870575	0.04676355794072151	0.01772058755159378	0.9355158805847168
49	0.0004233472573105246	0.0011965858284384012	0.9983800649642944	0.00036736196489073336	0.001355814398266375	0.9982768297195435
50	0.013127859681844711	0.016249367967247963	0.970622718334198	0.014139344915747643	0.010584942996501923	0.9752757549285889
51	0.0017216989072039723	0.002765634562820196	0.9955126643180847	0.005999738350510597	0.003502292325720191	0.9904980063438416
52	0.9843276739120483	0.015253584831953049	0.00041875371243804693	0.9827480912208557	0.016934266313910484	0.0003176072787027806
53	0.24778185784816742	0.4070546329021454	0.3451635539531708	0.3704044222831726	0.2663031220436096	0.36329248547554016
54	0.9245488047599792	0.0660487487912178	0.009402472525835037	0.7148852944374084	0.2798634171485901	0.005251248367130756
55	0.0008961779531091452	0.008233741857111454	0.9908700585365295	0.0007535770419053733	0.007056170143187046	0.9921903014183044
56	0.013149100355803967	0.04823458194732666	0.9386163949966431	0.025419263169169426	0.0375799760222435	0.9370007514953613
57	0.0010313303209841251	0.007782343775033951	0.9911863207817078	0.0011274019489064813	0.010410825721919537	0.9884617328643799
58	0.00250951643101871	0.005290561821311712	0.9921999573707581	0.0013957301853224635	0.002315858844667673	0.9962884187698364
59	0.0006706968997605145	0.004475926514714956	0.9948534369468689	0.0004296974802855402	0.003050500527024269	0.9965198040008545
60	0.00021920115977991372	0.0008471054024994373	0.9989336133003235	0.0002560238935984671	0.0006808603648096323	0.9990630745887756
61	0.28277939558029175	0.09080140292644501	0.6264193058013916	0.9278804659843445	0.05135972052812576	0.02075982466340065
62	0.003028036328032613	0.009419485926628113	0.9875525236129761	0.0025923720095306635	0.010169398970901966	0.9872381687164307
63	0.0017024149419739842	0.00392109202221036	0.9943764209747314	0.0028245302382856607	0.0038410350680351257	0.9933344125747681
64	0.08111769706010818	0.039957039058208466	0.8789252042770386	0.0686587542295456	0.029687969014048576	0.9016534090042114
65	0.004050624556839466	0.004136623814702034	0.9918127059936523	0.040936969220638275	0.010944538749754429	0.9481185674667358
66	0.0017785326344892383	0.003936938475817442	0.9942845702171326	0.0008375243633054197	0.004093312192708254	0.9950692653656006
67	0.006559810135513544	0.01515089813619852	0.9782892465591431	0.005883894860744476	0.024466905742883682	0.9696491360664368
68	0.007163562346249819	0.03630145266652107	0.9565349817276001	0.013505883514881134	0.030297931283712387	0.956196129322052
69	0.0027653977740556	0.00803556852042675	0.9891991019248962	0.001394985243678093	0.007600868586450815	0.991004228591919
70	0.0005831239395774901	0.0026396368630230427	0.996777355670929	0.0004514660395216197	0.0018507351633161306	0.9976977705955505
71	0.0007091896841302514	0.004155004862695932	0.9951358437538147	0.0008261566981673241	0.0029849575366824865	0.9961889386177063
72	0.045280635356903076	0.01937803439795971	0.9353413581848145	0.04965420067310333	0.03755633905529976	0.9127894639968872
73	0.013135896995663643	0.009324069134891033	0.9775400161743164	0.015550698153674603	0.01257228571921587	0.9718770384788513
74	0.011099700815975666	0.005175251979380846	0.9837251305580139	0.005797290708869696	0.0032082432880997658	0.9909945130348206
75	0.5924557447433472	0.05412909761071205	0.3534151613712311	0.43035221099853516	0.08118505030870438	0.48846280574798584
76	0.004016674589365721	0.012785178609192371	0.9831981062889099	0.0034480972681194544	0.01705683022737503	0.9794951677322388
77	0.0020561842247843742	0.012971580028533936	0.9849721789360046	0.0013830197276547551	0.004264384508132935	0.9943526983261108
78	0.0007747002528049052	0.0017634846735745668	0.9974617958068848	0.0014082741690799594	0.0023133642971515656	0.9962783455848694
79	0.000980870216153562	0.00506599061191082	0.9939531683921814	0.0012101138709113002	0.007043791469186544	0.9917460680007935
80	0.7170003056526184	0.22618620097637177	0.0568135604262352	0.4207617938518524	0.44643333554267883	0.13280491530895233
81	0.00037543539656326175	0.003097289241850376	0.996527373790741	0.0003889976651407778	0.0026703784242272377	0.9969406127929688
82	0.00030264051747508347	0.001808048109523952	0.9978893399238586	0.00031339083216153085	0.0014497294323518872	0.9982367753982544
83	0.007194661535322666	0.007664193864911795	0.9851410388946533	0.009565363638103008	0.010173696093261242	0.9802609086036682
84	0.055231500416994095	0.015500804409384727	0.9292676448822021	0.02585906907916069	0.016198495402932167	0.9579424262046814
85	0.003252399619668722	0.00904820580035448	0.9876993894577026	0.004894633311778307	0.012637716718018055	0.9824675917625427
86	0.0018234816379845142	0.002889667870476842	0.9952868223190308	0.00265129073522985	0.004229453392326832	0.9931192398071289
87	0.0009354670764878392	0.011431627906858921	0.9876328706741333	0.0010284394957125187	0.0067808195017278194	0.9921907782554626
88	0.012339062988758087	0.008276635780930519	0.9793843626976013	0.0988239124417305	0.03125854581594467	0.8699175715446472
89	0.06985372304916382	0.15975800156593323	0.7703882455825806	0.009737118147313595	0.030866963788866997	0.9593959450721741
90	0.0003748263115994632	0.0014728461392223835	0.9981523156166077	0.0002837540814653039	0.0009422488510608673	0.998773992061615
91	0.23699559271335602	0.15782420337200165	0.6051801443099976	0.06997060030698776	0.20698606967926025	0.7230433821678162
92	0.011782440356910229	0.00922259222716093	0.9789949059486389	0.04070547595620155	0.03455466777086258	0.9247398972511292
93	0.0012530171079561114	0.041698284447193146	0.9570486545562744	0.0017233508406206965	0.161147341132164	0.8371293544769287
94	0.014103245921432972	0.006002454087138176	0.9798943400382996	0.026031434535980225	0.011735882610082626	0.9622327089309692
95	0.001466152141802013	0.002750987885519862	0.9957828521728516	0.0007682137656956911	0.0018029307248070836	0.997428834438324
96	0.5228084921836853	0.09047470986843109	0.38671672344207764	0.6271747946739197	0.1362810581922531	0.2365441471338272
97	0.38960927724838257	0.4411698877811432	0.16922083497047424	0.21166615188121796	0.7751542925834656	0.013179626315832138
98	0.9849315881729126	0.011809201911091805	0.0032591947820037603	0.9470440149307251	0.0381108783185482	0.014845139347016811
99	0.001169043593108654	0.0016513592563569546	0.9971796274185181	0.0009496225975453854	0.0014202059246599674	0.9976301193237305
100	0.001157791935838759	0.003015045775100589	0.9958271384239197	0.0017323944484815001	0.0064320797100663185	0.9918355941772461
101	0.050241123884916306	0.013463791459798813	0.9362950325012207	0.006491994485259056	0.005389469210058451	0.9881184697151184
102	0.009433651342988014	0.024960212409496307	0.965606153011322	0.012813727371394634	0.016652392223477364	0.9705337882041931
103	0.015144112519919872	0.02205699123442173	0.9627988338470459	0.22864948213100433	0.05667167156934738	0.7146788239479065
104	0.0003727344155777246	0.0006854148232378066	0.9989418387413025	0.0004667165339924395	0.0011856675846502185	0.9983475208282471
105	0.00029893082682974637	0.0005857930518686771	0.9991152882575989	0.0002546907344367355	0.000579710234887898	0.9991656541824341
106	0.21888217329978943	0.05002046003937721	0.731097400188446	0.10569004714488983	0.05264581739902496	0.8416641354560852
107	0.0003235281619708985	0.0019475561566650867	0.9977290034294128	0.00047426801756955683	0.0024587411899119616	0.9970670342445374
108	0.050188176333904266	0.02396138198673725	0.9258503913879395	0.05962309613823891	0.02254633978009224	0.9178304672241211
109	0.005326645448803902	0.003193846670910716	0.9914795160293579	0.030656933784484863	0.007786074187606573	0.9615569114685059
110	0.050055403262376785	0.012247903272509575	0.9376967549324036	0.01120194885879755	0.0068817948922514915	0.9819163084030151
111	0.0009107355144806206	0.0017885221168398857	0.9973008036613464	0.001882047625258565	0.00245859706774354	0.9956592917442322
112	0.008853855542838573	0.013060216791927814	0.9780858159065247	0.037071116268634796	0.020420828834176064	0.9425080418586731
113	0.0006368619506247342	0.004701175261288881	0.9946619868278503	0.0005264440551400185	0.0032914227340370417	0.9961821436882019
114	0.009196328930556774	0.01744447834789753	0.9733591675758362	0.023052077740430832	0.023052480071783066	0.9538954496383667
115	0.009134560823440552	0.006508415099233389	0.9843570590019226	0.0062730032950639725	0.007101894821971655	0.986625075340271
116	0.003839656710624695	0.016103332862257957	0.9800570011138916	0.006532804109156132	0.03590300679206848	0.9575641751289368
117	0.017854727804660797	0.009426826611161232	0.9727184176445007	0.009264803491532803	0.013461043126881123	0.9772741794586182
118	0.0010512135922908783	0.00250242929905653	0.9964463114738464	0.001334274304099381	0.0023858598433434963	0.9962798953056335
119	0.0008380755898542702	0.007035018410533667	0.9921269416809082	0.0017644348554313183	0.009913760237395763	0.988321840763092
120	0.00032208318589255214	0.0014575158711522818	0.9982203841209412	0.00032334370189346373	0.0012746320571750402	0.998401939868927
121	0.0023202833253890276	0.003266111947596073	0.9944136738777161	0.008978679776191711	0.009302412159740925	0.9817189574241638
122	0.00028460880275815725	0.000571905286051333	0.9991433620452881	0.00030487729236483574	0.0006646785186603665	0.9990304708480835
123	0.004456090275198221	0.004654429852962494	0.9908894896507263	0.006564329378306866	0.004526007920503616	0.9889096617698669
124	0.000873706245329231	0.0031130118295550346	0.9960132837295532	0.0006432898226194084	0.0035684751346707344	0.9957882761955261
125	0.0025377795100212097	0.002809857716783881	0.994652271270752	0.0021926769986748695	0.003013703739270568	0.9947935938835144
126	0.019843272864818573	0.05085933208465576	0.9292974472045898	0.008613856509327888	0.04844610393047333	0.9429399967193604
127	0.0024227313697338104	0.00526768434792757	0.9923095703125	0.00937435869127512	0.012472715228796005	0.9781529307365417
128	0.001745314453728497	0.0050984700210392475	0.9931561350822449	0.0009260945371352136	0.0041507999412715435	0.9949231743812561
129	0.07385098934173584	0.07389470189809799	0.852254331111908	0.019867578521370888	0.06355158239603043	0.9165809154510498
130	0.0009096034336835146	0.002172989770770073	0.9969173669815063	0.0010438646422699094	0.0047967382706701756	0.994159460067749
131	0.033069778233766556	0.2350907325744629	0.7318395376205444	0.03676756098866463	0.21282142400741577	0.7504109740257263
132	0.006834452971816063	0.004614617675542831	0.9885508418083191	0.012990240007638931	0.006456862669438124	0.9805529713630676
133	0.04363947734236717	0.014411915093660355	0.9419485926628113	0.013951778411865234	0.016539666801691055	0.9695085883140564
134	0.0034267851151525974	0.0030570318922400475	0.9935160875320435	0.004140988923609257	0.002756847068667412	0.9931021928787231
135	0.023750852793455124	0.01945367641746998	0.9567955136299133	0.06164131313562393	0.021669406443834305	0.9166892766952515
136	0.0011351510183885694	0.001228516222909093	0.9976363182067871	0.001681869849562645	0.0022122515365481377	0.9961058497428894
137	0.010077310726046562	0.0065592448227107525	0.9833633899688721	0.006982738152146339	0.006018982734531164	0.9869982600212097
138	0.0007863882929086685	0.0038520502857863903	0.9953616261482239	0.00041958485962823033	0.002240199828520417	0.9973402619361877
139	0.17440678179264069	0.09000926464796066	0.7355839610099792	0.295865535736084	0.08357702940702438	0.620557427406311
140	0.002175066387280822	0.0033085087779909372	0.9945164322853088	0.0018624181393533945	0.0024716423358768225	0.995665967464447
141	0.02927570976316929	0.1128523051738739	0.8578720092773438	0.024677714332938194	0.10772724449634552	0.8675950169563293
142	0.0030864018481224775	0.005519506987184286	0.9913941025733948	0.002317946869879961	0.010815427638590336	0.9868665933609009
143	0.0014520739205181599	0.017131859436631203	0.9814159870147705	0.0010071328142657876	0.013012433424592018	0.9859803915023804
144	0.09252747893333435	0.0840921625494957	0.8233803510665894	0.01953035034239292	0.05227695405483246	0.928192675113678
145	0.29561302065849304	0.0686546266078949	0.6357323527336121	0.27648812532424927	0.3388764262199402	0.38463541865348816
146	0.906705379486084	0.05872981250286102	0.03456477075815201	0.7606143951416016	0.22121648490428925	0.0181690976023674
147	0.0009706191485747695	0.00619017006829381	0.9928392171859741	0.0023854768369346857	0.00791841372847557	0.9896961450576782
148	0.7013763785362244	0.15999671816825867	0.13862691819667816	0.44329771399497986	0.14962224662303925	0.4070800244808197
149	0.015565915033221245	0.020852098241448402	0.9635820388793945	0.005343771539628506	0.019670654088258743	0.9749855399131775
150	0.10600636154413223	0.07918845117092133	0.8148052096366882	0.0640106126666069	0.04688059538602829	0.8891087770462036
151	0.0020547688473016024	0.005094469990581274	0.9928507804870605	0.005864026956260204	0.004705830942839384	0.9894300699234009
152	0.0020988930482417345	0.0037154853343963623	0.9941856265068054	0.0021152342669665813	0.004611022304743528	0.9932737350463867
153	0.004728451371192932	0.01020694151520729	0.9850645661354065	0.017186006531119347	0.00823376327753067	0.9745802879333496
154	0.0016832008259370923	0.0047531407326459885	0.9935636520385742	0.0014845350524410605	0.0033942817244678736	0.9951211810112
155	0.0017766848905012012	0.002975760493427515	0.9952475428581238	0.0012205613311380148	0.0026219000574201345	0.9961575865745544
156	0.011365527287125587	0.014989925548434258	0.9736445546150208	0.006712934467941523	0.008617108687758446	0.9846699237823486
157	0.001634755521081388	0.02700408361852169	0.9713611602783203	0.0032380991615355015	0.02809309773147106	0.9686688184738159
158	0.0005591565277427435	0.018123632296919823	0.9813171625137329	0.0005323908990249038	0.01822652667760849	0.9812411665916443
159	0.0008516779053024948	0.0015354842180386186	0.9976129531860352	0.0010690044146031141	0.0024612871930003166	0.9964697360992432
160	0.000757322704885155	0.0053258477710187435	0.9939168095588684	0.0007517746998928487	0.004032446071505547	0.9952157735824585
161	0.00980375800281763	0.004747900180518627	0.98544842004776	0.017384391278028488	0.00640114163979888	0.9762144684791565
162	0.009365040808916092	0.08448529243469238	0.906149685382843	0.005353009328246117	0.03228026628494263	0.9623667001724243
163	0.9480183720588684	0.049206823110580444	0.002774755470454693	0.95258629322052	0.04644792154431343	0.0009658535709604621
164	0.0011678868904709816	0.0031291928607970476	0.9957029223442078	0.0017994792433455586	0.002806438598781824	0.9953941106796265
165	0.000768700148910284	0.003186773741617799	0.9960445165634155	0.0005161387380212545	0.0023690531961619854	0.9971147775650024
166	0.0015942981699481606	0.0010203917045146227	0.9973853230476379	0.04627351090312004	0.008118495345115662	0.9456080198287964
167	0.2958430349826813	0.14257852733135223	0.5615785121917725	0.3282042443752289	0.07191511243581772	0.5998806953430176
168	0.003958698827773333	0.025474300608038902	0.9705670475959778	0.008334241807460785	0.025626080110669136	0.9660397171974182
169	0.0013277983525767922	0.0022480764891952276	0.99642413854599	0.0010942933149635792	0.002424780745059252	0.9964809417724609
170	0.005482734180986881	0.023684941232204437	0.970832347869873	0.010998876765370369	0.03145904839038849	0.9575421214103699
171	0.02458779886364937	0.049127962440252304	0.9262842535972595	0.02601623348891735	0.04159523546695709	0.9323884844779968
172	0.006703172344714403	0.017897581681609154	0.975399374961853	0.002803841605782509	0.016870873048901558	0.9803254008293152
173	0.003904117504134774	0.008001185022294521	0.9880946278572083	0.0014325245283544064	0.005719208624213934	0.99284827709198
174	0.0018772825133055449	0.0047873989678919315	0.9933353662490845	0.001048582256771624	0.004322319757193327	0.9946290850639343
175	0.013333076611161232	0.004865856375545263	0.9818011522293091	0.007495325058698654	0.002489904873073101	0.990014910697937
176	0.00158888625446707	0.025382408872246742	0.9730287194252014	0.0010687066242098808	0.030784791335463524	0.9681465029716492
177	0.08950071781873703	0.09154383838176727	0.8189554214477539	0.16194100677967072	0.057654425501823425	0.7804045677185059
178	0.005726951174438	0.008793137036263943	0.9854798913002014	0.004418370313942432	0.009032251313328743	0.986549437046051
179	0.0016879234462976456	0.00223243935033679	0.9960796236991882	0.0015522040193900466	0.0018485028995200992	0.9965993762016296
180	0.04246394708752632	0.07518407702445984	0.8823519349098206	0.006083286367356777	0.062439579516649246	0.9314771890640259
181	0.001583764562383294	0.004517447669059038	0.9938987493515015	0.007300838362425566	0.013352805748581886	0.9793463945388794
182	0.011277196928858757	0.01481092069298029	0.9739118814468384	0.004064810462296009	0.007886948995292187	0.9880481958389282
183	0.025917690247297287	0.019192161038517952	0.9548901915550232	0.9746782183647156	0.01456078514456749	0.01076103188097477
184	0.004988246597349644	0.020818110555410385	0.9741936326026917	0.00526878098025918	0.02334270067512989	0.9713885188102722
185	0.0011909061577171087	0.007988722994923592	0.9908203482627869	0.0024806158617138863	0.004353770054876804	0.9931656718254089
186	0.03235160931944847	0.009348160587251186	0.9583002924919128	0.3725207448005676	0.05399288237094879	0.5734863877296448
187	0.012084252201020718	0.028351977467536926	0.9595637321472168	0.004668925888836384	0.014565411023795605	0.9807656407356262
188	0.1769203096628189	0.1174994558095932	0.7055802345275879	0.10229239612817764	0.42349863052368164	0.47420892119407654
189	0.00023004767717793584	0.0005946194287389517	0.9991753697395325	0.00022100834758020937	0.0005353528540581465	0.9992437362670898
190	0.010136488825082779	0.045751217752695084	0.944112241268158	0.024749482050538063	0.196011483669281	0.7792391180992126
191	0.14287588000297546	0.03927856311202049	0.8178455233573914	0.3829917907714844	0.02915251813828945	0.5878556370735168
192	0.0014459408121183515	0.002254439052194357	0.996299684047699	0.04908404126763344	0.01614607498049736	0.934769868850708
193	0.19881607592105865	0.02305460348725319	0.7781292796134949	0.26819247007369995	0.03763759881258011	0.6941698789596558
194	0.0037607441190630198	0.002839141758158803	0.9934000968933105	0.01122119091451168	0.004863479174673557	0.9839153289794922
195	0.001522226957604289	0.0026277692522853613	0.9958499670028687	0.0017064932035282254	0.0022366768680512905	0.9960567951202393
196	0.03952859342098236	0.025150751695036888	0.9353206753730774	0.02238755114376545	0.017927872017025948	0.9596844911575317
197	0.00784121360629797	0.013765105977654457	0.9783937335014343	0.005635587032884359	0.015295056626200676	0.9790694117546082
198	0.001986874733120203	0.003252686932682991	0.9947604537010193	0.0011413202155381441	0.002778745722025633	0.9960798621177673
199	0.0038325332570821047	0.01440900657325983	0.9817584753036499	0.006032498553395271	0.018215913325548172	0.975751519203186
