0	0.997850775718689	0.0019952559377998114	0.00015396815433632582	0.9978660941123962	0.001960468478500843	0.00017349848349113017
1	0.9965417981147766	0.0032774636056274176	0.00018070543592330068	0.9956706762313843	0.004121270030736923	0.0002080553531413898
2	0.9969038367271423	0.0029434491880238056	0.00015267798153217882	0.9968968629837036	0.0029464715626090765	0.00015662102669011801
3	0.9898359179496765	0.009802291169762611	0.0003618145710788667	0.9909727573394775	0.008722314611077309	0.00030497045372612774
4	0.9957219362258911	0.003981531597673893	0.00029653427191078663	0.9923366904258728	0.007456929422914982	0.00020640908041968942
5	0.9957143664360046	0.0040944586507976055	0.0001911879808176309	0.9934775829315186	0.0063112638890743256	0.00021113931143190712
6	0.9964224696159363	0.0033998405560851097	0.00017764911171980202	0.9965618252754211	0.0032587077002972364	0.00017946530715562403
7	0.9953380823135376	0.004399904049932957	0.0002619921579025686	0.9959760308265686	0.0038188144098967314	0.00020519801182672381
8	0.9975689053535461	0.0022657071240246296	0.0001653242507018149	0.9976118803024292	0.0022237556986510754	0.00016442379273939878
9	0.9953574538230896	0.0044579156674444675	0.0001845961669459939	0.9952001571655273	0.004605736117810011	0.0001940566289704293
10	0.996323823928833	0.0034909704700112343	0.00018519136938266456	0.9964653253555298	0.003355175256729126	0.0001794467243598774
11	0.9943190217018127	0.005440785549581051	0.00024020114506129175	0.993169903755188	0.006607220508158207	0.0002228490193374455
12	0.995923638343811	0.0037796127144247293	0.0002967808104585856	0.995923638343811	0.0037796127144247293	0.0002967808104585856
13	0.9850322008132935	0.01447687391191721	0.0004909726558253169	0.7735912203788757	0.22135978937149048	0.005049025174230337
14	0.992038369178772	0.007498685270547867	0.0004629005561582744	0.9872064590454102	0.01186066959053278	0.0009329062886536121
15	0.254173219203949	0.7365249991416931	0.00930173508822918	0.6836715936660767	0.1432061344385147	0.1731223315000534
16	0.9970563650131226	0.0027404476422816515	0.00020324414072092623	0.05121031031012535	0.9334909319877625	0.015298747457563877
17	0.9961647987365723	0.003623564261943102	0.0002117053809342906	0.9961647987365723	0.003623564261943102	0.0002117053809342906
18	0.991790771484375	0.008004242554306984	0.0002049569447990507	0.9942408800125122	0.005558372940868139	0.00020078661327715963
19	0.991401731967926	0.0075972676277160645	0.001000982359983027	0.9930444359779358	0.006401476915925741	0.0005540811689570546
20	0.9952853322029114	0.004536114167422056	0.00017859846411738545	0.9956697225570679	0.004162587691098452	0.00016767358465585858
21	0.9954753518104553	0.004360147286206484	0.00016453703574370593	0.9922726154327393	0.007555102463811636	0.00017227930948138237
22	0.9950147271156311	0.004734845831990242	0.00025044046924449503	0.994084894657135	0.005652970168739557	0.0002621838357299566
23	0.9961040019989014	0.0036597049329429865	0.00023626700567547232	0.9968861937522888	0.0029228527564555407	0.00019096444884780794
24	0.9933716058731079	0.00623891968280077	0.00038943879189901054	0.9939175248146057	0.005737888626754284	0.0003445794282015413
25	0.9899755120277405	0.009737391024827957	0.0002871229371521622	0.9875340461730957	0.012122555635869503	0.0003434511017985642
26	0.994525671005249	0.005344416946172714	0.00012998921738471836	0.9951419830322266	0.004734665621072054	0.00012337727821432054
27	0.9977477192878723	0.0019727107137441635	0.00027950198273174465	0.9975190162658691	0.0022623499389737844	0.0002186316269217059
28	0.07965177297592163	0.01790572516620159	0.902442455291748	0.004597142804414034	0.011340571567416191	0.9840623736381531
29	0.9903771281242371	0.009429344907402992	0.00019357420387677848	0.9903771281242371	0.009429344907402992	0.00019357420387677848
30	0.9971189498901367	0.0025997052434831858	0.00028134352760389447	0.9971202611923218	0.002558738924562931	0.0003209798305761069
31	0.9935349225997925	0.005737063474953175	0.0007279872661456466	0.44363656640052795	0.5547952055931091	0.0015682503581047058
32	0.9973629117012024	0.0024875085800886154	0.00014956833911128342	0.9973719120025635	0.0024787725415080786	0.0001493598538218066
33	0.9832069873809814	0.016438357532024384	0.0003546358202584088	0.9886844754219055	0.010963895358145237	0.00035166583256796
34	0.9952741861343384	0.004518609493970871	0.00020721029432024807	0.9954597353935242	0.004343247972428799	0.0001969749282579869
35	0.9975615739822388	0.002285683061927557	0.0001527877466287464	0.9968484044075012	0.0029713346157222986	0.00018026420730166137
36	0.9917433857917786	0.00798350851982832	0.00027303636306896806	0.9949823021888733	0.004798118025064468	0.0002196100540459156
37	0.9847484230995178	0.014961330220103264	0.0002902960986830294	0.8467109799385071	0.15224432945251465	0.0010446618543937802
38	0.9970611929893494	0.002785468939691782	0.00015329798043239862	0.997681736946106	0.002152807777747512	0.0001654227526159957
39	0.9960867166519165	0.0037510981783270836	0.00016214142669923604	0.9967350363731384	0.0031126707326620817	0.0001522663951618597
40	0.9359590411186218	0.06340131163597107	0.0006395904929377139	0.8965697884559631	0.1028532013297081	0.0005770315183326602
41	0.9944749474525452	0.005342394113540649	0.00018266786355525255	0.9944749474525452	0.005342394113540649	0.00018266786355525255
42	0.9970364570617676	0.0027136525604873896	0.00024994215345941484	0.9971376657485962	0.0025977331679314375	0.0002645526546984911
43	0.9964680671691895	0.003325927769765258	0.00020596693502739072	0.9955508708953857	0.00425083190202713	0.0001982698740903288
44	0.986998975276947	0.012500393204391003	0.0005006594001315534	0.9960324168205261	0.0035787352826446295	0.0003888868959620595
45	0.9978048205375671	0.0019890922121703625	0.00020604979363270104	0.9972332119941711	0.002533758757635951	0.0002330081188119948
46	0.9956467747688293	0.004199829883873463	0.0001534165203338489	0.9956697225570679	0.0041723186150193214	0.00015793352213222533
47	0.996324360370636	0.003490100149065256	0.00018545781495049596	0.9964218139648438	0.0033840895630419254	0.00019407336367294192
48	0.9761297106742859	0.023699115961790085	0.00017111931811086833	0.996776282787323	0.003010277636349201	0.00021348924201447517
49	0.9972652196884155	0.0025137681514024734	0.00022102348157204688	0.9972652196884155	0.0025137681514024734	0.00022102348157204688
50	0.9963873624801636	0.0033748310524970293	0.0002377636410528794	0.0326041616499424	0.966798722743988	0.0005971656064502895
51	0.9957544803619385	0.0039473166689276695	0.00029818338225595653	0.9958551526069641	0.003872425528243184	0.00027241380303166807
52	0.9946621060371399	0.005161929409950972	0.00017597267287783325	0.9951004385948181	0.004720144905149937	0.00017946276057045907
53	0.9962942004203796	0.003506600623950362	0.0001992364996112883	0.9965124726295471	0.0032746957149356604	0.00021288529387675226
54	0.9970870614051819	0.0027132793329656124	0.00019963573140557855	0.9970943927764893	0.002734103938564658	0.00017150654457509518
55	0.996327817440033	0.003509270027279854	0.00016295057139359415	0.9910106658935547	0.008809873834252357	0.00017941597616299987
56	0.9935722351074219	0.005905222147703171	0.000522598740644753	0.9935344457626343	0.006099729798734188	0.0003658689674921334
57	0.9731191396713257	0.02447711117565632	0.002403798047453165	0.9784093499183655	0.020764950662851334	0.0008256505825556815
58	0.997148334980011	0.002619036938995123	0.0002326887333765626	0.9972302317619324	0.002547360258176923	0.0002224091294920072
59	0.06033230200409889	0.010435626842081547	0.9292320609092712	0.007980328053236008	0.023506319150328636	0.9685133695602417
60	0.9966482520103455	0.0031816973350942135	0.00017005308473017067	0.9966277480125427	0.0031996394973248243	0.00017252859834115952
61	0.9948341846466064	0.004760814364999533	0.0004050433053635061	0.995992124080658	0.0036721781361848116	0.00033575546694919467
62	0.596983015537262	0.09300278127193451	0.31001415848731995	0.7104175090789795	0.09331230819225311	0.1962701380252838
63	0.9959256649017334	0.0038444260135293007	0.00022996541520114988	0.996639609336853	0.003115119645372033	0.0002452133921906352
64	0.9974082112312317	0.002385856118053198	0.00020592428336385638	0.9966974258422852	0.003100557718425989	0.00020206569752190262
65	0.996907651424408	0.00292355939745903	0.00016877507732715458	0.9966481328010559	0.0031840510200709105	0.00016780586156528443
66	0.9949761629104614	0.004838159773498774	0.00018565250502433628	0.9975415468215942	0.0022266460582613945	0.00023177989351097494
67	0.9961727261543274	0.003634215798228979	0.00019302527653053403	0.9943482279777527	0.005513590760529041	0.00013815653801430017
68	0.9946240186691284	0.005002368241548538	0.0003736404760275036	0.995975911617279	0.0037270921748131514	0.0002970461209770292
69	0.9041561484336853	0.09377864748239517	0.0020652145612984896	0.9863182306289673	0.01327905897051096	0.0004027337417937815
70	0.9972182512283325	0.0026238670106977224	0.0001578331575728953	0.997312068939209	0.0025219605304300785	0.00016602070536464453
71	0.8665961027145386	0.12945905327796936	0.003944841679185629	0.9565653800964355	0.04242722690105438	0.001007357146590948
72	0.9973148703575134	0.002491295337677002	0.00019385108316782862	0.9972609281539917	0.002517851535230875	0.0002211545070167631
73	0.9961896538734436	0.0036306800320744514	0.00017966126324608922	0.9957680702209473	0.004049704875797033	0.00018219334015157074
74	0.9944169521331787	0.005371019244194031	0.00021203464712016284	0.9935523271560669	0.006229976192116737	0.00021772028412669897
75	0.9970880150794983	0.002709374763071537	0.0002026156143983826	0.9951158761978149	0.0047457413747906685	0.00013832846889272332
76	0.9972151517868042	0.002652051392942667	0.00013272868818603456	0.9976534247398376	0.0021966740023344755	0.00014993641525506973
77	0.9965888261795044	0.00318833882920444	0.00022278707183431834	0.9944407343864441	0.0053000682964921	0.00025913084391504526
78	0.8714432120323181	0.12512296438217163	0.003433817531913519	0.9872204065322876	0.01136214379221201	0.0014174472307786345
79	0.8065940737724304	0.18972621858119965	0.0036797469947487116	0.8568894267082214	0.1399313062429428	0.0031793047674000263
80	0.9924973249435425	0.007153190206736326	0.0003495053097140044	0.32231974601745605	0.6761369705200195	0.001543280784972012
81	0.9885377883911133	0.010854586958885193	0.0006075825658626854	0.9912760257720947	0.008232795633375645	0.0004912170115858316
82	0.9955386519432068	0.0039194505661726	0.000541919085662812	0.9955386519432068	0.0039194505661726	0.000541919085662812
83	0.9972394704818726	0.0025294639635831118	0.00023106248409021646	0.9967197775840759	0.0030834400095045567	0.00019679662364069372
84	0.9974098801612854	0.0022533840965479612	0.0003367221215739846	0.9963730573654175	0.003369694808498025	0.00025724098668433726
85	0.98689866065979	0.012229654006659985	0.0008717022719793022	0.9796375632286072	0.018200119957327843	0.0021623545326292515
86	0.988937258720398	0.010793355293571949	0.0002694112772587687	0.988937258720398	0.010793355293571949	0.0002694112772587687
87	0.9811150431632996	0.018621599301695824	0.0002634177217260003	0.9943044781684875	0.0054041664116084576	0.00029132512281648815
88	0.9968873858451843	0.0029277438297867775	0.00018485222244635224	0.9956884980201721	0.004114766139537096	0.00019677926320582628
89	0.9955195188522339	0.004222261253744364	0.0002582299057394266	0.9938524961471558	0.005890753585845232	0.0002567608607932925
90	0.992793083190918	0.007027479819953442	0.0001794290292309597	0.9933608770370483	0.006458422634750605	0.00018063007155433297
91	0.9954328536987305	0.0043467083014547825	0.00022046362573746592	0.05894753709435463	0.9401494860649109	0.0009029454085975885
92	0.9966728687286377	0.0031486849766224623	0.00017844911781139672	0.9970225691795349	0.002803767565637827	0.0001737016427796334
93	0.9969134330749512	0.002890506759285927	0.00019609235459938645	0.9965686798095703	0.0032424996607005596	0.0001887961698230356
94	0.5013545751571655	0.46019265055656433	0.03845273703336716	0.48826634883880615	0.5064583420753479	0.00527532072737813
95	0.9944106936454773	0.004900333005934954	0.0006890081567689776	0.9916099905967712	0.006914242636412382	0.001475765835493803
96	0.9956434965133667	0.004078956320881844	0.0002775989705696702	0.9950888752937317	0.004551455844193697	0.00035973230842500925
97	0.9949263334274292	0.004729233216494322	0.0003444720641709864	0.9862037897109985	0.013077087700366974	0.0007190957549028099
98	0.9965482354164124	0.0032659354619681835	0.00018586922669783235	0.9960668683052063	0.0037752478383481503	0.00015794062346685678
99	0.9967668056488037	0.0030425379518419504	0.00019064353546127677	0.9966052770614624	0.0032072567846626043	0.00018750505114439875
100	0.9945437908172607	0.004995265044271946	0.0004609155294019729	0.99246746301651	0.007279548328369856	0.0002529271587263793
101	0.762178361415863	0.13908353447914124	0.09873808920383453	0.757411777973175	0.19366346299648285	0.048924826085567474
102	0.9967060685157776	0.0030123628675937653	0.0002815965563058853	0.8376786708831787	0.10747633874416351	0.054845038801431656
103	0.9921401143074036	0.007662366144359112	0.00019758193229790777	0.994732141494751	0.005102822091430426	0.00016508916451130062
104	0.9967799782752991	0.002950899302959442	0.0002691249246709049	0.995707631111145	0.00397674972191453	0.0003156124148517847
105	0.9965168237686157	0.0030908884946256876	0.0003923093609046191	0.9879966378211975	0.011695620603859425	0.0003077152359765023
106	0.9962820410728455	0.003503028303384781	0.00021488497441168875	0.9962820410728455	0.003503028303384781	0.00021488497441168875
107	0.9974513649940491	0.002251605736091733	0.00029695697594434023	0.9968942403793335	0.0028971529100090265	0.00020856010087300092
108	0.9928075075149536	0.006954082753509283	0.00023836047330405563	0.994040310382843	0.005690215155482292	0.00026940330280922353
109	0.994741678237915	0.00502459891140461	0.00023373652948066592	0.99396151304245	0.005818353034555912	0.00022014154819771647
110	0.9962886571884155	0.0035387277603149414	0.00017266870418097824	0.9962886571884155	0.0035387277603149414	0.00017266870418097824
111	0.9959542751312256	0.003820306621491909	0.00022543752857018262	0.9954480528831482	0.0043373918160796165	0.00021452989312820137
112	0.995019793510437	0.004780601244419813	0.00019962368241976947	0.9949142932891846	0.004931348841637373	0.00015432076179422438
113	0.9948738217353821	0.0049618910998106	0.0001642792922211811	0.9959319233894348	0.003911956213414669	0.00015611988783348352
114	0.9922158122062683	0.00728814210742712	0.0004960179212503135	0.9855130314826965	0.013544157147407532	0.0009427738259546459
115	0.996487021446228	0.0033248604740947485	0.0001881010248325765	0.9961112141609192	0.0037092913407832384	0.00017949230095837265
116	0.9936315417289734	0.006108074449002743	0.00026035241899080575	0.9940739274024963	0.00565215852111578	0.0002739239716902375
117	0.9970101118087769	0.002843939932063222	0.00014587010082323104	0.996938943862915	0.0029278730507940054	0.00013322575250640512
118	0.9969520568847656	0.0028119918424636126	0.00023591607168782502	0.9973303079605103	0.0024487848859280348	0.0002209329541074112
119	0.9979518055915833	0.0018866942264139652	0.0001615052024135366	0.9978272318840027	0.0020026303827762604	0.00017011287854984403
120	0.9970173835754395	0.002767006866633892	0.0002156636182917282	0.9968134760856628	0.0029895934276282787	0.0001969698496395722
121	0.9948704242706299	0.004937312565743923	0.00019231863552704453	0.9920103549957275	0.007752556819468737	0.00023705759667791426
122	0.9572888016700745	0.04205569252371788	0.0006555364234372973	0.0009887129999697208	0.998291552066803	0.000719722593203187
123	0.9969791173934937	0.0028181681409478188	0.00020279684395063668	0.9969791173934937	0.0028181681409478188	0.00020279684395063668
124	0.9942728877067566	0.005483776330947876	0.00024333110195584595	0.9942728877067566	0.005483776330947876	0.00024333110195584595
125	0.9952419996261597	0.0045025344006717205	0.0002555121318437159	0.9954061508178711	0.004346075933426619	0.0002477517118677497
126	0.9939364790916443	0.005705334711819887	0.0003582317440304905	0.9938587546348572	0.00574082788079977	0.0004004877991974354
127	0.9947978258132935	0.005054057575762272	0.00014804824604652822	0.9944912195205688	0.005363084375858307	0.00014566525351256132
128	0.9892672300338745	0.007150883786380291	0.0035819588229060173	0.448485791683197	0.5252414345741272	0.02627275511622429
129	0.9946387410163879	0.0050853281281888485	0.0002759235503617674	0.9953462481498718	0.004350392613559961	0.00030340091325342655
130	0.9947041869163513	0.005098164547234774	0.00019762742158491164	0.9943108558654785	0.00548486178740859	0.00020433106692507863
131	0.9957665205001831	0.004101719707250595	0.0001318167633144185	0.9957665205001831	0.004101719707250595	0.0001318167633144185
132	0.9981707334518433	0.0016264506848528981	0.00020277471048757434	0.9978783130645752	0.0019055049633607268	0.00021621737687382847
133	0.9968904852867126	0.002941124141216278	0.00016835870337672532	0.9968923926353455	0.0029406165704131126	0.00016705060261301696
134	0.9932522177696228	0.00617428682744503	0.0005734596634283662	0.9886136054992676	0.008495951071381569	0.0028903731144964695
135	0.8792480230331421	0.09763796627521515	0.023114079609513283	0.8979121446609497	0.07014694809913635	0.031940869987010956
136	0.9913654327392578	0.00708122318610549	0.0015533582773059607	0.9912766218185425	0.007313520647585392	0.0014099008403718472
137	0.9969948530197144	0.0027362320106476545	0.00026892736786976457	0.9970979690551758	0.002650927985087037	0.00025112833827733994
138	0.99665367603302	0.0031268205493688583	0.00021941722661722451	0.9922733902931213	0.007538727484643459	0.0001878308248706162
139	0.9973401427268982	0.0024539781734347343	0.00020591709471773356	0.997052788734436	0.0027265793178230524	0.00022062768402975053
140	0.5105180740356445	0.008495223708450794	0.48098671436309814	0.6949225664138794	0.031300097703933716	0.2737773358821869
141	0.9966830611228943	0.003105074167251587	0.0002117985422955826	0.9923398494720459	0.007352358195930719	0.0003077846486121416
142	0.9824135303497314	0.01608121581375599	0.0015052191447466612	0.4889678955078125	0.5075288414955139	0.0035032748710364103
143	0.9971112012863159	0.002730968175455928	0.00015784151037223637	0.9970746040344238	0.0027718539349734783	0.00015349754539784044
144	0.9963870048522949	0.0034254640340805054	0.00018749742594081908	0.9961715340614319	0.0036376011557877064	0.0001908817794173956
145	0.9971298575401306	0.002695617265999317	0.00017452971951570362	0.9971298575401306	0.002695617265999317	0.00017452971951570362
146	0.9718456268310547	0.026017652824521065	0.0021367270965129137	0.0074805752374231815	0.9691104888916016	0.02340886741876602
147	0.9971864819526672	0.0026200402062386274	0.0001934444298967719	0.9916089177131653	0.008220094256103039	0.0001709833595668897
148	0.9936296343803406	0.006180012598633766	0.00019032771524507552	0.9972777962684631	0.0025637296494096518	0.00015850721683818847
149	0.9962210655212402	0.0034802083391696215	0.0002986934850923717	0.8921341300010681	0.10751727968454361	0.00034857745049521327
150	0.9968716502189636	0.002991002518683672	0.00013733821106143296	0.9968655705451965	0.0029893049504607916	0.0001451366115361452
151	0.9964244961738586	0.003355997847393155	0.00021944961918052286	0.9964886903762817	0.003307450097054243	0.00020388046687003225
152	0.996893048286438	0.002935767872259021	0.0001712057419354096	0.996859073638916	0.0029552129562944174	0.0001856869348557666
153	0.9963145852088928	0.0031935865990817547	0.0004918999038636684	0.7919531464576721	0.20744772255420685	0.0005990619538351893
154	0.9940412640571594	0.005642601754516363	0.00031613378087058663	0.9940412640571594	0.005642601754516363	0.00031613378087058663
155	0.9953340888023376	0.004476539324969053	0.0001893544540507719	0.9962105751037598	0.0036115192342549562	0.00017796723113860935
156	0.9965577721595764	0.003279617289081216	0.00016258608957286924	0.9966204166412354	0.003223742125555873	0.00015586247900500894
157	0.9937213659286499	0.005553492810577154	0.0007251721108332276	0.9754147529602051	0.022022424265742302	0.002562779001891613
158	0.9969868063926697	0.0028010413516312838	0.00021219855989329517	0.9967644214630127	0.0030052221845835447	0.00023031499586068094
159	0.9953705668449402	0.0044103278778493404	0.00021903925517108291	0.959062397480011	0.028435571119189262	0.012501996010541916
160	0.0989312157034874	0.027562571689486504	0.8735061287879944	0.2343372106552124	0.051796071231365204	0.713866651058197
161	0.9973256587982178	0.002504592528566718	0.00016971261356957257	0.9960197806358337	0.0038491422310471535	0.00013107547420077026
162	0.9957166314125061	0.0040881740860641	0.0001951853046193719	0.9950824975967407	0.004732367116957903	0.0001851810811785981
163	0.9959760308265686	0.003785190172493458	0.0002388005523243919	0.9962285757064819	0.003551015630364418	0.00022049136168789119
164	0.9972754120826721	0.002465771045535803	0.0002587961498647928	0.9972754120826721	0.002465771045535803	0.0002587961498647928
165	0.24257904291152954	0.027439413592219353	0.729981541633606	0.8633052110671997	0.13026350736618042	0.006431295070797205
166	0.9701160192489624	0.00958697684109211	0.020296983420848846	0.9159237146377563	0.038749996572732925	0.04532631114125252
167	0.9892604351043701	0.010269198566675186	0.00047041737707331777	0.9927266836166382	0.006918914150446653	0.0003544163191691041
168	0.9958345890045166	0.003963878843933344	0.00020155544916633517	0.9956932663917542	0.004084351006895304	0.00022242791601456702
169	0.9965106844902039	0.0032433578744530678	0.00024592308909632266	0.9940206408500671	0.0057116844691336155	0.00026770634576678276
170	0.9753084182739258	0.024334819987416267	0.0003567304811440408	0.0019434952409937978	0.9973088502883911	0.000747687357943505
171	0.9964571595191956	0.003407244337722659	0.00013554567703977227	0.9948621392250061	0.004974708892405033	0.00016309708007611334
172	0.9882616400718689	0.011368232779204845	0.00037016236456111073	0.9949553608894348	0.00463968887925148	0.0004049980198033154
173	0.9956523776054382	0.0041033742018043995	0.00024423986906185746	0.9956281185150146	0.0041441242210567	0.00022775333491154015
174	0.9925851225852966	0.0064506251364946365	0.0009642053628340364	0.988976240158081	0.009520260617136955	0.0015035461401566863
175	0.9948402047157288	0.004742411430925131	0.0004173456982243806	0.9900056719779968	0.009432448074221611	0.0005618410068564117
176	0.9933192729949951	0.006199450697749853	0.00048132482334040105	0.9936292767524719	0.005852371454238892	0.0005182793247513473
177	0.9960743188858032	0.003747958457097411	0.00017778818437363952	0.996503472328186	0.0033132450189441442	0.00018325058044865727
178	0.9965208768844604	0.003279397264122963	0.00019968836568295956	0.9958444237709045	0.0039625405333936214	0.000193048341316171
179	0.9960300326347351	0.0037950011901557446	0.00017497348017059267	0.9960300326347351	0.0037950011901557446	0.00017497348017059267
180	0.9190241694450378	0.05350934714078903	0.027466444298624992	0.9584325551986694	0.03616321459412575	0.005404216703027487
181	0.9948583841323853	0.0049125803634524345	0.0002290493721375242	0.996465802192688	0.0032966595608741045	0.0002375679323449731
182	0.997520387172699	0.0023439291398972273	0.00013571088493335992	0.9953126907348633	0.004579154308885336	0.00010814818961080164
183	0.9948675632476807	0.0045717270113527775	0.0005606375052593648	0.9800806045532227	0.01923305355012417	0.0006863163434900343
184	0.9870471954345703	0.012609069235622883	0.000343801686540246	0.988500714302063	0.011217364110052586	0.0002819466753862798
185	0.5634312033653259	0.21042929589748383	0.22613947093486786	0.9654685854911804	0.03105182759463787	0.003479560138657689
186	0.9970827698707581	0.00275044864974916	0.0001667558535700664	0.9975773692131042	0.002261343179270625	0.0001613330387044698
187	0.19779011607170105	0.6602724194526672	0.14193740487098694	0.04618007317185402	0.9475160837173462	0.0063039399683475494
188	0.9924870729446411	0.0071265678852796555	0.0003863664751406759	0.9867549538612366	0.012340184301137924	0.0009048769134096801
189	0.003834004746749997	0.001489813905209303	0.9946762323379517	0.004253089893609285	0.001677645486779511	0.9940693378448486
190	0.9880357384681702	0.011706110090017319	0.00025820714654400945	0.9947404265403748	0.004877569153904915	0.00038199263508431613
191	0.9968953132629395	0.0028388788923621178	0.0002658516459632665	0.9972858428955078	0.0024450449272990227	0.0002690746041480452
192	0.9979470372200012	0.001807281980291009	0.00024564540944993496	0.9982311129570007	0.0014949572505429387	0.0002740086056292057
193	0.9959690570831299	0.003840390359982848	0.00019058161706198007	0.9960864782333374	0.003721900749951601	0.00019165199773851782
194	0.8619087338447571	0.05479779839515686	0.08329346030950546	0.9910857081413269	0.008077592588961124	0.0008367322734557092
195	0.9964832067489624	0.0033361981622874737	0.0001806326035875827	0.9963887929916382	0.0034015856217592955	0.0002096373646054417
196	0.9939318895339966	0.005406888201832771	0.000661201192997396	0.9941648840904236	0.005536789074540138	0.00029832354630343616
197	0.9947918057441711	0.005013727582991123	0.0001944372634170577	0.9905552268028259	0.009244932793080807	0.00019989431893918663
198	0.9964784979820251	0.0033187607768923044	0.0002027609443757683	0.9921225905418396	0.007586230989545584	0.00029119529062882066
199	0.9870471954345703	0.012609069235622883	0.000343801686540246	0.988500714302063	0.011217364110052586	0.0002819466753862798
