0	0.9946385025978088	0.004915198776870966	0.0004462781362235546	0.994470477104187	0.00511409854516387	0.00041540362872183323
1	0.9968319535255432	0.00283440132625401	0.0003336573136039078	0.9967983365058899	0.0028700274415314198	0.0003316639340482652
2	0.9946020841598511	0.004436476621776819	0.000961493409704417	0.9947010278701782	0.004409389570355415	0.0008896408835425973
3	0.9954711198806763	0.004356356803327799	0.00017249379015993327	0.9944504499435425	0.005364051088690758	0.0001855298032751307
4	0.997134804725647	0.0025890099350363016	0.0002762252988759428	0.9972000122070312	0.0025256252847611904	0.00027440302073955536
5	0.9831759929656982	0.01137029379606247	0.005453718360513449	0.9850810170173645	0.01079622469842434	0.004122724756598473
6	0.9928760528564453	0.006683225277811289	0.00044075772166252136	0.9925569295883179	0.007008595857769251	0.00043443613685667515
7	0.9969022274017334	0.0026198914274573326	0.00047791830729693174	0.9968817234039307	0.002635253593325615	0.00048308903933502734
8	0.9942808151245117	0.005182764958590269	0.00053639110410586	0.9939630627632141	0.005473818629980087	0.0005631232052110136
9	0.9968873858451843	0.0028841791208833456	0.0002284885267727077	0.9968931674957275	0.002881702035665512	0.0002251483383588493
10	0.9964497089385986	0.003255264600738883	0.0002949675254058093	0.9967833757400513	0.0029647538904100657	0.0002518073015380651
11	0.9970172643661499	0.0026327064260840416	0.0003499921003822237	0.9970292448997498	0.002609777497127652	0.00036097867996431887
12	0.9951415061950684	0.004472317174077034	0.00038619100814685225	0.9950506091117859	0.004533701576292515	0.0004156804643571377
13	0.9963001608848572	0.003503154031932354	0.00019676781084854156	0.9959951639175415	0.0038006233517080545	0.00020425306865945458
14	0.9976881742477417	0.002124795224517584	0.00018699606880545616	0.9976680874824524	0.002143173012882471	0.00018865903257392347
15	0.9972846508026123	0.0025017631705850363	0.0002135575923603028	0.9971247315406799	0.0026602735742926598	0.00021496768749784678
16	0.9946921467781067	0.004937757272273302	0.00037012281245552003	0.9946560859680176	0.004975606687366962	0.0003683561517391354
17	0.9965883493423462	0.0030043888837099075	0.00040730187902227044	0.9965576529502869	0.0030462658032774925	0.00039600403397344053
18	0.9901665449142456	0.00955498218536377	0.00027850185870192945	0.9877533316612244	0.011941554956138134	0.00030509958742186427
19	0.9903980493545532	0.008088205009698868	0.0015137633308768272	0.9905325174331665	0.008061070926487446	0.0014064005808904767
20	0.9974160194396973	0.0023093826603144407	0.0002746112004388124	0.9974300265312195	0.0022872728295624256	0.00028265645960345864
21	0.9960070252418518	0.003596237627789378	0.00039671218837611377	0.9960885047912598	0.003544504288583994	0.0003669914440251887
22	0.9972301125526428	0.0024924499448388815	0.00027742868405766785	0.9973554611206055	0.002365559572353959	0.00027903582667931914
23	0.9937006235122681	0.005846959073096514	0.0004524662799667567	0.9935986995697021	0.0059427800588309765	0.00045847546425648034
24	0.9962117671966553	0.0035359752364456654	0.0002522347785998136	0.9962312579154968	0.0035223006270825863	0.00024637681781314313
25	0.9961383938789368	0.0036811770405620337	0.0001804007333703339	0.9964672327041626	0.003355261869728565	0.0001775016135070473
26	0.9951600432395935	0.004654108081012964	0.0001858457108028233	0.9949387311935425	0.004864457529038191	0.00019684911239892244
27	0.993703305721283	0.005798165686428547	0.000498487614095211	0.9937292337417603	0.0057924529537558556	0.00047835204168222845
28	0.997297465801239	0.0023828716948628426	0.00031970354029908776	0.9972223043441772	0.0024633880238980055	0.00031436842982657254
29	0.9971922039985657	0.002402480226010084	0.00040530547266826034	0.9967567324638367	0.0027619460597634315	0.0004813410632777959
30	0.9902211427688599	0.00894237495958805	0.0008365032263100147	0.9904905557632446	0.008706139400601387	0.0008032814366742969
31	0.9951490759849548	0.004501141607761383	0.0003497970465105027	0.9954869151115417	0.004164842888712883	0.0003482494212221354
32	0.9960511326789856	0.0035814503207802773	0.0003674522158689797	0.9965083003044128	0.003153089666739106	0.00033854469074867666
33	0.9975861310958862	0.0021512953098863363	0.0002625217894092202	0.9975070357322693	0.0022183158434927464	0.00027470121858641505
34	0.9946144223213196	0.005105291493237019	0.0002803113020490855	0.994289755821228	0.005419393535703421	0.0002908239548560232
35	0.9952899217605591	0.004484681412577629	0.00022539352357853204	0.9952538013458252	0.004524617921561003	0.0002215867571067065
36	0.9970329999923706	0.0027368180453777313	0.0002301532804267481	0.9968836903572083	0.0028945677913725376	0.0002217469591414556
37	0.9966081380844116	0.003152841702103615	0.0002390628942521289	0.9964266419410706	0.0033419523388147354	0.0002314477605978027
38	0.9947199821472168	0.005044585093855858	0.00023547769524157047	0.9940156936645508	0.005735183600336313	0.00024904421297833323
39	0.9908329844474792	0.008885250426828861	0.000281763932434842	0.9904599189758301	0.009254371747374535	0.0002856712671928108
40	0.9925260543823242	0.007231906987726688	0.0002420510136289522	0.9926395416259766	0.007126769050955772	0.00023374584270641208
41	0.9747124314308167	0.012080824933946133	0.013206742703914642	0.9827620387077332	0.009473390877246857	0.0077645364217460155
42	0.9909868836402893	0.007962116040289402	0.0010510103311389685	0.992374837398529	0.006812768988311291	0.0008123875595629215
43	0.9924969673156738	0.006321145687252283	0.001181903062388301	0.9925904273986816	0.006039350293576717	0.0013701743446290493
44	0.9953148365020752	0.003982058260589838	0.0007031425484456122	0.9958431124687195	0.0035199210979044437	0.0006369545590132475
45	0.9973503351211548	0.002376928925514221	0.0002726794918999076	0.9973107576370239	0.002435921924188733	0.0002532860089559108
46	0.9971702694892883	0.00257927761413157	0.00025043595815077424	0.9970319271087646	0.002699741395190358	0.0002683665370568633
47	0.99503493309021	0.004581835586577654	0.0003832644724752754	0.9951909780502319	0.004478830844163895	0.0003301607503090054
48	0.9952168464660645	0.004490409512072802	0.0002927621826529503	0.9950398802757263	0.004638543352484703	0.0003216067561879754
49	0.9967005848884583	0.003036793554201722	0.0002626617206260562	0.9965910911560059	0.0031466707587242126	0.0002622754545882344
50	0.9974148273468018	0.0023969432804733515	0.00018823324353434145	0.9973873496055603	0.002418499905616045	0.00019416899885982275
51	0.9930557608604431	0.005412525963038206	0.0015317670768126845	0.9941750168800354	0.004688656888902187	0.0011363589437678456
52	0.9941646456718445	0.0053756097331643105	0.0004597145598381758	0.9937115907669067	0.005796168465167284	0.0004922323860228062
53	0.9965594410896301	0.00309893861413002	0.0003415640094317496	0.996656060218811	0.003022868186235428	0.00032110928441397846
54	0.9915080070495605	0.008245280012488365	0.0002467539452482015	0.9899700284004211	0.009721994400024414	0.00030804213020019233
55	0.9973022937774658	0.0023966683074831963	0.000301015330478549	0.9972234964370728	0.00248132087290287	0.00029521205578930676
56	0.9952526092529297	0.004098629578948021	0.0006487231585197151	0.9954186677932739	0.004000292159616947	0.0005810931324958801
57	0.9973311424255371	0.0024438551627099514	0.00022504628577735275	0.9973183274269104	0.002482581650838256	0.00019908990361727774
58	0.9961088299751282	0.0036481604911386967	0.0002430093300063163	0.9957869648933411	0.0039749168790876865	0.00023817122564651072
59	0.9935746788978577	0.006200834643095732	0.00022444274509325624	0.9932725429534912	0.006511123850941658	0.0002162817254429683
60	0.9955489635467529	0.004085106775164604	0.0003659820358734578	0.9954236149787903	0.004142779391258955	0.000433603796409443
61	0.991223931312561	0.007665722630918026	0.0011103812139481306	0.9915763735771179	0.007315334398299456	0.0011082608252763748
62	0.9936988353729248	0.004922694526612759	0.0013784968759864569	0.9942101240158081	0.0046935779973864555	0.001096302759833634
63	0.9942544102668762	0.0053384494967758656	0.00040716593503020704	0.9954751133918762	0.004177931230515242	0.0003469889925327152
64	0.9967382550239563	0.0029191027861088514	0.0003426573530305177	0.9964667558670044	0.003152014221996069	0.00038121099350973964
65	0.9951069355010986	0.0044368114322423935	0.00045625356142409146	0.9952715039253235	0.004269861616194248	0.0004586203722283244
66	0.9954148530960083	0.004196393769234419	0.0003886858175974339	0.9955410361289978	0.004069829359650612	0.00038909912109375
67	0.9968587160110474	0.0028667422011494637	0.00027454388327896595	0.9966939687728882	0.0030350941233336926	0.0002709230175241828
68	0.9959053993225098	0.003907768987119198	0.0001867621613200754	0.9960238933563232	0.003795193275436759	0.0001808842207537964
69	0.992774486541748	0.006883006542921066	0.0003424761234782636	0.9938860535621643	0.0057848235592246056	0.00032917861244641244
70	0.9956865906715393	0.003896950976923108	0.00041647086618468165	0.9957321286201477	0.00389099377207458	0.0003768805181607604
71	0.9924341440200806	0.005948023404926062	0.0016178652876988053	0.9923353791236877	0.005990311969071627	0.0016742369625717402
72	0.9952720999717712	0.0042767273262143135	0.00045123338350094855	0.9954067468643188	0.004126546438783407	0.00046677602222189307
73	0.9968460202217102	0.0027721067890524864	0.00038179222610779107	0.996802568435669	0.0028277570381760597	0.00036964865284971893
74	0.9967365860939026	0.002985694445669651	0.0002777108456939459	0.9965463280677795	0.0031645793933421373	0.00028907335945405066
75	0.9962857961654663	0.0035111287143081427	0.00020305028010625392	0.9963322281837463	0.0034586868714541197	0.00020906186546199024
76	0.9966292977333069	0.003103436902165413	0.0002671970578376204	0.996911346912384	0.002839143853634596	0.0002494847576599568
77	0.995064914226532	0.004258360713720322	0.0006767821032553911	0.994742751121521	0.0044690887443721294	0.0007881277706474066
78	0.9915823340415955	0.007919218391180038	0.0004984847619198263	0.9903844594955444	0.009083555079996586	0.0005320257041603327
79	0.9975056052207947	0.002256391802802682	0.00023799847986083478	0.9974889755249023	0.0022612130269408226	0.00024983176263049245
80	0.9930769205093384	0.006503828335553408	0.00041928706923499703	0.9935024380683899	0.006091557443141937	0.00040600914508104324
81	0.9727144837379456	0.025586511939764023	0.0016989633440971375	0.9692782759666443	0.029069209471344948	0.0016525088576599956
82	0.996531069278717	0.00329279201105237	0.00017620583821553737	0.9963476061820984	0.0034648743458092213	0.000187491430551745
83	0.9951966404914856	0.004418403375893831	0.000384919170755893	0.9955542683601379	0.004037260543555021	0.00040852490928955376
84	0.9972510933876038	0.0024638609029352665	0.00028509265393950045	0.9974257349967957	0.002310440642759204	0.0002638096339069307
85	0.9970371723175049	0.002729319268837571	0.00023347028763964772	0.9969003200531006	0.002864456968382001	0.00023521932598669082
86	0.9965213537216187	0.0030581923201680183	0.00042050686897709966	0.9965704679489136	0.0030402434058487415	0.00038932854658924043
87	0.9949523210525513	0.00454787677153945	0.0004998815711587667	0.9946683049201965	0.004862729925662279	0.00046893724356777966
88	0.9970819354057312	0.002618687693029642	0.0002993384259752929	0.9968397617340088	0.0028630346059799194	0.0002971631765831262
89	0.995445966720581	0.003481859341263771	0.001072229933924973	0.9948360919952393	0.0038734504487365484	0.0012904428876936436
90	0.9972019195556641	0.0024001735728234053	0.00039798111538402736	0.9969334602355957	0.0026935958303511143	0.0003728761803358793
91	0.9964191913604736	0.00331046967767179	0.0002703510399442166	0.996454119682312	0.00328128132969141	0.000264587695710361
92	0.9969044327735901	0.0028282252606004477	0.0002672896662261337	0.9965744018554688	0.0031566147226840258	0.00026897064526565373
93	0.9925935864448547	0.006817738525569439	0.0005886406870558858	0.9934136271476746	0.006084107328206301	0.0005022488767281175
94	0.9941046833992004	0.005486826412379742	0.0004084825050085783	0.9944013953208923	0.00518890842795372	0.00040975032607093453
95	0.997562050819397	0.002247634343802929	0.00019033746502827853	0.9974242448806763	0.002381403697654605	0.00019435941067058593
96	0.9933298230171204	0.0056731970980763435	0.000996938324533403	0.9940276145935059	0.00513418996706605	0.0008381394436582923
97	0.9961768388748169	0.0034528844989836216	0.00037023716140538454	0.9962228536605835	0.003412298858165741	0.00036487242323346436
98	0.9950423240661621	0.004657571204006672	0.000300103856716305	0.9946886301040649	0.004986263345927	0.0003251340240240097
99	0.9931364059448242	0.005890870466828346	0.0009727841825224459	0.9928315877914429	0.0060869622975587845	0.0010813740082085133
100	0.9970212578773499	0.00261725764721632	0.0003614504530560225	0.9971202611923218	0.00253982818685472	0.00033989216899499297
101	0.997282862663269	0.0024962977040559053	0.00022080112830735743	0.9972561001777649	0.002554448554292321	0.00018949677178170532
102	0.9912697076797485	0.007555777207016945	0.0011745047522708774	0.9911561012268066	0.007825734093785286	0.001018127310089767
103	0.9961057305335999	0.003689772682264447	0.00020449385920073837	0.9958270192146301	0.003979808650910854	0.00019311311189085245
104	0.9966524243354797	0.003149881958961487	0.00019766733748838305	0.9966745376586914	0.003125453367829323	0.00019997359777335078
105	0.9894130825996399	0.010187750682234764	0.0003992003039456904	0.9882211089134216	0.011374934576451778	0.00040397641714662313
106	0.9918262958526611	0.007246034685522318	0.0009276060154661536	0.9916484355926514	0.007572762668132782	0.0007788485963828862
107	0.9804937243461609	0.01667904481291771	0.0028273058123886585	0.9800732731819153	0.017012281343340874	0.002914479933679104
108	0.994848370552063	0.0049645002000033855	0.00018720592197496444	0.9947711825370789	0.005041627213358879	0.00018713640747591853
109	0.9910625219345093	0.008338049054145813	0.0005993872764520347	0.9913199543952942	0.007997676730155945	0.0006823453586548567
110	0.9953600764274597	0.004245095420628786	0.0003948493686039001	0.9951905012130737	0.00438644690439105	0.000423004908952862
111	0.9955745935440063	0.004145523998886347	0.00027988653164356947	0.9953023195266724	0.004431453067809343	0.0002662662591319531
112	0.9965676069259644	0.003082947339862585	0.00034941715421155095	0.9962456822395325	0.003398427041247487	0.00035589421167969704
113	0.9974145889282227	0.002374801319092512	0.00021058453421574086	0.9975378513336182	0.0022568092681467533	0.00020538362150546163
114	0.9932574033737183	0.005697797518223524	0.0010447681415826082	0.9935380816459656	0.00552607886493206	0.0009358484530821443
115	0.9963476061820984	0.003389009740203619	0.0002633983676787466	0.9963058233261108	0.0034214663319289684	0.0002726717502810061
116	0.9975626468658447	0.0022238451056182384	0.00021348882000893354	0.9973806738853455	0.002395272022113204	0.00022397916472982615
117	0.9968522191047668	0.002559876535087824	0.0005879019154235721	0.9969390630722046	0.0025045014917850494	0.0005564133753068745
118	0.9970280528068542	0.002712245797738433	0.0002597156271804124	0.9968231916427612	0.002899720100685954	0.000277061975793913
119	0.9969339370727539	0.0027673663571476936	0.00029865134274587035	0.9968048334121704	0.0029016155749559402	0.0002935463562607765
120	0.9915949702262878	0.00802540685981512	0.0003795951488427818	0.9921373724937439	0.007474824320524931	0.00038777789450250566
121	0.9967198967933655	0.002855710219591856	0.00042442395351827145	0.9969134330749512	0.002684529172256589	0.0004020069318357855
122	0.9968949556350708	0.002927142195403576	0.0001779392478056252	0.9967687129974365	0.0030520919244736433	0.00017920185928232968
123	0.9973185658454895	0.0024399736430495977	0.00024146838404703885	0.9972490668296814	0.0025150259025394917	0.00023591547505930066
124	0.9945515990257263	0.004774930886924267	0.0006734540802426636	0.9950271248817444	0.004393984563648701	0.0005788538255728781
125	0.9963642954826355	0.0033423774875700474	0.0002933889045380056	0.9961550831794739	0.003543901490047574	0.0003009823558386415
126	0.9934508800506592	0.006133930291980505	0.00041516023338772357	0.9937102794647217	0.005886395927518606	0.0004033178847748786
127	0.9955463409423828	0.00414258474484086	0.00031111607677303255	0.9959077835083008	0.0038048792630434036	0.00028727977769449353
128	0.9909241795539856	0.007912558503448963	0.0011632732348516583	0.9916723370552063	0.007378666661679745	0.0009489944786764681
129	0.9917722344398499	0.007671707775443792	0.0005560611025430262	0.9911215305328369	0.008280083537101746	0.0005983597948215902
130	0.9919117093086243	0.007848144508898258	0.00024017004761844873	0.9914236664772034	0.008318419568240643	0.00025789838400669396
131	0.9974400997161865	0.002286686562001705	0.00027318272623233497	0.9973249435424805	0.002414257265627384	0.00026077148504555225
132	0.99460768699646	0.004923444241285324	0.0004688031622208655	0.9949942231178284	0.00456439983099699	0.0004414516733959317
133	0.9967832565307617	0.002930027199909091	0.00028669831226579845	0.9967819452285767	0.002914611715823412	0.00030347451684065163
134	0.9945551156997681	0.00497823441401124	0.00046659065992571414	0.9947851300239563	0.004845655523240566	0.0003692334867082536
135	0.9950416684150696	0.004701897967606783	0.00025647939764894545	0.9951059818267822	0.004650259390473366	0.00024379992100875825
136	0.9970818161964417	0.0025701001286506653	0.00034807578776963055	0.9970593452453613	0.0025866152718663216	0.00035402021603658795
137	0.9953399896621704	0.004369068890810013	0.00029090826865285635	0.9954380393028259	0.004284214694052935	0.00027781547396443784
138	0.997323751449585	0.002381704282015562	0.0002945678716059774	0.9972202777862549	0.0024993184488266706	0.0002804505347739905
139	0.9971928000450134	0.0024661391507834196	0.0003410650824662298	0.9971432089805603	0.002498496090993285	0.00035824766382575035
140	0.9931085109710693	0.006613692734390497	0.00027781768585555255	0.991854190826416	0.007845927961170673	0.0002998938434757292
141	0.9949689507484436	0.0045606899075210094	0.00047032159636728466	0.9951035976409912	0.0044421241618692875	0.00045427202712744474
142	0.9957655668258667	0.003867563558742404	0.000366833817679435	0.9958872199058533	0.0037613073363900185	0.00035144417779520154
143	0.9974709749221802	0.0022205659188330173	0.00030849192989990115	0.9974101185798645	0.002248113974928856	0.0003418203559704125
144	0.995429515838623	0.004361724015325308	0.00020871851302217692	0.9942604303359985	0.005506438203155994	0.00023309756943490356
145	0.9914063215255737	0.007555204443633556	0.0010384692577645183	0.9915139079093933	0.007635867688804865	0.0008502152631990612
146	0.9970061182975769	0.0028099115006625652	0.00018396391533315182	0.9969039559364319	0.002903727116063237	0.00019227922894060612
147	0.9940973520278931	0.005242972634732723	0.0006597194587811828	0.9944837689399719	0.00494256941601634	0.0005736442399211228
148	0.9951891899108887	0.00442150654271245	0.00038927423884160817	0.9953391551971436	0.004301853943616152	0.00035898355417884886
149	0.9942584037780762	0.00482240691781044	0.0009191374992951751	0.9935550093650818	0.005347729194909334	0.0010972826275974512
150	0.9912452101707458	0.00802068691700697	0.0007340855081565678	0.9914209246635437	0.007900260388851166	0.000678816344588995
151	0.9972130656242371	0.002562806708738208	0.00022417977743316442	0.9971998929977417	0.002586700953543186	0.0002134315436705947
152	0.9939232468605042	0.005501133855432272	0.000575628480874002	0.9939369559288025	0.005505925510078669	0.0005571417277678847
153	0.9971627593040466	0.002596796490252018	0.00024037956609390676	0.9970247149467468	0.0027421852573752403	0.00023305338982027024
154	0.9951044321060181	0.004633832257241011	0.00026170595083385706	0.9944815635681152	0.0052423938177526	0.00027601837064139545
155	0.9960760474205017	0.002914411947131157	0.0010094771860167384	0.9954801797866821	0.003274440299719572	0.0012454144889488816
156	0.9975306391716003	0.0021777611691504717	0.0002916113880928606	0.9975517392158508	0.0021597736049443483	0.00028851794195361435
157	0.992326021194458	0.006349238567054272	0.0013247944880276918	0.9926977753639221	0.006230934057384729	0.00107125798240304
158	0.9966320395469666	0.0029986610170453787	0.00036931343493051827	0.9970018267631531	0.002642272971570492	0.00035586554440669715
159	0.9947972893714905	0.0048798671923577785	0.00032287236535921693	0.9950063228607178	0.004672974348068237	0.00032073401962406933
160	0.9974151849746704	0.0023012987803667784	0.0002834950864780694	0.9975294470787048	0.0021816114895045757	0.00028895700233988464
161	0.9972710013389587	0.0025361902080476284	0.00019279317348264158	0.9968642592430115	0.0029432056471705437	0.0001925185351865366
162	0.99610835313797	0.00362198892980814	0.0002697051386348903	0.995993971824646	0.0037361332215368748	0.00026984268333762884
163	0.9950365424156189	0.003902420401573181	0.0010609785094857216	0.9949253797531128	0.004192542750388384	0.0008820549119263887
164	0.9971666932106018	0.00253315269947052	0.0003001150907948613	0.9969351291656494	0.0027770421002060175	0.0002878211671486497
165	0.9896641373634338	0.00998335424810648	0.00035246508195996284	0.988781213760376	0.01087738573551178	0.0003414111561141908
166	0.9970633387565613	0.0026914263144135475	0.0002452299522701651	0.9968848824501038	0.0028567726258188486	0.00025835484848357737
167	0.9960975050926208	0.0035399573389440775	0.00036256766179576516	0.996132493019104	0.0035167038440704346	0.0003508212394081056
168	0.9935543537139893	0.0059039839543402195	0.0005416811327449977	0.9936143755912781	0.0058840177953243256	0.0005016466602683067
169	0.9939312934875488	0.005362411495298147	0.000706315680872649	0.9930385947227478	0.006026122719049454	0.0009352678316645324
170	0.9971053004264832	0.0026256809942424297	0.0002690782421268523	0.9970554113388062	0.002696336479857564	0.0002482632698956877
171	0.9951313734054565	0.004116212483495474	0.0007523908279836178	0.9945123195648193	0.004567994270473719	0.0009196616010740399
172	0.9965581297874451	0.0032573190983384848	0.00018456448742654175	0.9961323738098145	0.003680459689348936	0.00018716279009822756
173	0.9955582618713379	0.003762597218155861	0.0006791134364902973	0.994999885559082	0.004149934276938438	0.0008502624114044011
174	0.9956657290458679	0.003988887183368206	0.00034545589005574584	0.9958320260047913	0.003828187007457018	0.000339824880938977
175	0.9972364902496338	0.002564862137660384	0.0001985625858651474	0.9972119927406311	0.0025947140529751778	0.00019328726921230555
176	0.9959702491760254	0.003550091525539756	0.00047971069579944015	0.9960196614265442	0.003520894329994917	0.0004594277997966856
177	0.9968255758285522	0.0029465530533343554	0.0002278520551044494	0.9966088533401489	0.003161289496347308	0.00022983213420957327
178	0.994013249874115	0.00481004873290658	0.0011766573879867792	0.9941031336784363	0.004652032628655434	0.0012448569759726524
179	0.9942307472229004	0.00459079397842288	0.001178425969555974	0.9944005608558655	0.004353857133537531	0.001245544059202075
180	0.9970852732658386	0.0023314503487199545	0.0005833026953041553	0.9967071413993835	0.002601003274321556	0.0006918464787304401
181	0.9966092109680176	0.0028758675325661898	0.0005149541539140046	0.996669352054596	0.002869885880500078	0.00046071939868852496
182	0.9966976642608643	0.0029389725532382727	0.0003633629821706563	0.9967206120491028	0.00293371407315135	0.00034565504756756127
183	0.9962286949157715	0.0034258540254086256	0.00034552664146758616	0.9962479472160339	0.0034151114523410797	0.0003369404876139015
184	0.9895163178443909	0.009945669211447239	0.0005379932117648423	0.9880958795547485	0.011329212225973606	0.0005748561234213412
185	0.9922549724578857	0.007057047449052334	0.0006879146094433963	0.9931180477142334	0.006362028419971466	0.0005198729922994971
186	0.9960106611251831	0.003442302579060197	0.000547024596016854	0.9963842630386353	0.0031067526433616877	0.0005089438054710627
187	0.9960009455680847	0.0037843247409909964	0.00021468507475219667	0.9962943196296692	0.0034956326708197594	0.00021001567074563354
188	0.9966004490852356	0.0031265909783542156	0.00027300952933728695	0.9968158602714539	0.0029271345119923353	0.0002570099604781717
189	0.9915719032287598	0.007124517112970352	0.0013035376323387027	0.9917498230934143	0.006835647393018007	0.001414511469192803
190	0.9925723671913147	0.007080607116222382	0.0003470875963103026	0.9920647740364075	0.007610066328197718	0.00032520267996005714
191	0.997066080570221	0.0026244022883474827	0.0003095745050814003	0.9970182180404663	0.002697982359677553	0.0002837892679963261
192	0.9965090155601501	0.003249857807531953	0.00024109457444865257	0.9964897036552429	0.0032731881365180016	0.00023711594985798
193	0.9962616562843323	0.003405726281926036	0.0003325406869407743	0.9964662790298462	0.0032143876887857914	0.00031927996315062046
194	0.9917975664138794	0.007868911139667034	0.00033353225444443524	0.9924072623252869	0.007231099996715784	0.000361681537469849
195	0.9932045936584473	0.006162532139569521	0.0006328759482130408	0.9933351278305054	0.006065181456506252	0.0005997093394398689
196	0.9973721504211426	0.0023252477403730154	0.0003025422338396311	0.9973223805427551	0.002397163538262248	0.0002805215190164745
197	0.9966171383857727	0.0031690748874098063	0.00021377847588155419	0.9961716532707214	0.003613495035097003	0.0002148283674614504
198	0.9930359721183777	0.0064996290020644665	0.0004644078726414591	0.9928130507469177	0.006731101777404547	0.0004558665386866778
199	0.997357189655304	0.0024075054097920656	0.00023527280427515507	0.9973451495170593	0.002410527318716049	0.0002443172852508724
