0	0.006848715245723724	0.0027348629664629698	0.990416407585144	0.0004839705943595618	0.0011214418336749077	0.9983946681022644
1	0.002225179923698306	0.002082963241264224	0.9956918358802795	0.001293579232878983	0.0014685360947623849	0.9972379207611084
2	0.14435671269893646	0.021534886211156845	0.8341084122657776	0.0018062967574223876	0.00489051965996623	0.9933032393455505
3	0.0010096471523866057	0.0012081441236659884	0.997782289981842	0.0002941934217233211	0.0007256560493260622	0.9989802241325378
4	0.0012649643467739224	0.0005615486297756433	0.9981734752655029	0.0005433353944681585	0.0006482115131802857	0.9988085031509399
5	0.5604040026664734	0.030406467616558075	0.4091895520687103	0.0018841918790712953	0.0036579782608896494	0.9944578409194946
6	0.0027816654182970524	0.0027851546183228493	0.9944332242012024	0.00028624656260944903	0.002482247306033969	0.9972315430641174
7	0.016405846923589706	0.001971590332686901	0.9816224575042725	0.002263105008751154	0.0012034991523250937	0.9965333938598633
8	0.007910314947366714	0.002463934477418661	0.9896257519721985	0.0020874447654932737	0.004329221323132515	0.9935832619667053
9	0.0193425752222538	0.004758377559483051	0.9758991003036499	0.0016317490953952074	0.00203094189055264	0.9963374137878418
10	0.0011944281868636608	0.0006980592734180391	0.9981074333190918	0.00028646315331570804	0.0003140222979709506	0.9993995428085327
11	0.007152453996241093	0.0017775329761207104	0.991070032119751	0.0008017238578759134	0.0007042652578093112	0.998494029045105
12	0.03258870914578438	0.006553449667990208	0.9608578681945801	0.0012414447264745831	0.0017499156529083848	0.997008740901947
13	0.0021774275228381157	0.0009372843778692186	0.9968852400779724	0.0006386185414157808	0.0006691739545203745	0.9986922144889832
14	0.0008694587158970535	0.0005188690847717226	0.998611569404602	0.0002661634935066104	0.0004823962226510048	0.9992514252662659
15	0.003728109411895275	0.0011550323106348515	0.9951168298721313	0.0004777476715389639	0.000706782448105514	0.9988155364990234
16	0.003013103036209941	0.001269880565814674	0.9957171082496643	0.0006447882624343038	0.0008413169998675585	0.9985138773918152
17	0.0027150774840265512	0.0018835959490388632	0.9954012632369995	0.0006147573003545403	0.0005215504788793623	0.998863697052002
18	0.005971378181129694	0.00649819104000926	0.9875304698944092	0.0012883335584774613	0.0025781949516385794	0.99613356590271
19	0.001809404930099845	0.0007754098623991013	0.9974151849746704	0.0007895323215052485	0.0008610286749899387	0.9983494281768799
20	0.0020261891186237335	0.0009580404730513692	0.9970157146453857	0.0002466434962116182	0.0006026401533745229	0.9991506338119507
21	0.0020160721614956856	0.0011071717599406838	0.9968767166137695	0.00041327159851789474	0.00046025693882256746	0.9991264939308167
22	0.0018157529411837459	0.0009081318858079612	0.9972761273384094	0.00033741758670657873	0.0005680810427293181	0.9990944862365723
23	0.004266406875103712	0.001717737759463489	0.9940158128738403	0.0012057136045768857	0.0011514637153595686	0.9976428151130676
24	0.019919907674193382	0.00807934906333685	0.9720007181167603	0.0021740570664405823	0.0029478976503014565	0.9948780536651611
25	0.002054702490568161	0.001213172567076981	0.9967321157455444	0.0005472609191201627	0.0006041396991349757	0.998848557472229
26	0.0012421786086633801	0.001224410138092935	0.9975334405899048	0.0005883441772311926	0.002239569090306759	0.9971721768379211
27	0.0010488423286005855	0.00045430639875121415	0.9984967708587646	0.0003858140262309462	0.00043695696513168514	0.9991772770881653
28	0.0052030677907168865	0.0013993066968396306	0.99339759349823	0.0010448112152516842	0.0005600586882792413	0.9983950257301331
29	0.0011041552061215043	0.0015997480368241668	0.997296154499054	0.0010239159455522895	0.0007464809459634125	0.9982296824455261
30	0.0012069613439962268	0.001101651811040938	0.9976913928985596	0.00030392647022381425	0.0005790843861177564	0.9991169571876526
31	0.014861873351037502	0.0038783419877290726	0.9812598824501038	0.0004506851255428046	0.001124652219004929	0.9984246492385864
32	0.023314373567700386	0.007578922901302576	0.9691067337989807	0.004362847656011581	0.005404158029705286	0.9902329444885254
33	0.0027758022770285606	0.0012780452379956841	0.9959461092948914	0.0008353946614079177	0.0005910128820687532	0.9985735416412354
34	0.001870524836704135	0.0008101022685877979	0.9973194003105164	0.00029326017829589546	0.0009176742751151323	0.9987891316413879
35	0.0028753906954079866	0.0009466689662076533	0.9961779117584229	0.00030940238502807915	0.00038764180499129	0.9993029832839966
36	0.0054947976022958755	0.00636502867564559	0.9881401062011719	0.0008190957014448941	0.001293156179599464	0.9978876709938049
37	0.0017302221385762095	0.001006227801553905	0.9972635507583618	0.0003069151134695858	0.0006107438821345568	0.9990823268890381
38	0.0033132219687104225	0.0014330060221254826	0.9952538013458252	0.00042981147998943925	0.0007663376163691282	0.9988038539886475
39	0.006953746546059847	0.002792990766465664	0.9902532696723938	0.0006141511257737875	0.0012325383722782135	0.9981533885002136
40	0.0055916220881044865	0.001700808061286807	0.9927076697349548	0.0006232354207895696	0.001018164330162108	0.9983585476875305
41	0.014284428209066391	0.00613657059147954	0.9795790910720825	0.0009051613160409033	0.0008753150468692183	0.9982194304466248
42	0.008882786147296429	0.0036220294423401356	0.9874951243400574	0.0009321736870333552	0.0011879190569743514	0.9978799819946289
43	0.2633644640445709	0.020030418410897255	0.7166051268577576	0.0030198118183761835	0.0037529997061938047	0.9932271838188171
44	0.0027962487656623125	0.0025224327109754086	0.9946812987327576	0.0008566694450564682	0.0010444967774674296	0.9980987906455994
45	0.002669203793630004	0.0013748477213084698	0.9959558844566345	0.0005040816031396389	0.0007976897177286446	0.9986982345581055
46	0.0004927581758238375	0.00029094642377458513	0.9992161989212036	0.0003725110145751387	0.0002960968704428524	0.9993313550949097
47	0.01681491918861866	0.005872415378689766	0.9773126840591431	0.0014435036573559046	0.003999760374426842	0.9945567846298218
48	0.002413075650110841	0.001026171026751399	0.9965607523918152	0.00020871493325103074	0.0003752439224626869	0.9994159936904907
49	0.0025541854556649923	0.0015423515578731894	0.9959035515785217	0.00038215972017496824	0.0008064453722909093	0.9988113641738892
50	0.0014804158126935363	0.0009322447003796697	0.9975873231887817	0.00037150041316635907	0.0003953950945287943	0.9992331266403198
51	0.0030319716315716505	0.0021090921945869923	0.994858980178833	0.0004249148478265852	0.0005558663397096097	0.9990191459655762
52	0.04711262136697769	0.01018589548766613	0.9427014589309692	0.0009603815269656479	0.004439742770045996	0.9945999383926392
53	0.0033990938682109118	0.0011703049531206489	0.995430588722229	0.0009377942769788206	0.0006972179980948567	0.9983649849891663
54	0.022550681605935097	0.010465215891599655	0.9669840335845947	0.0012398790568113327	0.009564295411109924	0.9891959428787231
55	0.0027532700914889574	0.0019024949287995696	0.9953442215919495	0.0008032273035496473	0.0006464655743911862	0.9985502362251282
56	0.0726868137717247	0.010472817346453667	0.9168403744697571	0.00169469160027802	0.001783727784641087	0.9965215921401978
57	0.0011167643824592233	0.0008646656642667949	0.9980185031890869	0.00033922758302651346	0.0005822415114380419	0.9990785121917725
58	0.0021922250743955374	0.0018544456688687205	0.9959534406661987	0.000749799539335072	0.0016218018718063831	0.997628390789032
59	0.0013588635483756661	0.0017518548993393779	0.9968892931938171	0.0030033383518457413	0.002584136789664626	0.9944126009941101
60	0.0017571685602888465	0.0014488216256722808	0.9967939257621765	0.0006477475399151444	0.0008064693538472056	0.99854576587677
61	0.0028199790976941586	0.0011856721248477697	0.9959943294525146	0.0007668723701499403	0.0006179010961204767	0.9986151456832886
62	0.009390249848365784	0.0059615010395646095	0.9846483469009399	0.0008379641803912818	0.001107238931581378	0.9980548620223999
63	0.0040450370870530605	0.002307225251570344	0.9936477541923523	0.00028712081257253885	0.0006367521127685905	0.9990761280059814
64	0.004844195209443569	0.002290311036631465	0.9928654432296753	0.000528642674908042	0.0006073632976040244	0.998863935470581
65	0.010427452623844147	0.00231401389464736	0.9872584939002991	0.0023293192498385906	0.001583363744430244	0.9960874319076538
66	0.0020263390615582466	0.0009754137136042118	0.9969983100891113	0.0022567808628082275	0.001997175859287381	0.9957460761070251
67	0.00849752128124237	0.0030351970344781876	0.988467276096344	0.0006405822350643575	0.001305726240389049	0.9980536699295044
68	0.014265635050833225	0.011749546974897385	0.9739848375320435	0.0005437479121610522	0.0015605278313159943	0.9978957176208496
69	0.0014331296551972628	0.0007190871401689947	0.9978477954864502	0.00045709425467066467	0.0005270633846521378	0.9990158081054688
70	0.00983329489827156	0.0028039857279509306	0.9873627424240112	0.010049526579678059	0.004431554116308689	0.9855189323425293
71	0.012295912019908428	0.004019354935735464	0.983684778213501	0.0009554482530802488	0.002434640657156706	0.9966098666191101
72	0.012150820344686508	0.0029994314536452293	0.9848498106002808	0.00035626679891720414	0.001119718886911869	0.998524010181427
73	0.021504400297999382	0.004256799351423979	0.9742387533187866	0.0017652834067121148	0.0016130266012623906	0.9966217279434204
74	0.005772886332124472	0.004030289594084024	0.9901968240737915	0.0006174831069074571	0.0019157351925969124	0.9974668025970459
75	0.002947657136246562	0.0010574233019724488	0.9959949254989624	0.001491747098043561	0.0017327325185760856	0.9967755675315857
76	0.06426451355218887	0.007796300575137138	0.9279391765594482	0.02058609016239643	0.006636449135839939	0.9727775454521179
77	0.06658317893743515	0.02292967028915882	0.910487174987793	0.001976453000679612	0.01929517276585102	0.9787284135818481
78	0.0007855708245187998	0.0011529569746926427	0.99806147813797	0.0003311077307444066	0.0020136137027293444	0.9976552724838257
79	0.017378225922584534	0.0038628813344985247	0.9787589311599731	0.01581779308617115	0.017541034147143364	0.9666411876678467
80	0.003024193923920393	0.0008639336447231472	0.9961119294166565	0.0007268576882779598	0.0009250093135051429	0.9983482360839844
81	0.008119464851915836	0.0027164604980498552	0.9891641139984131	0.0006745642749592662	0.0028610301669687033	0.9964643716812134
82	0.0022811887320131063	0.0007933336310088634	0.9969255328178406	0.0030649867840111256	0.002455228939652443	0.994479775428772
83	0.007267676293849945	0.002963399514555931	0.9897688627243042	0.0006967649678699672	0.001064955024048686	0.9982383251190186
84	0.005252796225249767	0.001958326203748584	0.9927888512611389	0.0007800942403264344	0.0005255554569885135	0.9986944794654846
85	0.00303762499243021	0.0016484824009239674	0.9953138828277588	0.0006456355331465602	0.000633389048743993	0.9987209439277649
86	0.001369441393762827	0.0007616509101353586	0.9978688955307007	0.0010881623020395637	0.0007386741344816983	0.9981731176376343
87	0.004313054494559765	0.0011441680835559964	0.9945427179336548	0.0012427485780790448	0.0009720925590954721	0.9977850914001465
88	0.045529238879680634	0.004439410287886858	0.9500313997268677	0.004049425013363361	0.003318902337923646	0.9926316738128662
89	0.01202032808214426	0.006331616081297398	0.9816480875015259	0.0014628323260694742	0.0025205635465681553	0.9960165619850159
90	0.0020483871921896935	0.0013623986160382628	0.996589183807373	0.0006288300501182675	0.0005042634438723326	0.9988669157028198
91	0.3693144619464874	0.03772642835974693	0.5929591059684753	0.0007200209656730294	0.0009850196074694395	0.9982950091362
92	0.007663351483643055	0.002007849747315049	0.9903287291526794	0.0011601890437304974	0.0005572859663516283	0.9982825517654419
93	0.05683145672082901	0.010117977857589722	0.9330505728721619	0.007074360270053148	0.007545821834355593	0.9853797554969788
94	0.0009029359789565206	0.0005097438115626574	0.9985873699188232	0.00023709479137323797	0.0004577506333589554	0.9993051290512085
95	0.0016703513683751225	0.00043049463420175016	0.9978991746902466	0.0003870042855851352	0.00039855638169683516	0.9992144107818604
96	0.010206970386207104	0.004372759256511927	0.985420286655426	0.0005133370868861675	0.0012554950080811977	0.9982311129570007
97	0.002854572841897607	0.0021964614279568195	0.9949489831924438	0.0015986640937626362	0.0020214116666465998	0.9963800311088562
98	0.0011170608922839165	0.0005323807126842439	0.9983506202697754	0.00025258553796447814	0.00025313824880868196	0.999494194984436
99	0.010692481882870197	0.0032736363355070353	0.9860339760780334	0.0024676888715475798	0.0022623802069574594	0.9952699542045593
100	0.002928324742242694	0.0011881145182996988	0.9958835244178772	0.001116197556257248	0.0008138326229527593	0.9980700612068176
101	0.004534060601145029	0.0015178411267697811	0.9939481019973755	0.00048739815247245133	0.0007008534157648683	0.9988118410110474
102	0.022489238530397415	0.004089489113539457	0.9734212756156921	0.0016063698567450047	0.0020701189059764147	0.9963235855102539
103	0.007481751497834921	0.004051133990287781	0.9884670972824097	0.0020794507581740618	0.002328116213902831	0.9955924153327942
104	0.008652162738144398	0.004712866619229317	0.9866349101066589	0.003426881739869714	0.002752323169261217	0.9938207268714905
105	0.0021650998387485743	0.0021795395296067	0.9956554174423218	0.0014492094051092863	0.001300953677855432	0.9972499012947083
106	0.015382436104118824	0.0035447401460260153	0.9810727834701538	0.005166568793356419	0.013609771616756916	0.9812235832214355
107	0.04265189543366432	0.007917757146060467	0.9494302868843079	0.0011224582558497787	0.0023615462705492973	0.9965159893035889
108	0.0025742582511156797	0.0010097551858052611	0.9964159727096558	0.0011259430320933461	0.0006961951148696244	0.9981778860092163
109	0.9920397996902466	0.0073618050664663315	0.0005984436720609665	0.9924875497817993	0.006889993790537119	0.0006224293611012399
110	0.005895053967833519	0.002869978779926896	0.9912348985671997	0.0006545482901856303	0.0011846383567899466	0.9981607794761658
111	0.005177290644496679	0.0022635222412645817	0.9925591945648193	0.0032756603322923183	0.003944719210267067	0.9927796721458435
112	0.0012642360525205731	0.0007234645891003311	0.9980123043060303	0.000387516338378191	0.0005404886323958635	0.9990719556808472
113	0.0016472842544317245	0.0007918362389318645	0.9975608587265015	0.00048568437341600657	0.0006238803616724908	0.9988904595375061
114	0.00278059602715075	0.0014448700239881873	0.9957745671272278	0.0014202322345227003	0.0008579489076510072	0.9977218508720398
115	0.09329661726951599	0.008409935981035233	0.8982934951782227	0.001982219982892275	0.0026204835157841444	0.9953972697257996
116	0.0017175973625853658	0.0009347467566840351	0.9973475933074951	0.0003533592098392546	0.0008863072725944221	0.9987603425979614
117	0.0012666882248595357	0.0009576120646670461	0.9977757334709167	0.0004660531703848392	0.0006515673594549298	0.9988823533058167
118	0.0006643359665758908	0.0006991433911025524	0.9986365437507629	0.00041681568836793303	0.0006182961515150964	0.9989649057388306
119	0.002308137947693467	0.0014013041509315372	0.9962905645370483	0.0008115802775137126	0.002253314945846796	0.9969351291656494
120	0.8905040621757507	0.03111233189702034	0.07838361710309982	0.024657996371388435	0.0340091772377491	0.9413327574729919
121	0.006651475094258785	0.0031389484647661448	0.9902095794677734	0.000562204048037529	0.0006694783223792911	0.9987682700157166
122	0.004549404140561819	0.00184139225166291	0.9936091899871826	0.003480177139863372	0.00212492817081511	0.9943948984146118
123	0.002042868873104453	0.0006891550729051232	0.9972679615020752	0.0006207433179952204	0.00030854236683808267	0.9990707039833069
124	0.005072845611721277	0.0022221109829843044	0.9927050471305847	0.000886101508513093	0.0015552768018096685	0.99755859375
125	0.0013131694868206978	0.0011780406348407269	0.9975087642669678	0.00025632232427597046	0.000501059228554368	0.9992426633834839
126	0.0014574687229469419	0.0013220899272710085	0.997220516204834	0.0005122699658386409	0.0009353949571959674	0.9985523819923401
127	0.030817069113254547	0.010382729582488537	0.958800196647644	0.005772441625595093	0.011874394491314888	0.9823530912399292
128	0.03666434437036514	0.0068818675354123116	0.9564537405967712	0.002807015087455511	0.0029321995098143816	0.9942607879638672
129	0.04468799754977226	0.00548598961904645	0.9498260021209717	0.006497880443930626	0.004501521587371826	0.989000678062439
130	0.0029250483494251966	0.0010203138226643205	0.9960546493530273	0.0005121961003169417	0.0006547021912410855	0.9988331198692322
131	0.004095019306987524	0.0019395409617573023	0.9939654469490051	0.0011519002728164196	0.0011248966911807656	0.9977231621742249
132	0.022755011916160583	0.0068590654991567135	0.9703859686851501	0.0007014935254119337	0.0017871528398245573	0.9975113868713379
133	0.014997945167124271	0.004055288154631853	0.9809467196464539	0.0043472349643707275	0.0014470965834334493	0.99420565366745
134	0.0013230934273451567	0.0008089099428616464	0.9978679418563843	0.00041940281516872346	0.00040775947854854167	0.9991728663444519
135	0.006996660493314266	0.003446493996307254	0.9895568490028381	0.0004835403524339199	0.0023241257295012474	0.9971923232078552
136	0.0023840446956455708	0.0012259745271876454	0.9963900446891785	0.0006016450934112072	0.00044619079562835395	0.9989521503448486
137	0.0015537755098193884	0.0007788725197315216	0.9976673722267151	0.0002986309118568897	0.0009038050193339586	0.9987975358963013
138	0.001882439129985869	0.0009045122424140573	0.9972130656242371	0.0009159785113297403	0.0007301797159016132	0.9983539581298828
139	0.010553599335253239	0.00223337160423398	0.9872129559516907	0.0016164041589945555	0.0006925763445906341	0.9976910352706909
140	0.7288601994514465	0.21703723073005676	0.054102569818496704	0.0029900697991251945	0.009833666495978832	0.9871763586997986
141	0.0020751627162098885	0.0008455055649392307	0.9970793724060059	0.0004913723096251488	0.0006340349209494889	0.9988744854927063
142	0.0025519963819533587	0.0014134454540908337	0.996034562587738	0.0009624834056012332	0.0009443976450711489	0.9980931878089905
143	0.003287595696747303	0.0012423673179000616	0.9954700469970703	0.0004345862253103405	0.000320657913107425	0.9992448091506958
144	0.0030727041885256767	0.0015847969334572554	0.9953426122665405	0.00029614425147883594	0.0010242459829896688	0.9986795783042908
145	0.028897549957036972	0.007763695903122425	0.9633387923240662	0.0009018986602313817	0.001003241864964366	0.9980948567390442
146	0.0017130792839452624	0.0009696248453110456	0.9973172545433044	0.0005030458560213447	0.000388745975214988	0.9991081357002258
147	0.016395362094044685	0.0092225456610322	0.9743821620941162	0.0010596838546916842	0.0024026292376220226	0.9965376853942871
148	0.0026650249492377043	0.0020308722741901875	0.9953041076660156	0.0007117509376257658	0.0010288440389558673	0.9982593655586243
149	0.9679628610610962	0.016661297529935837	0.015375829301774502	0.02708590216934681	0.03881773352622986	0.9340963363647461
150	0.010525517165660858	0.002830340526998043	0.9866440892219543	0.0009430826175957918	0.00227554002776742	0.9967813491821289
151	0.002445920603349805	0.0015485858311876655	0.9960054755210876	0.0004530644218903035	0.0006278217188082635	0.9989191293716431
152	0.00720473425462842	0.0016892248531803489	0.9911060929298401	0.0016437099548056722	0.00143373291939497	0.9969225525856018
153	0.001252267393283546	0.00043813156662508845	0.9983094930648804	0.0008708159439265728	0.00048033296479843557	0.9986488223075867
154	0.013954859226942062	0.004556660074740648	0.9814884662628174	0.0022820173762738705	0.002393821021541953	0.9953241944313049
155	0.01660856604576111	0.0017439363291487098	0.9816474914550781	0.000711925677023828	0.0005692738923244178	0.9987187385559082
156	0.0047254846431314945	0.0022203002590686083	0.9930540919303894	0.0008256720611825585	0.0005772833828814328	0.9985970854759216
157	0.0042640031315386295	0.0019797608256340027	0.9937561750411987	0.000592814467381686	0.0014676015125587583	0.9979395270347595
158	0.0021814084611833096	0.0009519956656731665	0.9968665242195129	0.00048678810708224773	0.0004991559544578195	0.9990140199661255
159	0.003973130136728287	0.0013033244758844376	0.9947235584259033	0.0003550610563252121	0.0024329989682883024	0.9972118735313416
160	0.0022363816387951374	0.001286425394937396	0.9964773058891296	0.0005944701260887086	0.0004785378696396947	0.9989269375801086
161	0.0027809622697532177	0.001651477301493287	0.9955676198005676	0.000747217214666307	0.0006363220163621008	0.9986164569854736
162	0.004937165416777134	0.002875958802178502	0.9921869039535522	0.002468188526108861	0.001855702605098486	0.9956761002540588
163	0.008763201534748077	0.0031490877736359835	0.9880877137184143	0.0007609237800352275	0.0009747308795340359	0.9982643723487854
164	0.0028085375670343637	0.0012427761685103178	0.9959486126899719	0.0006540033500641584	0.0004942804807797074	0.9988517761230469
165	0.0007778871222399175	0.0015057447599247098	0.9977164268493652	0.00033048936165869236	0.0022483726497739553	0.997421145439148
166	0.0025599002838134766	0.003053124062716961	0.9943870306015015	0.0007695059757679701	0.0010010229889303446	0.998229444026947
167	0.01086343266069889	0.00516548240557313	0.9839710593223572	0.00120937405154109	0.0013246431481093168	0.997465968132019
168	0.0013987463898956776	0.0012712754542008042	0.9973299503326416	0.0002360822691116482	0.0009090579114854336	0.9988548755645752
169	0.003824056824669242	0.0012305077398195863	0.9949454665184021	0.00031568811391480267	0.0005670287646353245	0.9991171956062317
170	0.008253125473856926	0.0018425488378852606	0.9899043440818787	0.00036239749169908464	0.00035441300133243203	0.9992832541465759
171	0.5085004568099976	0.03125708922743797	0.4602424204349518	0.001197838457301259	0.0014688244555145502	0.9973334074020386
172	0.010459872893989086	0.0032174717634916306	0.9863226413726807	0.0030130601953715086	0.010112600401043892	0.9868742823600769
173	0.008400578051805496	0.002175365574657917	0.9894241690635681	0.004268663469702005	0.0038584466092288494	0.9918728470802307
174	0.002809090306982398	0.0010690459748730063	0.9961218237876892	0.0003688047581817955	0.0005756085156463087	0.9990555644035339
175	0.0031869534868746996	0.001021451549604535	0.9957915544509888	0.0005731488927267492	0.0007811516406945884	0.9986457228660583
176	0.0033329837024211884	0.0012250655563548207	0.9954419136047363	0.0011227489449083805	0.0009923994075506926	0.9978849291801453
177	0.0024273402523249388	0.0009661712101660669	0.9966065883636475	0.0004676124081015587	0.0004944796673953533	0.9990379810333252
178	0.010140281170606613	0.004972361959517002	0.984887421131134	0.0010246052406728268	0.001226186053827405	0.9977492690086365
179	0.00429667579010129	0.0009715210762806237	0.9947317838668823	0.0005820767837576568	0.0007396173314191401	0.9986782670021057
180	0.008189121261239052	0.005764899775385857	0.9860460162162781	0.0018833838403224945	0.0013628212036564946	0.9967538714408875
181	0.004526658449321985	0.001238144002854824	0.994235098361969	0.0010395871941000223	0.0006464908365160227	0.9983140230178833
182	0.0026859622448682785	0.001099935034289956	0.9962140917778015	0.0005442710244096816	0.0005798446945846081	0.9988757967948914
183	0.0025644456036388874	0.0005662484327331185	0.9968692660331726	0.0011354908347129822	0.0013348414795473218	0.9975296854972839
184	0.036484599113464355	0.008042698726058006	0.9554727077484131	0.002811842830851674	0.005778395105153322	0.9914097189903259
185	0.004270547069609165	0.0019334359094500542	0.9937959909439087	0.0012666688999161124	0.0017081620171666145	0.997025191783905
186	0.043302983045578	0.0057647209614515305	0.9509323835372925	0.016570651903748512	0.012032313272356987	0.9713970422744751
187	0.003874580841511488	0.001272324239835143	0.9948531985282898	0.00047790276585146785	0.00042524037417024374	0.9990968704223633
188	0.001997345592826605	0.0015787123702466488	0.9964239001274109	0.0006237097550183535	0.000610285613220185	0.9987659454345703
189	0.0351702943444252	0.012319132685661316	0.9525105357170105	0.0010868008248507977	0.0013585126725956798	0.9975547194480896
190	0.003774011041969061	0.002642956329509616	0.9935830235481262	0.0010088318958878517	0.0018796160584315658	0.9971115589141846
191	0.0028752728831022978	0.0013077488401904702	0.9958170056343079	0.0006244137184694409	0.000362117076292634	0.9990134239196777
192	0.002457020804286003	0.001332861022092402	0.9962102174758911	0.0006982813938520849	0.0004937271005474031	0.9988079071044922
193	0.001521172234788537	0.0005823407554998994	0.9978965520858765	0.00041784526547417045	0.0005440081004053354	0.9990381002426147
194	0.05089180916547775	0.007040436379611492	0.9420678019523621	0.05111946538090706	0.022306591272354126	0.9265738725662231
195	0.45523399114608765	0.02084502764046192	0.523921012878418	0.0010323254391551018	0.006016168277710676	0.9929514527320862
196	0.0008655551355332136	0.0006889241049066186	0.9984455704689026	0.0009557989542372525	0.000783230469096452	0.9982609152793884
197	0.0013173314509913325	0.0007465572562068701	0.9979361295700073	0.00041830891859717667	0.0007813053671270609	0.9988003969192505
198	0.01040846947580576	0.003473593620583415	0.9861178994178772	0.0011243644403293729	0.0014875945635139942	0.9973879456520081
199	0.0027603725902736187	0.0014064325951039791	0.9958332180976868	0.0003513658884912729	0.000341201142873615	0.99930739402771
