0	0.10225091874599457	0.3937051594257355	0.5040439367294312	0.42077064514160156	0.5056781768798828	0.07355127483606339
1	0.9334438443183899	0.06411804258823395	0.0024381240364164114	0.9913640022277832	0.008076228201389313	0.0005597943090833724
2	0.9953991770744324	0.004440787713974714	0.00016009599494282156	0.9965517520904541	0.0032897922210395336	0.00015848489420022815
3	0.7525457739830017	0.14770713448524475	0.09974711388349533	0.9692988395690918	0.029715310782194138	0.000985851977020502
4	0.8971756100654602	0.10005775094032288	0.002766684629023075	0.9566572904586792	0.042211003601551056	0.0011316871969029307
5	0.12963111698627472	0.4797271192073822	0.3906417787075043	0.5746338367462158	0.39675474166870117	0.02861136756837368
6	0.9599528908729553	0.02847888134419918	0.011568170972168446	0.16923880577087402	0.8193637728691101	0.011397418566048145
7	0.9276825189590454	0.06335869431495667	0.008958769962191582	0.527553915977478	0.46485546231269836	0.007590725086629391
8	0.008334580808877945	0.12246580421924591	0.8691995739936829	0.8679694533348083	0.12777045369148254	0.0042601218447089195
9	0.11526356637477875	0.3388858437538147	0.5458506345748901	0.20252200961112976	0.7743373513221741	0.023140612989664078
10	0.9592689275741577	0.038930270820856094	0.0018008440965786576	0.8907997012138367	0.10814691334962845	0.001053398009389639
11	0.23405721783638	0.2737143933773041	0.4922284185886383	0.23597866296768188	0.3788107931613922	0.38521048426628113
12	0.8463305234909058	0.13270318508148193	0.02096628211438656	0.9782447218894958	0.02094731666147709	0.0008079223916865885
13	0.4085412323474884	0.589646577835083	0.0018121801549568772	0.8445762991905212	0.15484263002872467	0.0005810622242279351
14	0.7939574718475342	0.18559977412223816	0.020442718639969826	0.020212605595588684	0.9761579036712646	0.0036295305471867323
15	0.24067646265029907	0.0677274614572525	0.6915960907936096	0.13844498991966248	0.10017500817775726	0.7613799571990967
16	0.0023989493492990732	0.9792414307594299	0.01835966482758522	0.0019062322098761797	0.9546071290969849	0.04348663613200188
17	0.9654793739318848	0.033271756023168564	0.0012489327928051353	0.8975638151168823	0.10166957229375839	0.0007666291203349829
18	0.993251383304596	0.006559264380484819	0.00018929840007331222	0.9950034022331238	0.0048185731284320354	0.00017800636123865843
19	0.9883284568786621	0.011029616929590702	0.0006419401033781469	0.9953972697257996	0.004332337994128466	0.00027034664526581764
20	0.9831081032752991	0.01571175828576088	0.0011801582295447588	0.9889152646064758	0.010547447949647903	0.0005373490857891738
21	0.4269837439060211	0.04873330518603325	0.5242829322814941	0.848982036113739	0.08082058280706406	0.07019734382629395
22	0.13469426333904266	0.07952386140823364	0.7857819199562073	0.3934503495693207	0.09983620047569275	0.5067133903503418
23	0.021672118455171585	0.33559921383857727	0.6427286863327026	0.4532874822616577	0.2954050898551941	0.2513074576854706
24	0.5557344555854797	0.19740457832813263	0.24686093628406525	0.9098296761512756	0.044670220464468	0.045500073581933975
25	0.8710970282554626	0.12446214258670807	0.004440819378942251	0.4191027283668518	0.5724726915359497	0.00842457078397274
26	0.8002172112464905	0.169815793633461	0.029967019334435463	0.4818470776081085	0.5095451474189758	0.008607739582657814
27	0.3137626349925995	0.6366840600967407	0.04955330491065979	0.950075089931488	0.04367459937930107	0.006250282749533653
28	0.9753789305686951	0.02294992282986641	0.0016711162170395255	0.9921172261238098	0.007518154103308916	0.00036465455195866525
29	0.18767434358596802	0.1504814624786377	0.6618441939353943	0.3395736813545227	0.10693173110485077	0.5534945726394653
30	0.8914920091629028	0.10801831632852554	0.0004896483733318746	0.9770695567131042	0.022434931248426437	0.0004955822951160371
31	0.9965047836303711	0.0032910131849348545	0.00020427943672984838	0.9967508316040039	0.0030582433100789785	0.00019096146570518613
32	0.9618856906890869	0.03369089961051941	0.0044234017841517925	0.9351816177368164	0.05649220943450928	0.008326132781803608
33	0.9838555455207825	0.015008215792477131	0.0011362092336639762	0.8516259789466858	0.14440667629241943	0.003967363387346268
34	0.9940536618232727	0.005719109438359737	0.00022725875896867365	0.99505215883255	0.004745179321616888	0.00020266002684365958
35	0.912415623664856	0.06579088419675827	0.021793430671095848	0.9801802635192871	0.01868438720703125	0.0011353477602824569
36	0.26979637145996094	0.1460811346769333	0.5841224789619446	0.006918619852513075	0.3621255159378052	0.6309558153152466
37	0.8950743079185486	0.09598246961832047	0.008943225257098675	0.9867271780967712	0.012733560986816883	0.0005391975282691419
38	0.051306530833244324	0.9467718601226807	0.0019215730717405677	0.9925590753555298	0.006667743902653456	0.0007731409859843552
39	0.9917207956314087	0.008055895566940308	0.00022328190971165895	0.983744740486145	0.016056403517723083	0.00019884131324943155
40	0.9912999272346497	0.00823521614074707	0.0004648260655812919	0.9897951483726501	0.009831658564507961	0.00037317373789846897
41	0.8351854085922241	0.1430589109659195	0.021755684167146683	0.9305902719497681	0.06790798157453537	0.0015017037512734532
42	0.9848470687866211	0.014490374363958836	0.0006625340902246535	0.9773613214492798	0.02238035388290882	0.00025832411483861506
43	0.9870296716690063	0.012013925239443779	0.0009564128122292459	0.9838412404060364	0.01572433114051819	0.00043448989163152874
44	0.979190468788147	0.018462510779500008	0.0023470378946512938	0.9887147545814514	0.010084720328450203	0.0012005765456706285
45	0.03417537361383438	0.9609168171882629	0.004907840397208929	0.9472406506538391	0.052460648119449615	0.0002987068728543818
46	0.11359938234090805	0.010408498346805573	0.8759921193122864	0.024888090789318085	0.013154610991477966	0.9619572758674622
47	0.6563912630081177	0.26350829005241394	0.0801004096865654	0.9928293824195862	0.006438183132559061	0.0007324130856432021
48	0.9546881318092346	0.02431447058916092	0.02099738083779812	0.7936028838157654	0.18847621977329254	0.017920857295393944
49	0.9027349948883057	0.09038550406694412	0.00687951035797596	0.4926808774471283	0.5041435360908508	0.003175570396706462
50	0.9854503870010376	0.01315585058182478	0.0013937511248514056	0.9932098984718323	0.006405197083950043	0.0003849741187877953
51	0.21544353663921356	0.7820212244987488	0.0025352290831506252	0.9887396097183228	0.010997478850185871	0.0002629341615829617
52	0.7496948838233948	0.09668640792369843	0.15361875295639038	0.9552091956138611	0.03657347336411476	0.00821731612086296
53	0.9863264560699463	0.013421152718365192	0.00025241647381335497	0.9935879707336426	0.006185304373502731	0.00022676787921227515
54	0.007142507005482912	0.8698770403862	0.12298049032688141	0.15183398127555847	0.7061219811439514	0.14204399287700653
55	0.23934710025787354	0.16108493506908417	0.5995678901672363	0.8270058631896973	0.11379983276128769	0.059194374829530716
56	0.9962020516395569	0.003541553160175681	0.00025645835557952523	0.9937933683395386	0.005999917164444923	0.00020669354125857353
57	0.9482665657997131	0.048601169139146805	0.0031322413124144077	0.9558737874031067	0.04169259965419769	0.0024336418136954308
58	0.5317256450653076	0.2555255591869354	0.21274879574775696	0.9657381176948547	0.03264744207262993	0.0016144936671480536
59	0.0021498447749763727	0.011079743504524231	0.9867703914642334	0.001090210396796465	0.01149907149374485	0.9874107241630554
60	0.7302031517028809	0.25974956154823303	0.01004733331501484	0.9710819721221924	0.027945982292294502	0.00097207649378106
61	0.053085774183273315	0.39358144998550415	0.5533328056335449	0.01774577423930168	0.18668586015701294	0.7955684065818787
62	0.008663177490234375	0.9793019890785217	0.012034757062792778	0.9906861186027527	0.008817270398139954	0.000496590044349432
63	0.47294774651527405	0.20790188014507294	0.3191503584384918	0.8172180652618408	0.1445104479789734	0.0382714606821537
64	0.0036329063586890697	0.9903567433357239	0.006010289769619703	0.9480704665184021	0.04601390287280083	0.005915680900216103
65	0.9949758052825928	0.004582585766911507	0.0004416216106619686	0.995669960975647	0.004044762812554836	0.00028528636903502047
66	0.4953373372554779	0.5002146363258362	0.004448103718459606	0.05771598964929581	0.9412756562232971	0.0010083713568747044
67	0.4612012803554535	0.5337792634963989	0.005019415635615587	0.9726395010948181	0.027017749845981598	0.0003427575284149498
68	0.9543812274932861	0.017657367512583733	0.027961408719420433	0.9482086896896362	0.04041638225317001	0.011374874040484428
69	0.9817023277282715	0.0177967119961977	0.0005009241285733879	0.9937520623207092	0.006055752281099558	0.00019219829118810594
70	0.2700105309486389	0.4812741279602051	0.2487153559923172	0.652905285358429	0.31545397639274597	0.03164074569940567
71	0.9951194524765015	0.004711436573415995	0.0001691948127700016	0.9948762059211731	0.004978733137249947	0.00014502166595775634
72	0.01937587931752205	0.09205245226621628	0.8885716795921326	0.009618502110242844	0.05662049353122711	0.9337610006332397
73	0.17731472849845886	0.4994452893733978	0.3232400119304657	0.894540011882782	0.08342153578996658	0.022038407623767853
74	0.5933318138122559	0.037385065108537674	0.36928310990333557	0.42827308177948	0.014745553024113178	0.5569813251495361
75	0.8751053810119629	0.12156461179256439	0.0033299729693681	0.9666364192962646	0.032792866230010986	0.0005707654636353254
76	0.03457663953304291	0.032320279628038406	0.933103084564209	0.6973993182182312	0.2053549736738205	0.09724568575620651
77	0.007699606474488974	0.9530095458030701	0.03929082304239273	0.002002798253670335	0.8756770491600037	0.12232013046741486
78	0.9937119483947754	0.005719226785004139	0.0005688110250048339	0.7745773792266846	0.22169634699821472	0.003726295195519924
79	0.005497326143085957	0.018794002011418343	0.9757086038589478	0.002244980540126562	0.0332358255982399	0.9645192623138428
80	0.9963991641998291	0.0033164655324071646	0.0002843865950126201	0.9967808723449707	0.0029505190905183554	0.0002686197403818369
81	0.9574191570281982	0.04082474112510681	0.0017560854321345687	0.8542424440383911	0.1451999545097351	0.0005575504619628191
82	0.9528378248214722	0.044630445539951324	0.0025316860992461443	0.9896153211593628	0.010087830014526844	0.0002968314802274108
83	0.9946581721305847	0.004957970697432756	0.0003838767879642546	0.9913669228553772	0.008169520646333694	0.0004635742516256869
84	0.00920944008976221	0.1056051105260849	0.8851853609085083	0.3777547776699066	0.3981347680091858	0.2241104245185852
85	0.5661909580230713	0.19141487777233124	0.24239414930343628	0.011459053494036198	0.916894793510437	0.07164613902568817
86	0.7999264597892761	0.19607998430728912	0.003993581514805555	0.9946249127388	0.005090788938105106	0.0002842835965566337
87	0.032294388860464096	0.24606306850910187	0.7216426134109497	0.0685616135597229	0.17176693677902222	0.7596714496612549
88	0.9894362688064575	0.010178210213780403	0.0003855279355775565	0.9299547076225281	0.06955987960100174	0.0004854762810282409
89	0.05695217475295067	0.10970530658960342	0.8333424925804138	0.34806880354881287	0.535997748374939	0.11593353003263474
90	0.16295753419399261	0.5535038113594055	0.28353866934776306	0.4391981363296509	0.26015305519104004	0.3006488084793091
91	0.24688301980495453	0.19847486913204193	0.5546420812606812	0.011016017757356167	0.9714475274085999	0.017536446452140808
92	0.01717688888311386	0.9777799844741821	0.005043087061494589	0.01976735331118107	0.9779075980186462	0.0023249469231814146
93	0.6780518889427185	0.1733301728963852	0.1486179083585739	0.8668530583381653	0.12086664140224457	0.012280288152396679
94	0.9017931818962097	0.08967585116624832	0.008530981838703156	0.05593818426132202	0.9414019584655762	0.002659793943166733
95	0.9941712021827698	0.005082808900624514	0.000745988916605711	0.9938679337501526	0.005651245824992657	0.0004808605008292943
96	0.08026289939880371	0.05032922327518463	0.8694078922271729	0.1473594456911087	0.16818583011627197	0.6844547986984253
97	0.00929723959416151	0.05541745573282242	0.9352853298187256	0.10816222429275513	0.7727155089378357	0.11912226676940918
98	0.9960391521453857	0.00365442200563848	0.00030645247898064554	0.977627158164978	0.021660413593053818	0.0007124291732907295
99	0.7045626044273376	0.2823771834373474	0.013060265220701694	0.9880754947662354	0.011164677329361439	0.0007598379743285477
100	0.9791112542152405	0.01515844464302063	0.005730287171900272	0.9913785457611084	0.007778450846672058	0.0008429537992924452
101	0.777895450592041	0.13197360932826996	0.09013094753026962	0.9333869218826294	0.058172594755887985	0.008440469391644001
102	0.9525834321975708	0.02713497169315815	0.02028159238398075	0.9709028005599976	0.02179626375436783	0.00730087561532855
103	0.9849075078964233	0.009345588274300098	0.005746925249695778	0.2892160415649414	0.6923129558563232	0.01847098022699356
104	0.9431369304656982	0.053713176399469376	0.0031499310862272978	0.730562150478363	0.2623237073421478	0.007114155683666468
105	0.054211243987083435	0.9107874035835266	0.035001277923583984	0.43427157402038574	0.5501748323440552	0.015553626231849194
106	0.006529162637889385	0.9899532198905945	0.003517638426274061	0.051529135555028915	0.9315854907035828	0.016885394230484962
107	0.11411029100418091	0.7565094232559204	0.1293802559375763	0.8525195121765137	0.14379702508449554	0.003683454589918256
108	0.06748217344284058	0.04314548894762993	0.8893722295761108	0.6697751879692078	0.12294160574674606	0.20728318393230438
109	0.9954433441162109	0.00397126842290163	0.0005854289629496634	0.9957032799720764	0.003818562487140298	0.00047811304102651775
110	0.060879819095134735	0.15433253347873688	0.784787654876709	0.688744843006134	0.11275255680084229	0.19850260019302368
111	0.14330224692821503	0.8499459624290466	0.006751717999577522	0.9903597831726074	0.009359951131045818	0.0002801878144964576
112	0.033768609166145325	0.9554405212402344	0.010790851898491383	0.6888913512229919	0.28336101770401	0.027747591957449913
113	0.3778093755245209	0.5982449054718018	0.02394574135541916	0.6303294897079468	0.3183246850967407	0.05134573206305504
114	0.22661706805229187	0.7625412344932556	0.010841735638678074	0.25252947211265564	0.746488094329834	0.0009823510190472007
115	0.002865313785150647	0.9959815740585327	0.0011530593037605286	0.06484658271074295	0.9336004257202148	0.001553038484416902
116	0.09669723361730576	0.776171088218689	0.1271315962076187	0.29793882369995117	0.6998193860054016	0.002241780748590827
117	0.9334796071052551	0.06479967385530472	0.0017207476776093245	0.12161163985729218	0.8765416741371155	0.0018466624896973372
118	0.9703618288040161	0.02441508322954178	0.005223120097070932	0.988699734210968	0.010827992111444473	0.00047224346781149507
119	0.9852136969566345	0.013787615112960339	0.0009986924706026912	0.9097283482551575	0.08875111490488052	0.0015205201925709844
120	0.9737582802772522	0.024282127618789673	0.0019595869816839695	0.9000076055526733	0.09895859658718109	0.001033770153298974
121	0.9934053421020508	0.0063282339833676815	0.00026638503186404705	0.9948775768280029	0.004910087212920189	0.00021234578161966056
122	0.002119541633874178	0.015518377535045147	0.9823620915412903	0.15501368045806885	0.17567908763885498	0.669307291507721
123	0.9933783411979675	0.006378435995429754	0.00024329984444193542	0.9910681843757629	0.008680135011672974	0.00025168570573441684
124	0.05229936167597771	0.052624981850385666	0.8950756788253784	0.03798950836062431	0.01876070164144039	0.9432497620582581
125	0.5564121603965759	0.2877313196659088	0.15585647523403168	0.37880611419677734	0.5068268179893494	0.11436709016561508
126	0.9865842461585999	0.013004804030060768	0.0004109814763069153	0.9712677001953125	0.02848629280924797	0.0002459570823702961
127	0.025670470669865608	0.362093061208725	0.6122364401817322	0.06466592103242874	0.544544517993927	0.39078953862190247
128	0.9956777691841125	0.0040900795720517635	0.0002321435749763623	0.9944078922271729	0.005338713061064482	0.00025340766296721995
129	0.9857996702194214	0.012163959443569183	0.002036416670307517	0.9151778221130371	0.08282984793186188	0.0019923201762139797
130	0.002940201200544834	0.022103536874055862	0.974956214427948	0.060512349009513855	0.026830198243260384	0.9126574397087097
131	0.9551253318786621	0.04425753653049469	0.0006171655841171741	0.9853556752204895	0.01442570611834526	0.00021861006098333746
132	0.984723687171936	0.014720025472342968	0.0005562810110859573	0.9921305775642395	0.00729281734675169	0.0005766359390690923
133	0.9953011274337769	0.003988304641097784	0.000710541382431984	0.9935246706008911	0.005624739453196526	0.0008505400037392974
134	0.9951153993606567	0.004568306729197502	0.00031628558645024896	0.995806097984314	0.003965618088841438	0.00022822350729256868
135	0.9969072937965393	0.0028353927191346884	0.0002573646488599479	0.996738851070404	0.003011664841324091	0.00024945609038695693
136	0.9961846470832825	0.003602651646360755	0.00021271502191666514	0.9969639182090759	0.002861949848011136	0.00017407698032911867
137	0.9770951271057129	0.020594008266925812	0.0023108746390789747	0.6653395891189575	0.33232808113098145	0.0023323618806898594
138	0.9958628416061401	0.0038250647485256195	0.00031210604356601834	0.9961754083633423	0.0035513578914105892	0.00027322041569277644
139	0.5285326242446899	0.4524732232093811	0.018994085490703583	0.9462572336196899	0.05146490037441254	0.0022778520360589027
140	0.06519562751054764	0.3122180104255676	0.6225864291191101	0.01970534212887287	0.17564672231674194	0.8046479821205139
141	0.5040148496627808	0.47601211071014404	0.01997307315468788	0.7583713531494141	0.23486778140068054	0.0067608593963086605
142	0.9730225205421448	0.02485978603363037	0.002117654075846076	0.8960491418838501	0.09797951579093933	0.005971319507807493
143	0.9408903121948242	0.05640488862991333	0.0027048711199313402	0.8957775235176086	0.0985749289393425	0.005647596437484026
144	0.9281962513923645	0.06892652809619904	0.002877173013985157	0.5337573289871216	0.4639876186847687	0.0022550004068762064
145	0.06168535724282265	0.886516273021698	0.05179833620786667	0.9670100212097168	0.031000934541225433	0.0019890512339770794
146	0.38765859603881836	0.5665371417999268	0.04580424726009369	0.0561637245118618	0.9364081025123596	0.007428154814988375
147	0.9136160612106323	0.08188904076814651	0.004494925960898399	0.9863709807395935	0.011437367647886276	0.0021916194818913937
148	0.02242007665336132	0.0791788324713707	0.8984010815620422	0.26076677441596985	0.1893588900566101	0.5498743057250977
149	0.9685399532318115	0.02824406512081623	0.003215948585420847	0.9386709928512573	0.06014391779899597	0.0011851249728351831
150	0.1144053265452385	0.8819634318351746	0.003631308674812317	0.4321523904800415	0.5635480880737305	0.0042995307594537735
151	0.9957101345062256	0.004078912083059549	0.00021090602967888117	0.9933117628097534	0.006449440494179726	0.00023882908863015473
152	0.7936943769454956	0.08732370287179947	0.11898191273212433	0.009067491628229618	0.9696317315101624	0.021300798282027245
153	0.994818389415741	0.0050066132098436356	0.00017502016271464527	0.9944716691970825	0.005348789505660534	0.00017957031377591193
154	0.1947314739227295	0.3872513771057129	0.41801708936691284	0.8988677859306335	0.08377306163311005	0.017359117045998573
155	0.9042358994483948	0.0913553386926651	0.004408831242471933	0.9707419276237488	0.028042640537023544	0.0012154234573245049
156	0.3130152225494385	0.1331213116645813	0.5538634061813354	0.7671388983726501	0.13430163264274597	0.09855946153402328
157	0.0020294836722314358	0.0430716797709465	0.9548987746238708	0.6576853394508362	0.28727278113365173	0.055041927844285965
158	0.9935200810432434	0.006139387842267752	0.00034053658600896597	0.9942611455917358	0.0054451352916657925	0.0002937663812190294
159	0.9704691171646118	0.029084587469697	0.00044634228106588125	0.9929130673408508	0.006910874508321285	0.0001761105959303677
160	0.9427885413169861	0.028073441237211227	0.02913806401193142	0.9847812652587891	0.011589723639190197	0.003628976410254836
161	0.9532485008239746	0.044604238122701645	0.002147272229194641	0.9817768931388855	0.01764177531003952	0.0005813443567603827
162	0.9848871827125549	0.012214316986501217	0.0028985287062823772	0.8952581286430359	0.08586485683917999	0.018876977264881134
163	0.5224123001098633	0.4739058315753937	0.003681837348267436	0.9609310626983643	0.037631165236234665	0.001437815953977406
164	0.22636055946350098	0.30663570761680603	0.467003732919693	0.2104002833366394	0.22536642849445343	0.5642332434654236
165	0.9777226448059082	0.021406304091215134	0.0008710220572538674	0.802060067653656	0.19729332625865936	0.0006466012564487755
166	0.9822085499763489	0.017181459814310074	0.0006100445170886815	0.9945569038391113	0.005238230340182781	0.00020484447304625064
167	0.06475681066513062	0.9141848683357239	0.021058278158307076	0.002398474607616663	0.9937818646430969	0.003819619072601199
168	0.642394483089447	0.056858960539102554	0.3007465600967407	0.7246043086051941	0.07625287026166916	0.19914276897907257
169	0.08487112075090408	0.7584092020988464	0.15671969950199127	0.5050130486488342	0.4729250371456146	0.022061942145228386
170	0.9802984595298767	0.01848035492002964	0.0012211441062390804	0.0023865376133471727	0.9965466856956482	0.0010668117320165038
171	0.9950031638145447	0.004712420050054789	0.00028443889459595084	0.9919567108154297	0.007787112146615982	0.000256166240433231
172	0.9792665839195251	0.019721252843737602	0.0010122329695150256	0.9950048327445984	0.004723235033452511	0.000272004515863955
173	0.9041263461112976	0.07284819334745407	0.023025456815958023	0.7888690829277039	0.19976995885372162	0.011361046694219112
174	0.9794813990592957	0.01975676231086254	0.0007618193631060421	0.9899380207061768	0.009696152992546558	0.00036579935112968087
175	0.9925873875617981	0.006803189404308796	0.0006094042910262942	0.9782180190086365	0.02129303477704525	0.0004889114643447101
176	0.9844733476638794	0.013660578057169914	0.0018660536734387279	0.9874634742736816	0.01096622459590435	0.0015702309319749475
177	0.9122652411460876	0.0518748015165329	0.035860009491443634	0.30229389667510986	0.6757919192314148	0.02191418781876564
178	0.9951280355453491	0.004467464983463287	0.00040443718899041414	0.9953438639640808	0.0043795546516776085	0.00027658118051476777
179	0.9818712472915649	0.0171993188560009	0.0009294569026678801	0.8913730382919312	0.09942109882831573	0.00920590478926897
180	0.788602352142334	0.15463854372501373	0.05675911903381348	0.5345826148986816	0.27476322650909424	0.1906542032957077
181	0.21548087894916534	0.20645804703235626	0.578061044216156	0.40616732835769653	0.28239762783050537	0.3114350438117981
182	0.9919092059135437	0.007824849337339401	0.0002658925368450582	0.9969407916069031	0.0028842773754149675	0.0001748469367157668
183	0.09252077341079712	0.15151368081569672	0.755965530872345	0.36440810561180115	0.3443636894226074	0.29122820496559143
184	0.9447001814842224	0.0487290620803833	0.006570798810571432	0.007661960553377867	0.9857612252235413	0.006576769519597292
185	0.9930054545402527	0.0068381428718566895	0.00015641680511180311	0.9931042790412903	0.006751121487468481	0.00014453273615799844
186	0.09984336048364639	0.46282756328582764	0.43732908368110657	0.23609298467636108	0.35587501525878906	0.4080319404602051
187	0.0027785813435912132	0.9233038425445557	0.07391754537820816	0.010990877635776997	0.7636686563491821	0.22534041106700897
188	0.9937896132469177	0.00585301173850894	0.0003573476860765368	0.7179893851280212	0.2788264751434326	0.003184144850820303
189	0.016005171462893486	0.019038839265704155	0.9649560451507568	0.012390206567943096	0.017675980925559998	0.9699338674545288
190	0.005457488354295492	0.0676274448633194	0.926915168762207	0.05954867601394653	0.20840761065483093	0.7320436835289001
191	0.9949747323989868	0.004752858076244593	0.00027241758652962744	0.9942383766174316	0.005490493029356003	0.0002711612032726407
192	0.9930538535118103	0.0067468974739313126	0.00019918994803447276	0.9941419959068298	0.005675348453223705	0.0001827060041250661
193	0.9835560321807861	0.016173969954252243	0.0002699314500205219	0.985145092010498	0.014530349522829056	0.0003245614643674344
194	0.9266964197158813	0.059774793684482574	0.013528781943023205	0.014193030074238777	0.9792196154594421	0.006587464362382889
195	0.011030444875359535	0.9466944336891174	0.04227522388100624	0.9905335903167725	0.007900521159172058	0.0015658742049708962
196	0.9791831374168396	0.01947207562625408	0.001344761811196804	0.7655690908432007	0.2103714942932129	0.02405940555036068
197	0.9914074540138245	0.008242879994213581	0.0003496701247058809	0.9923675656318665	0.00734149944037199	0.000290975091047585
198	0.3657589554786682	0.20348332822322845	0.4307577908039093	0.7762531042098999	0.18315389752388	0.04059295728802681
199	0.9952573180198669	0.0044843098148703575	0.00025839192676357925	0.9902201890945435	0.009448003023862839	0.00033172473195008934
