0	0.9874368906021118	0.01011185348033905	0.0024512880481779575	0.9899613857269287	0.0085228206589818	0.0015157967573031783
1	0.986746609210968	0.012727911584079266	0.0005255318246781826	0.9880412817001343	0.011452781036496162	0.0005058729439042509
2	0.9388266801834106	0.04792346432805061	0.013249896466732025	0.6979109048843384	0.09565241634845734	0.20643667876720428
3	0.9924579858779907	0.006556222215294838	0.0009858189150691032	0.9941046833992004	0.005074044689536095	0.0008212822140194476
4	0.9910298585891724	0.008706988766789436	0.0002631830284371972	0.9905917048454285	0.009127137251198292	0.00028115155873820186
5	0.9959501028060913	0.003540912177413702	0.0005089350161142647	0.9960798621177673	0.003488881280645728	0.0004312433011364192
6	0.9909523725509644	0.008249607868492603	0.0007979891379363835	0.9930039048194885	0.006505307741463184	0.0004907394759356976
7	0.9970138072967529	0.0027824637945741415	0.00020368446712382138	0.9967183470726013	0.003058341797441244	0.00022326078033074737
8	0.9666524529457092	0.023049140349030495	0.010298414155840874	0.9245773553848267	0.04803543910384178	0.02738720178604126
9	0.9958934783935547	0.003781865583732724	0.00032467429991811514	0.9958633184432983	0.003804638748988509	0.00033198067103512585
10	0.8933547139167786	0.032776884734630585	0.07386835664510727	0.6238327622413635	0.03835679218173027	0.3378104567527771
11	0.9811191558837891	0.012279876507818699	0.00660098297521472	0.9579235911369324	0.018773861229419708	0.02330249547958374
12	0.9893634915351868	0.009404012933373451	0.0012325438437983394	0.9901067614555359	0.00839485228061676	0.0014984364388510585
13	0.32192355394363403	0.21276432275772095	0.465312123298645	0.2266768217086792	0.2875764071941376	0.485746830701828
14	0.9939215183258057	0.005182322580367327	0.000896120851393789	0.9926048517227173	0.006094961427152157	0.001300134346820414
15	0.9913254380226135	0.00824916921555996	0.00042541409493424	0.9923606514930725	0.007298680022358894	0.0003406723844818771
16	0.996986448764801	0.0027863362338393927	0.00022721217828802764	0.996636152267456	0.003096560947597027	0.00026721772155724466
17	0.9959354400634766	0.0037112869322299957	0.00035320219467394054	0.996580183506012	0.0030437891837209463	0.0003760236140806228
18	0.8812693953514099	0.060578349977731705	0.05815218389034271	0.8847036957740784	0.04592408239841461	0.06937219947576523
19	0.9958158135414124	0.00400220463052392	0.0001820341421989724	0.9949325919151306	0.004901051055639982	0.0001662985305301845
20	0.9950868487358093	0.00454896641895175	0.0003641853400040418	0.9949221014976501	0.004692253656685352	0.00038568192394450307
21	0.9961010217666626	0.003691052319481969	0.00020789015979971737	0.9924572706222534	0.007360387593507767	0.00018239168275613338
22	0.996505856513977	0.0032688877545297146	0.0002252506819786504	0.996268630027771	0.003490982111543417	0.00024031111388467252
23	0.9956715106964111	0.004099502228200436	0.00022901610645931214	0.9953657388687134	0.004387620836496353	0.00024668307742103934
24	0.975323498249054	0.018863912671804428	0.005812613759189844	0.9787219166755676	0.015065796673297882	0.006212327163666487
25	0.9958600401878357	0.0038806963711977005	0.00025926867965608835	0.9954895377159119	0.004249149467796087	0.0002613584219943732
26	0.9888577461242676	0.009237997233867645	0.0019042715430259705	0.9640190005302429	0.034596238285303116	0.001384800300002098
27	0.9965382814407349	0.0032659044954925776	0.00019586588314268738	0.9964151382446289	0.003391158301383257	0.0001937321649165824
28	0.993003785610199	0.0068030585534870625	0.00019318825798109174	0.9936438798904419	0.006171761080622673	0.00018440038547851145
29	0.9728617072105408	0.022466618567705154	0.00467167142778635	0.9492976069450378	0.032838139683008194	0.01786421425640583
30	0.9968597888946533	0.0029119413811713457	0.00022831752721685916	0.9966641068458557	0.003080798778682947	0.00025501655181869864
31	0.9923561811447144	0.006644935812801123	0.000998936709947884	0.991852343082428	0.0072032380849123	0.000944464176427573
32	0.9958277344703674	0.003540207166224718	0.000632095558103174	0.9962239265441895	0.003294212743639946	0.0004818161251023412
33	0.9954401254653931	0.003960397094488144	0.0005993981030769646	0.9956117868423462	0.003709414042532444	0.0006787905003875494
34	0.9682281613349915	0.022786151617765427	0.008985605090856552	0.9846582412719727	0.012347153387963772	0.002994616748765111
35	0.9833621382713318	0.01555363368242979	0.0010842116316780448	0.979601263999939	0.018579009920358658	0.0018196685705333948
36	0.9929144382476807	0.005383847281336784	0.001701750559732318	0.9940224289894104	0.00486352713778615	0.0011140481801703572
37	0.9892237186431885	0.009396987035870552	0.0013792873360216618	0.9956092238426208	0.003852975321933627	0.0005378281348384917
38	0.9944490194320679	0.004866456612944603	0.0006845879834145308	0.9935812950134277	0.0055889347568154335	0.0008297502063214779
39	0.8394928574562073	0.045762915164232254	0.11474426835775375	0.6557137966156006	0.05373028293251991	0.2905558943748474
40	0.9955074787139893	0.003881091019138694	0.0006114306161180139	0.9957475066184998	0.0035597009118646383	0.0006928230286575854
41	0.9923387765884399	0.00727474968880415	0.00038639752892777324	0.9900029897689819	0.009487017057836056	0.0005100415437482297
42	0.995158851146698	0.004605727735906839	0.00023538732784800231	0.9951621890068054	0.004631245043128729	0.00020653732644859701
43	0.9829582571983337	0.016573483124375343	0.0004683008592110127	0.9814770817756653	0.018215162679553032	0.00030771634192205966
44	0.9913034439086914	0.007107178680598736	0.0015894165262579918	0.9930016398429871	0.006213739514350891	0.0007845978834666312
45	0.9965550899505615	0.003236766206100583	0.0002081720595015213	0.9963123202323914	0.0034716278314590454	0.00021599771571345627
46	0.9957868456840515	0.00400959886610508	0.0002036073274211958	0.9952917098999023	0.004485897719860077	0.00022236366930883378
47	0.9124839305877686	0.08334704488515854	0.004169065039604902	0.9765424728393555	0.021437373012304306	0.0020201755687594414
48	0.9847332835197449	0.01460228767246008	0.0006644484237767756	0.9847960472106934	0.014385025016963482	0.0008188948850147426
49	0.9922046661376953	0.00662259990349412	0.001172712305560708	0.9928517937660217	0.006324107758700848	0.0008240168099291623
50	0.995894193649292	0.0038544090930372477	0.00025140494108200073	0.9958623647689819	0.003897164948284626	0.000240393026615493
51	0.992893397808075	0.006546618416905403	0.0005599234718829393	0.9923474788665771	0.007219064515084028	0.0004334986151661724
52	0.9963819980621338	0.003422664711251855	0.00019528182747308165	0.9962863922119141	0.0035153375938534737	0.00019820869783870876
53	0.9938632249832153	0.005514294374734163	0.0006225519464351237	0.9928769469261169	0.006533387582749128	0.0005896819639019668
54	0.9914811849594116	0.00666316132992506	0.0018556254217401147	0.9899795055389404	0.008281699381768703	0.0017388064879924059
55	0.9834928512573242	0.0157663244754076	0.0007407887023873627	0.9953126907348633	0.004523697309195995	0.00016360318113584071
56	0.994186520576477	0.005354129243642092	0.0004593304474838078	0.9941831231117249	0.005378145724534988	0.0004387361113913357
57	0.9960441589355469	0.0035758400335907936	0.00038004841189831495	0.9960020184516907	0.0036224641371518373	0.00037553193396888673
58	0.9940425753593445	0.005753485485911369	0.0002039049577433616	0.9931004047393799	0.00669568357989192	0.00020385958487167954
59	0.9886571764945984	0.00743757002055645	0.0039052001666277647	0.9876763820648193	0.008887531235814095	0.0034361411817371845
60	0.9943432807922363	0.005460291635245085	0.00019647611770778894	0.9944053888320923	0.005398862063884735	0.00019574120233301073
61	0.9949476718902588	0.004727801773697138	0.00032455933978781104	0.9950380921363831	0.004674132913351059	0.000287757720798254
62	0.33965519070625305	0.04133803769946098	0.6190067529678345	0.8554233312606812	0.02504367008805275	0.1195329949259758
63	0.9970088601112366	0.002805988071486354	0.00018518407887313515	0.9969350099563599	0.0028789169155061245	0.00018603928037919104
64	0.9778168797492981	0.019712872803211212	0.0024702034424990416	0.9720700979232788	0.024626269936561584	0.003303670324385166
65	0.9961268305778503	0.003727937815710902	0.00014530288171954453	0.9960450530052185	0.003804451320320368	0.00015046141925267875
66	0.9969047904014587	0.002882685512304306	0.00021255214232951403	0.9968252182006836	0.0029638817068189383	0.00021096890850458294
67	0.9639515280723572	0.03033359907567501	0.0057149119675159454	0.9222497940063477	0.05574735254049301	0.022002898156642914
68	0.9868746399879456	0.010417132638394833	0.0027081940788775682	0.9933056235313416	0.005119661334902048	0.001574686961248517
69	0.9505413174629211	0.0456123948097229	0.0038462316151708364	0.9320111274719238	0.06281044334173203	0.005178456660360098
70	0.9852877855300903	0.007045974023640156	0.007666223682463169	0.9752354025840759	0.013304161839187145	0.01146044209599495
71	0.9935296177864075	0.006195251364260912	0.00027510328800417483	0.9930769205093384	0.0066415960900485516	0.00028144539101049304
72	0.97367924451828	0.021633930504322052	0.00468677980825305	0.982851505279541	0.01304345391690731	0.004105024971067905
73	0.9865596294403076	0.008635173551738262	0.0048051439225673676	0.9793699383735657	0.012973664328455925	0.007656411733478308
74	0.9903290271759033	0.009033824317157269	0.0006371409399434924	0.9892244935035706	0.010196476243436337	0.0005790333962067962
75	0.9879690408706665	0.010969615541398525	0.0010613870108500123	0.9915509223937988	0.007550403010100126	0.0008987398468889296
76	0.9971168041229248	0.0026952747721225023	0.00018794026982504874	0.9970965385437012	0.002712119137868285	0.000191295868717134
77	0.9922252893447876	0.0075198691338300705	0.0002548712946008891	0.9914566874504089	0.008263785392045975	0.0002795642358250916
78	0.9662202000617981	0.03207094967365265	0.001708799391053617	0.9899399876594543	0.009252086281776428	0.0008079696563072503
79	0.9692621231079102	0.02720160409808159	0.003536275587975979	0.985805094242096	0.013360697776079178	0.0008341628708876669
80	0.9954721927642822	0.0043626162223517895	0.0001652302744332701	0.9943888783454895	0.005438218824565411	0.00017294038843829185
81	0.9903772473335266	0.008835570886731148	0.0007871566340327263	0.9935179948806763	0.005961178801953793	0.0005208670627325773
82	0.9949963092803955	0.004710087087005377	0.00029360619373619556	0.9950205087661743	0.004707675892859697	0.00027185241924598813
83	0.9936621189117432	0.005666801705956459	0.0006710165180265903	0.995955228805542	0.0036192932166159153	0.00042553109233267605
84	0.9973737001419067	0.00233827019110322	0.00028806726913899183	0.9972283244132996	0.0024586853105574846	0.0003129521501250565
85	0.9779298305511475	0.016689298674464226	0.005380847956985235	0.9859920144081116	0.010561950504779816	0.0034460988827049732
86	0.7772683501243591	0.21593500673770905	0.006796696688979864	0.8382675647735596	0.15092113614082336	0.010811308398842812
87	0.9953505992889404	0.004376674070954323	0.0002726887178141624	0.995159924030304	0.004564289003610611	0.0002758436603471637
88	0.9740993976593018	0.019418733194470406	0.006481856107711792	0.976109504699707	0.018933268263936043	0.0049572414718568325
89	0.9957249164581299	0.0038336608558893204	0.000441421230789274	0.9937766790390015	0.005636582616716623	0.0005867130239494145
90	0.9431880712509155	0.02463524043560028	0.03217665106058121	0.8899677991867065	0.037890996783971786	0.07214122265577316
91	0.996296226978302	0.003518679179251194	0.00018513007671572268	0.9930521249771118	0.0067944577895104885	0.00015338796947617084
92	0.9955853223800659	0.0041524795815348625	0.0002621606981847435	0.9953588843345642	0.004368664231151342	0.0002724100195337087
93	0.9833621382713318	0.01555363368242979	0.0010842116316780448	0.979601263999939	0.018579009920358658	0.0018196685705333948
94	0.9964340925216675	0.00337088480591774	0.0001950694277184084	0.9962910413742065	0.0035089999437332153	0.00020003129611723125
95	0.7657328248023987	0.1387697011232376	0.09549738466739655	0.8714786767959595	0.06429782509803772	0.06422346830368042
96	0.9671868681907654	0.023966439068317413	0.008846660144627094	0.9818321466445923	0.0155504634603858	0.002617413643747568
97	0.9953896999359131	0.004290485288947821	0.0003197826154064387	0.995431661605835	0.004268966615200043	0.0002993886882904917
98	0.18582278490066528	0.14296436309814453	0.6712128520011902	0.16367663443088531	0.040797725319862366	0.7955256700515747
99	0.9902392625808716	0.008486248552799225	0.0012745310086756945	0.9833758473396301	0.01285612490028143	0.0037680380046367645
100	0.9882825016975403	0.011312795802950859	0.0004046894609928131	0.9880359768867493	0.011536727659404278	0.00042728273547254503
101	0.9928701519966125	0.006839356385171413	0.0002905397559516132	0.9925367832183838	0.007165864109992981	0.0002974401577375829
102	0.9916471242904663	0.005968958605080843	0.0023838779889047146	0.9930652379989624	0.005767276976257563	0.001167416456155479
103	0.9960338473320007	0.003794141812250018	0.00017200977890752256	0.9960816502571106	0.0037512723356485367	0.0001670939236646518
104	0.995680570602417	0.004052899312227964	0.0002665494102984667	0.9956008195877075	0.004122545942664146	0.00027666258392855525
105	0.9961673617362976	0.0033714466262608767	0.0004611562180798501	0.9961305856704712	0.0034269660245627165	0.0004424391081556678
106	0.993346095085144	0.0061601572670042515	0.0004937174380756915	0.9924862384796143	0.007091612555086613	0.0004220834234729409
107	0.9967895150184631	0.0029089562594890594	0.0003015102702192962	0.996263325214386	0.003384241834282875	0.0003524369385559112
108	0.9887978434562683	0.00988369807600975	0.0013184460112825036	0.9944714307785034	0.0052795931696891785	0.00024898501578718424
109	0.993407130241394	0.006341890431940556	0.00025101759820245206	0.9928258657455444	0.006922849919646978	0.0002512930950615555
110	0.9950953722000122	0.0047100866213440895	0.00019452403648756444	0.9951528310775757	0.00465043168514967	0.00019670116307679564
111	0.9645311236381531	0.032781243324279785	0.0026876251213252544	0.933964729309082	0.061518121510744095	0.004517094232141972
112	0.9966400861740112	0.003154382109642029	0.00020548370957840234	0.9965201616287231	0.0032705983612686396	0.00020928244339302182
113	0.9968816041946411	0.0027894529048353434	0.00032892494346015155	0.9966204166412354	0.0030004726722836494	0.0003791352501139045
114	0.9673200249671936	0.03214026615023613	0.0005397253553383052	0.9946109056472778	0.005106841679662466	0.000282315188087523
115	0.99748694896698	0.00232688314281404	0.00018612222629599273	0.9973735809326172	0.002441301243379712	0.0001850597036536783
116	0.9945911169052124	0.005201445892453194	0.0002074537187581882	0.9938066005706787	0.005949740298092365	0.00024373503401875496
117	0.9767131209373474	0.020938031375408173	0.0023488150909543037	0.9836242198944092	0.015230833552777767	0.001144980313256383
118	0.9955583810806274	0.004227389581501484	0.00021422019926831126	0.9947974681854248	0.005002134013921022	0.00020041487005073577
119	0.9974979758262634	0.0023215035907924175	0.00018048009951598942	0.9974839687347412	0.0023289506789296865	0.00018708388961385936
120	0.9946004152297974	0.0038190793711692095	0.0015805251896381378	0.989679217338562	0.007711206097155809	0.00260955560952425
121	0.9686201810836792	0.02755061164498329	0.0038292082026600838	0.9646973609924316	0.028228947892785072	0.00707373209297657
122	0.9974578022956848	0.002263529459014535	0.00027873172075487673	0.9966182112693787	0.0029698426369577646	0.000411998073104769
123	0.9936794638633728	0.00612301379442215	0.0001975389022845775	0.9932425618171692	0.006549588870257139	0.00020780465274583548
124	0.9937053322792053	0.006068665999919176	0.0002260469045722857	0.993911862373352	0.005862184334546328	0.00022597424685955048
125	0.9555467367172241	0.03791414573788643	0.006539171561598778	0.9900532364845276	0.008630379103124142	0.0013164231786504388
126	0.9925222992897034	0.006530982442200184	0.0009467191412113607	0.9959849119186401	0.003714753780514002	0.0003003391611855477
127	0.9847372174263	0.011988702230155468	0.003274036105722189	0.9809712767601013	0.016392789781093597	0.0026358908507972956
128	0.9935950636863708	0.005724097602069378	0.0006808696780353785	0.9931102991104126	0.006237879861146212	0.0006517704459838569
129	0.9898717999458313	0.00939103215932846	0.0007372100371867418	0.9937240481376648	0.005919722840189934	0.00035624601878225803
130	0.9960551261901855	0.003728825133293867	0.00021604679932352155	0.9932416677474976	0.006563323549926281	0.00019507203251123428
131	0.9885578155517578	0.009853960014879704	0.0015881721628829837	0.9936044812202454	0.005703499540686607	0.0006920740124769509
132	0.9963819980621338	0.0032810813281685114	0.00033691737917251885	0.9954849481582642	0.00409633107483387	0.00041873162263073027
133	0.9618868231773376	0.019792720675468445	0.01832052879035473	0.897346019744873	0.029837533831596375	0.0728163942694664
134	0.9967966675758362	0.003069736063480377	0.00013363223115447909	0.996605634689331	0.0032605233136564493	0.00013387715443968773
135	0.9947752952575684	0.003764469176530838	0.0014602432493120432	0.9931808710098267	0.004816643428057432	0.0020025402773171663
136	0.9960551261901855	0.003728825133293867	0.00021604679932352155	0.9932416677474976	0.006563323549926281	0.00019507203251123428
137	0.9959686994552612	0.0038569166790694	0.00017443890101276338	0.9960407018661499	0.0037814562674611807	0.0001778581499820575
138	0.9947333335876465	0.005011355970054865	0.0002553703379817307	0.9940614104270935	0.0056253476068377495	0.0003132465062662959
139	0.9946804642677307	0.0046277716755867004	0.0006917209248058498	0.9942136406898499	0.005029852502048016	0.0007565356208942831
140	0.9913336634635925	0.008296855725347996	0.00036947429180145264	0.991550087928772	0.008069328963756561	0.00038053191383369267
141	0.9948208332061768	0.004563095048069954	0.0006160460179671645	0.9955095052719116	0.004063923843204975	0.00042661462794058025
142	0.9877640604972839	0.011715616099536419	0.0005203153123147786	0.9876973032951355	0.011792346835136414	0.0005102953291498125
143	0.9501142501831055	0.044232264161109924	0.005653472151607275	0.9802601933479309	0.014042903669178486	0.005696875974535942
144	0.975129246711731	0.018369372934103012	0.006501381751149893	0.979415774345398	0.01724979653954506	0.003334382548928261
145	0.9963387250900269	0.0033108212519437075	0.00035044708056375384	0.9963156580924988	0.003317803842946887	0.00036659097531810403
146	0.9967297315597534	0.002993290312588215	0.000276948296232149	0.991476833820343	0.006160209886729717	0.0023629209026694298
147	0.9945863485336304	0.004896246828138828	0.000517352600581944	0.9928769469261169	0.0064256684854626656	0.0006974195130169392
148	0.9601102471351624	0.03349664807319641	0.006393072195351124	0.9095180034637451	0.06018858030438423	0.030293487012386322
149	0.9936091899871826	0.006083761341869831	0.00030712413717992604	0.9942618608474731	0.005468424409627914	0.0002697206800803542
150	0.9805083870887756	0.012152748182415962	0.007338837254792452	0.9769699573516846	0.016339827328920364	0.006690237205475569
151	0.9955917000770569	0.004136255942285061	0.00027200119802728295	0.9957107305526733	0.004036962985992432	0.0002522733702789992
152	0.895611584186554	0.05769745260477066	0.04669096693396568	0.794321596622467	0.06066196784377098	0.14501647651195526
153	0.9937825798988342	0.004553802777081728	0.0016636765794828534	0.994533896446228	0.0040349499322474	0.0014311817940324545
154	0.9779677987098694	0.019433505833148956	0.0025986151304095984	0.9712196588516235	0.02737351693212986	0.0014067593729123473
155	0.9863213896751404	0.01228298805654049	0.0013956655748188496	0.9867291450500488	0.012437628582119942	0.0008331519784405828
156	0.993923008441925	0.005788327660411596	0.00028866069624200463	0.9934293627738953	0.006280786357820034	0.00028985433164052665
157	0.9856561422348022	0.00708647770807147	0.0072574070654809475	0.9593840837478638	0.013224614784121513	0.02739124745130539
158	0.9883302450180054	0.011095242574810982	0.0005745575181208551	0.9876540303230286	0.011841069906949997	0.0005048325983807445
159	0.9960812926292419	0.003683248534798622	0.00023551878985017538	0.9949945211410522	0.0047601512633264065	0.00024535952252335846
160	0.9940115809440613	0.005623255390673876	0.0003651825536508113	0.9948263764381409	0.0048589943908154964	0.00031461965409107506
161	0.9960471987724304	0.003700695000588894	0.0002521329734008759	0.9962647557258606	0.0035031531006097794	0.00023204219178296626
162	0.9849063754081726	0.0071411761455237865	0.007952431216835976	0.9704321026802063	0.012812635861337185	0.016755254939198494
163	0.953766405582428	0.043593406677246094	0.0026402391958981752	0.9809937477111816	0.01687290333211422	0.002133404603227973
164	0.9968048334121704	0.0029855812899768353	0.00020964990835636854	0.9968242645263672	0.002954898402094841	0.00022083811927586794
165	0.9948462247848511	0.004728733096271753	0.00042505847522988915	0.9949421286582947	0.004647438880056143	0.0004104220133740455
166	0.996336817741394	0.0034162274096161127	0.00024696096079424024	0.9959516525268555	0.003784816013649106	0.00026354260626249015
167	0.9879728555679321	0.01120892632752657	0.0008182098972611129	0.9900944828987122	0.009420366957783699	0.00048520226846449077
168	0.9946335554122925	0.005182529799640179	0.0001838754687923938	0.9940961599349976	0.005699205677956343	0.00020459284132812172
169	0.7133980393409729	0.1317238211631775	0.15487810969352722	0.8048132658004761	0.0686580091714859	0.1265287697315216
170	0.9555802345275879	0.03721535950899124	0.007204397581517696	0.9183439016342163	0.04594456031918526	0.03571154177188873
171	0.9957758784294128	0.003917123656719923	0.0003069874073844403	0.996132493019104	0.0036100223660469055	0.0002575013495516032
172	0.9922972321510315	0.007327979896217585	0.0003748245071619749	0.9930235147476196	0.006611786782741547	0.0003646524273790419
173	0.9967281818389893	0.003026046324521303	0.00024579642922617495	0.9966111779212952	0.003126872004941106	0.00026197623810730875
174	0.11563101410865784	0.007550241891294718	0.8768187165260315	0.15521113574504852	0.0077635603956878185	0.8370252847671509
175	0.9965672492980957	0.003218950005248189	0.00021381893020588905	0.9963012933731079	0.003478139406070113	0.00022054929286241531
176	0.9937263131141663	0.005890887696295977	0.00038286502240225673	0.9939072728157043	0.005694054067134857	0.0003987308300565928
177	0.9942241311073303	0.0055272821336984634	0.00024855020456016064	0.994563639163971	0.0051885670982301235	0.0002477687376085669
178	0.9800862073898315	0.017537640407681465	0.0023761598858982325	0.9773693680763245	0.019585998728871346	0.0030446138698607683
179	0.9971168041229248	0.0026952747721225023	0.00018794026982504874	0.9970965385437012	0.002712119137868285	0.000191295868717134
180	0.9559905529022217	0.028882237151265144	0.015127171762287617	0.9438765048980713	0.03422163799405098	0.021901877596974373
181	0.9966633915901184	0.0031501445919275284	0.00018647380056791008	0.9967061877250671	0.003102291375398636	0.00019151334709022194
182	0.9825473427772522	0.013874821364879608	0.003577797207981348	0.9711788892745972	0.021889997646212578	0.006931147538125515
183	0.9918537735939026	0.004673807416111231	0.003472479060292244	0.9826034903526306	0.010646460577845573	0.006750034634023905
184	0.9827921986579895	0.010046468116343021	0.007161347661167383	0.9577874541282654	0.02424481511116028	0.01796773262321949
185	0.9764517545700073	0.017716458067297935	0.0058317664079368114	0.9720802307128906	0.016099359840154648	0.011820409446954727
186	0.9920530319213867	0.007667859084904194	0.00027912535006180406	0.9915472865104675	0.008144760504364967	0.00030801311368122697
187	0.9943443536758423	0.0054436903446912766	0.00021198297326918691	0.9936874508857727	0.006106760818511248	0.00020576096721924841
188	0.9958192110061646	0.003669718513265252	0.0005110834608785808	0.9942362904548645	0.004833988845348358	0.0009297083597630262
189	0.9970635771751404	0.002761696232482791	0.00017473626940045506	0.9968898892402649	0.0029315941501408815	0.0001785015920177102
190	0.9951759576797485	0.004673432558774948	0.00015057231939863414	0.9948714971542358	0.004972789436578751	0.00015572478878311813
191	0.9911996722221375	0.00820350181311369	0.0005967898177914321	0.9903332591056824	0.009008873254060745	0.0006579000037163496
192	0.9949318766593933	0.004769441206008196	0.00029865591204725206	0.9941219687461853	0.005620679352432489	0.0002572930825408548
193	0.9965535402297974	0.003214239841327071	0.00023222369782160968	0.9961255192756653	0.0036336900666356087	0.00024080030561890453
194	0.9965096116065979	0.0033348535653203726	0.00015557192091364413	0.9963032007217407	0.0035359321627765894	0.00016087823314592242
195	0.9910526871681213	0.008502823300659657	0.0004445314116310328	0.9933757185935974	0.006332817953079939	0.0002914627257268876
196	0.9919588565826416	0.007839414291083813	0.0002016965881921351	0.9921154379844666	0.007677448447793722	0.00020709903037641197
197	0.9952828288078308	0.00448743486776948	0.00022976024774834514	0.9955686926841736	0.004206288605928421	0.00022504055232275277
198	0.9897587299346924	0.010032447054982185	0.00020884523109998554	0.9892029166221619	0.010589850135147572	0.00020722650515381247
199	0.9833391904830933	0.015321969985961914	0.001338817412033677	0.9883456230163574	0.00914737768471241	0.0025070197880268097
