0	0.05331015959382057	0.014727052301168442	0.9319628477096558	0.01796882599592209	0.031168632209300995	0.9508625268936157
1	0.0008048033923842013	0.010000883601605892	0.9891942739486694	0.002864379668608308	0.0047922939993441105	0.9923432469367981
2	0.001759112928994	0.004307318478822708	0.9939334988594055	0.003164103953167796	0.013230180367827415	0.9836056232452393
3	0.0022329362109303474	0.0024641789495944977	0.9953027963638306	0.028207451105117798	0.013420783914625645	0.9583717584609985
4	0.0010067424736917019	0.006355131044983864	0.992638111114502	0.0003413658414501697	0.007421273272484541	0.992237389087677
5	0.02992149628698826	0.012508224695920944	0.9575703144073486	0.005805561318993568	0.002524030627682805	0.9916703701019287
6	0.04743891581892967	0.017578231170773506	0.9349828362464905	0.1496029794216156	0.009823767468333244	0.8405731916427612
7	0.0006585257360711694	0.0014303270727396011	0.9979110360145569	0.016358230262994766	0.006755432114005089	0.9768863320350647
8	0.012722236104309559	0.00486684450879693	0.9824108481407166	0.0614873506128788	0.009099309332668781	0.929413378238678
9	0.002295885933563113	0.004702545702457428	0.9930015802383423	0.010340448468923569	0.00275574647821486	0.9869037866592407
10	0.0004872514691669494	0.0011548425536602736	0.9983579516410828	0.0011987180914729834	0.0018964902264997363	0.9969047904014587
11	0.0029872406739741564	0.003749679308384657	0.9932630658149719	0.00059005047660321	0.0010916023747995496	0.9983184337615967
12	0.02464839071035385	0.08159417659044266	0.8937574625015259	0.005956725683063269	0.012500482611358166	0.9815428853034973
13	0.0025581063237041235	0.0043380772694945335	0.9931038022041321	0.0009724165429361165	0.0037952580023556948	0.9952324032783508
14	0.0012360657565295696	0.002607400994747877	0.9961565136909485	0.002030192641541362	0.07015581429004669	0.9278139472007751
15	0.001763278734870255	0.04376555606722832	0.954471230506897	0.012032764032483101	0.012811137363314629	0.9751560091972351
16	0.006795636843889952	0.0016215317882597446	0.9915828108787537	0.0028176349587738514	0.0023472444154322147	0.9948351383209229
17	0.0006440816796384752	0.001984738279134035	0.9973711967468262	0.0012599320616573095	0.00154584227129817	0.9971941709518433
18	0.000674987502861768	0.001351289451122284	0.9979737401008606	0.00047296338016167283	0.001852623769082129	0.9976744055747986
19	0.004864895716309547	0.010686320252716541	0.9844488501548767	0.058398179709911346	0.007986767217516899	0.9336150884628296
20	0.00039546439074911177	0.0007651289342902601	0.9988394379615784	0.0012520217569544911	0.0020783187355846167	0.9966697096824646
21	0.013252048753201962	0.002907057758420706	0.9838408827781677	0.003240753896534443	0.0027370303869247437	0.9940221905708313
22	0.0022161053493618965	0.003187753027305007	0.9945961833000183	0.021320758387446404	0.00539853610098362	0.9732807874679565
23	0.9947057366371155	0.005038020201027393	0.0002562419686000794	0.9947057366371155	0.005038020201027393	0.0002562419686000794
24	0.000546029768884182	0.0008822349482215941	0.9985717535018921	0.0009962068870663643	0.0025350432842969894	0.9964687824249268
25	0.9947336912155151	0.004988118074834347	0.0002782163501251489	0.9947336912155151	0.004988118074834347	0.0002782163501251489
26	0.014072608202695847	0.0023675032425671816	0.9835598468780518	0.0017402913654223084	0.0011691610561683774	0.9970905780792236
27	0.035052936524152756	0.007515524979680777	0.9574314951896667	0.004943694453686476	0.003093310398980975	0.9919629096984863
28	0.015986235812306404	0.018160339444875717	0.9658534526824951	0.0006800066912546754	0.0016781074227765203	0.997641921043396
29	0.0003987564705312252	0.0006514349370263517	0.9989498257637024	0.0010477115865796804	0.0014754078583791852	0.9974768757820129
30	0.0012872490333393216	0.0032728854566812515	0.9954397678375244	0.010095389559864998	0.0035578259266912937	0.9863467812538147
31	0.0012906680349260569	0.004249440971761942	0.9944599866867065	0.007166270166635513	0.006615443620830774	0.986218273639679
32	0.08833840489387512	0.0186016708612442	0.8930599093437195	0.03594446927309036	0.03686610981822014	0.9271894097328186
33	0.36017873883247375	0.2772756516933441	0.3625456392765045	0.5982356667518616	0.017637932673096657	0.38412633538246155
34	0.001465936773456633	0.004552511032670736	0.9939815402030945	0.0013544526882469654	0.008990557864308357	0.9896548986434937
35	0.03719349578022957	0.020704107359051704	0.9421024322509766	0.01658407598733902	0.02644844725728035	0.9569675326347351
36	0.07720113545656204	0.013347245752811432	0.9094517230987549	0.0035483394749462605	0.0032383992802351713	0.9932132959365845
37	0.0007507448317483068	0.0011567159090191126	0.9980924725532532	0.0015092040412127972	0.0016186964930966496	0.9968721270561218
38	0.013501819223165512	0.011684182099997997	0.9748139977455139	0.0024139168672263622	0.014692479744553566	0.9828935265541077
39	0.0009164481889456511	0.002530299359932542	0.9965533018112183	0.0006469085346907377	0.002769454615190625	0.9965835809707642
40	0.1962774246931076	0.05568550527095795	0.7480370402336121	0.04393585026264191	0.004577953834086657	0.9514861106872559
41	0.002389829605817795	0.012327873148024082	0.985282301902771	0.054473623633384705	0.013427522033452988	0.9320988059043884
42	0.006063366774469614	0.01668458990752697	0.9772521257400513	0.04272942617535591	0.007552517112344503	0.9497180581092834
43	0.0006362746935337782	0.0028431375976651907	0.9965206384658813	0.0015500056324526668	0.011430349200963974	0.9870196580886841
44	0.0009827717440202832	0.0011741167400032282	0.9978431463241577	0.007622058503329754	0.009232842363417149	0.9831451177597046
45	0.0012337368680164218	0.00033703408553265035	0.9984291195869446	0.0025340185966342688	0.0008008904987946153	0.9966650605201721
46	0.0013694269582629204	0.07283936440944672	0.9257912039756775	0.022532621398568153	0.15596599876880646	0.8215013146400452
47	0.010881293565034866	0.17320570349693298	0.8159130215644836	0.01200005691498518	0.12901033461093903	0.8589895963668823
48	0.9804159998893738	0.01882592961192131	0.0007580743404105306	0.9804159998893738	0.01882592961192131	0.0007580743404105306
49	0.5230281949043274	0.021611109375953674	0.4553607106208801	0.20959465205669403	0.08411893993616104	0.7062863707542419
50	0.0017891399329528213	0.0012123435735702515	0.9969985485076904	0.0022913606371730566	0.026749132201075554	0.9709595441818237
51	0.021814225241541862	0.007702247705310583	0.9704834818840027	0.01298633310943842	0.011329883709549904	0.9756837487220764
52	0.0017885968554764986	0.0004879775224253535	0.997723400592804	0.0009163315407931805	0.0021723867394030094	0.9969112277030945
53	0.0005637931753881276	0.0013003620551899076	0.9981358051300049	0.0066132009960711	0.0058645224198699	0.9875221848487854
54	0.000491218757815659	0.0005016479408368468	0.9990071654319763	0.0006380431004799902	0.00041606510058045387	0.9989458918571472
55	0.0007077508489601314	0.0030384717974811792	0.9962538480758667	0.00040682373219169676	0.0014889482408761978	0.9981042146682739
56	0.0007563040708191693	0.0034624061081558466	0.9957813024520874	0.005693766288459301	0.005212936084717512	0.9890934228897095
57	0.0016493337461724877	0.001399979111738503	0.996950626373291	0.0016584941186010838	0.0019782695453613997	0.9963633418083191
58	0.002793494611978531	0.22051125764846802	0.7766952514648438	0.0016317261615768075	0.020821597427129745	0.977546751499176
59	0.0011989711783826351	0.002120806137099862	0.9966802597045898	0.0031167129054665565	0.003005031496286392	0.9938783049583435
60	0.0010448475368320942	0.001336755114607513	0.9976183772087097	0.0014835139736533165	0.002211570041254163	0.9963048696517944
61	0.049696702510118484	0.028431512415409088	0.9218717813491821	0.31460636854171753	0.02918546460568905	0.6562081575393677
62	0.005061321891844273	0.0023781952913850546	0.9925605058670044	0.03295694664120674	0.005344385746866465	0.9616987705230713
63	0.0004672788782045245	0.0007559778168797493	0.9987767338752747	0.0006682011880911887	0.0012979496968910098	0.9980339407920837
64	0.005575100891292095	0.005039098206907511	0.989385724067688	0.0024540910962969065	0.006532840896397829	0.9910131096839905
65	0.5048982501029968	0.36663195490837097	0.128469780087471	0.9544718861579895	0.026916274800896645	0.018611812964081764
66	0.04901912435889244	0.01403333991765976	0.9369475841522217	0.008922496810555458	0.005907480139285326	0.9851699471473694
67	0.000256965693552047	0.00039015652146190405	0.9993528723716736	0.000433776353020221	0.0008296198211610317	0.9987366795539856
68	0.06935963034629822	0.013484505005180836	0.9171558022499084	0.03215485066175461	0.008598199114203453	0.9592469930648804
69	0.0010813865810632706	0.0055170864798128605	0.9934014678001404	0.0032000169157981873	0.003250645473599434	0.9935494065284729
70	0.003853138303384185	0.0026169349439442158	0.9935299754142761	0.00034434112603776157	0.0005115572712384164	0.9991440773010254
71	0.0003380630223546177	0.000767775229178369	0.9988941550254822	0.0007777258870191872	0.0009076162823475897	0.9983147382736206
72	0.07895319163799286	0.016594110056757927	0.9044526815414429	0.16771145164966583	0.0774582177400589	0.7548303604125977
73	0.0021921072620898485	0.0018102346220985055	0.9959976673126221	0.026941124349832535	0.01657813787460327	0.9564807415008545
74	0.004222087562084198	0.00707358680665493	0.9887043833732605	0.07104482501745224	0.01393220853060484	0.9150229096412659
75	0.003216212848201394	0.006312154699116945	0.990471601486206	0.003789357142522931	0.004789444617927074	0.9914212822914124
76	0.00885254330933094	0.002182307653129101	0.9889651536941528	0.0032123106066137552	0.003090810729190707	0.9936968684196472
77	0.9888816475868225	0.010830149985849857	0.00028817629208788276	0.9888816475868225	0.010830149985849857	0.00028817629208788276
78	0.005987434182316065	0.04565810784697533	0.9483544826507568	0.03785746544599533	0.027587777003645897	0.9345548152923584
79	0.00218707462772727	0.010591001249849796	0.987221896648407	0.007539570331573486	0.01496026013046503	0.9775002598762512
80	0.9944830536842346	0.0053525096736848354	0.0001644592557568103	0.9944830536842346	0.0053525096736848354	0.0001644592557568103
81	0.0017784152878448367	0.005952458828687668	0.9922690987586975	0.036216992884874344	0.018378419801592827	0.945404589176178
82	0.001241005607880652	0.002738088136538863	0.9960208535194397	0.002469999948516488	0.0704735517501831	0.9270564913749695
83	0.02299323119223118	0.011799875646829605	0.9652068614959717	0.16229286789894104	0.01590910740196705	0.8217980265617371
84	0.997215986251831	0.002490578917786479	0.0002934518561232835	0.997215986251831	0.002490578917786479	0.0002934518561232835
85	0.00042895699152722955	0.0006421071011573076	0.998928964138031	0.0006797192618250847	0.0014893031911924481	0.9978310465812683
86	0.27038928866386414	0.6494975686073303	0.08011314272880554	0.05019534006714821	0.7803215980529785	0.1694829910993576
87	0.004539258312433958	0.0022735297679901123	0.9931871891021729	0.0013766500633209944	0.0032882571686059237	0.9953351616859436
88	0.0009740886162035167	0.0012569864047691226	0.9977688789367676	0.0003113966668024659	0.0004828931705560535	0.9992057681083679
89	0.003201758489012718	0.0033753656316548586	0.9934229254722595	0.04185966029763222	0.022712454199790955	0.9354278445243835
90	0.001730640302412212	0.005136326886713505	0.993133008480072	0.0007069705170579255	0.0009293226758018136	0.9983636736869812
91	0.0028542308136820793	0.0020243164617568254	0.9951215386390686	0.009741285815834999	0.002769886050373316	0.9874888062477112
92	0.0008244104101322591	0.02789059653878212	0.9712850451469421	0.0012064147740602493	0.0032971887849271297	0.995496392250061
93	0.07372879236936569	0.08084510266780853	0.8454261422157288	0.09130430221557617	0.09148594737052917	0.8172097206115723
94	0.0016445283545181155	0.023572862148284912	0.9747826457023621	0.006046621594578028	0.007651424501091242	0.9863020181655884
95	0.008313064463436604	0.012897334061563015	0.9787896275520325	0.017373308539390564	0.012034683488309383	0.9705919623374939
96	0.0026017925702035427	0.0026915883645415306	0.9947065711021423	0.016468320041894913	0.0030490329954773188	0.9804826974868774
97	0.0065036010928452015	0.004133676178753376	0.9893626570701599	0.04653783515095711	0.0190602857619524	0.9344018697738647
98	0.0006804530858062208	0.0034240728709846735	0.9958953857421875	0.0008843551622703671	0.0049733552150428295	0.9941423535346985
99	0.00111667369492352	0.0009815508965402842	0.9979017972946167	0.006805166136473417	0.0031575001776218414	0.9900373220443726
100	0.005608180072158575	0.007332601584494114	0.9870591163635254	0.012641143053770065	0.010058666579425335	0.9773001670837402
101	0.00034822605084627867	0.00981774739921093	0.9898340702056885	0.0008806576952338219	0.013593293726444244	0.9855259656906128
102	0.0008802248630672693	0.002234858926385641	0.9968848824501038	0.0008900886750780046	0.0009503088658675551	0.9981597065925598
103	0.0007063518860377371	0.0011574567761272192	0.9981361627578735	0.0002985286118928343	0.0010546342236921191	0.9986467957496643
104	0.3569994866847992	0.01152039784938097	0.6314801573753357	0.010033243335783482	0.030850287526845932	0.9591164588928223
105	0.30009329319000244	0.015597826801240444	0.6843089461326599	0.16369111835956573	0.03638551011681557	0.7999234199523926
106	0.0008617974817752838	0.0037650400772690773	0.9953731894493103	0.0013246977468952537	0.0025450843386352062	0.996130108833313
107	0.9964878559112549	0.003215173026546836	0.0002970132336486131	0.9964878559112549	0.003215173026546836	0.0002970132336486131
108	0.000644301122520119	0.0010050168493762612	0.9983506202697754	0.004973542410880327	0.0030830535106360912	0.991943359375
109	0.0021798270754516125	0.056618280708789825	0.94120192527771	0.0019490692066028714	0.019677894189953804	0.978373110294342
110	0.007107124198228121	0.5604276061058044	0.43246525526046753	0.038564350455999374	0.1700037568807602	0.7914319634437561
111	0.000716349168214947	0.004526851233094931	0.994756817817688	0.0005069051985628903	0.005191877484321594	0.9943011999130249
112	0.0003690252488013357	0.0008114337106235325	0.9988195300102234	0.001769111375324428	0.002264076843857765	0.995966911315918
113	0.0004349091905169189	0.0005761263892054558	0.998988926410675	0.0007912666187621653	0.00045941758435219526	0.9987492561340332
114	0.058968424797058105	0.09057570993900299	0.8504558205604553	0.043185487389564514	0.168695330619812	0.7881191372871399
115	0.32622838020324707	0.0342506468296051	0.6395209431648254	0.28120341897010803	0.013566900044679642	0.705229640007019
116	0.000831547484267503	0.010850819759070873	0.9883176684379578	0.0028283402789384127	0.012685863301157951	0.9844857454299927
117	0.009927610866725445	0.006688023451715708	0.983384370803833	0.003684012684971094	0.0091250604018569	0.987190842628479
118	0.0015384923899546266	0.001505499822087586	0.9969559907913208	0.01549609936773777	0.0035232212394475937	0.9809806942939758
119	0.0003998030151706189	0.0009529417147859931	0.9986472725868225	0.00023303719353862107	0.0006452032248489559	0.9991217255592346
120	0.006730708293616772	0.004155935253947973	0.9891133308410645	0.0032817991450428963	0.0023009555879980326	0.9944173097610474
121	0.0004660995036829263	0.000561767490580678	0.9989721775054932	0.004224087577313185	0.0015826981980353594	0.9941932559013367
122	0.001973929116502404	0.005243026651442051	0.9927830696105957	0.0004721087752841413	0.0008090841001830995	0.9987188577651978
123	0.0021259866189211607	0.05606136471033096	0.9418125748634338	0.0016196123324334621	0.0642683133482933	0.934112012386322
124	0.0006064201588742435	0.00101214658934623	0.998381495475769	0.0002528744225855917	0.00046404104796238244	0.9992831349372864
125	0.0018684647511690855	0.003391111735254526	0.9947404265403748	0.007028921507298946	0.0029056111816316843	0.990065336227417
126	0.0005450114258565009	0.0006378827965818346	0.9988172054290771	0.0015507612843066454	0.004108278080821037	0.9943408966064453
127	0.8670523762702942	0.03934982046484947	0.09359781444072723	0.23018062114715576	0.6250398755073547	0.14477956295013428
128	0.010763307102024555	0.0033186725340783596	0.9859179854393005	0.046145979315042496	0.0056903064250946045	0.9481638073921204
129	0.15900039672851562	0.5585219264030457	0.2824776768684387	0.9624553918838501	0.031467732042074203	0.006076929625123739
130	0.0029290560632944107	0.0028567437548190355	0.9942141175270081	0.02000752091407776	0.0039803581312298775	0.9760121703147888
131	0.003116052597761154	0.0028365987818688154	0.9940472841262817	0.0011872285977005959	0.0017772238934412599	0.9970355033874512
132	0.004095429554581642	0.0052385488525033	0.9906659722328186	0.07029247283935547	0.026887401938438416	0.9028201103210449
133	0.00612944969907403	0.007284783758223057	0.9865857362747192	0.08353882282972336	0.013615253381431103	0.9028459191322327
134	0.0008388572023250163	0.0019683700520545244	0.9971928000450134	0.0013549148570746183	0.0021850289776921272	0.9964601397514343
135	0.0021176619920879602	0.0036763350944966078	0.9942060112953186	0.01087345089763403	0.0031589665450155735	0.9859676957130432
136	0.0017606473993510008	0.0019120615907013416	0.9963272213935852	0.015697479248046875	0.0036781339440494776	0.9806243777275085
137	0.9954513907432556	0.004370579030364752	0.0001780854945536703	0.9954513907432556	0.004370579030364752	0.0001780854945536703
138	0.0006944886990822852	0.002685871906578541	0.9966195821762085	0.0019504487281665206	0.005240708123892546	0.9928088188171387
139	0.004170873202383518	0.004248626064509153	0.9915804266929626	0.06791751831769943	0.011607284657657146	0.92047518491745
140	0.00036103680031374097	0.0011426083510741591	0.998496413230896	0.00046927924267947674	0.0030541985761374235	0.9964764714241028
141	0.28920647501945496	0.026014719158411026	0.6847788095474243	0.07086396217346191	0.027272293344140053	0.9018637537956238
142	0.0012389699695631862	0.001003675744868815	0.9977573752403259	0.0012840081471949816	0.0021371350158005953	0.9965788722038269
143	0.006547099445015192	0.023599201813340187	0.9698536992073059	0.10531160980463028	0.03247131407260895	0.8622170686721802
144	0.0017822758527472615	0.0007618506206199527	0.997455894947052	0.0007129523437470198	0.0009226156398653984	0.9983645081520081
145	0.9962617754936218	0.0033868825994431973	0.00035126818693242967	0.9962617754936218	0.0033868825994431973	0.00035126818693242967
146	0.0012080599553883076	0.000634680618532002	0.9981572031974792	0.00917501375079155	0.0020930692553520203	0.988731861114502
147	0.0012449492933228612	0.0024350734893232584	0.9963200092315674	0.0037409826181828976	0.0020030569285154343	0.9942559599876404
148	0.0011232340475544333	0.001177026890218258	0.9976997971534729	0.0009506342466920614	0.002146391663700342	0.9969030022621155
149	0.0009823311120271683	0.004824123345315456	0.9941934943199158	0.0015219560591503978	0.001598608447238803	0.9968794584274292
150	0.0014240816235542297	0.002290485892444849	0.9962853193283081	0.0059132338501513	0.003476653480902314	0.9906100630760193
151	0.014623315073549747	0.04281957820057869	0.942557156085968	0.005607195198535919	0.019012898206710815	0.9753798246383667
152	0.001662528607994318	0.004588355775922537	0.9937491416931152	0.003349060658365488	0.009935969486832619	0.9867150187492371
153	0.0034786765463650227	0.0017861307132989168	0.9947351813316345	0.025148510932922363	0.005184839479625225	0.9696667194366455
154	0.014887199737131596	0.008766314014792442	0.976346492767334	0.0014694550773128867	0.003283904865384102	0.9952465891838074
155	0.0033324062824249268	0.005933250766247511	0.990734338760376	0.0008999737910926342	0.009900722652673721	0.9891993403434753
156	0.0004450046399142593	0.007486078888177872	0.992068886756897	0.0012010120553895831	0.004971521440893412	0.9938275218009949
157	0.0006196799804456532	0.0005908222519792616	0.9987894892692566	0.0028802133165299892	0.001355756539851427	0.9957640171051025
158	0.0009629906271584332	0.0012203063815832138	0.9978166818618774	0.006280645728111267	0.004770052619278431	0.9889492988586426
159	0.0011814042227342725	0.007873381488025188	0.9909452199935913	0.00899902917444706	0.005865465849637985	0.9851354956626892
160	0.0007372488616965711	0.00530368322506547	0.9939590692520142	0.012026654556393623	0.027436228469014168	0.9605371356010437
161	0.009258166886866093	0.00595493009313941	0.9847869277000427	0.046596575528383255	0.010990598239004612	0.9424127340316772
162	0.01319141872227192	0.006718598771840334	0.9800899028778076	0.0009414443047717214	0.0013747886987403035	0.9976837635040283
163	0.0006981578771956265	0.0017861969536170363	0.9975156784057617	0.0005974216037429869	0.002369494875892997	0.9970331192016602
164	0.0006601997301913798	0.0011412821477279067	0.9981985688209534	0.0014760534977540374	0.002466154284775257	0.9960578680038452
165	0.01468866877257824	0.00240517221391201	0.9829062223434448	0.01117505319416523	0.003912379499524832	0.9849125742912292
166	0.0012589107500389218	0.0320977084338665	0.9666434526443481	0.014809530228376389	0.02871890924870968	0.9564716219902039
167	0.0007727714837528765	0.007385706529021263	0.9918415546417236	0.0061729298904538155	0.022682376205921173	0.9711446762084961
168	0.0016407379880547523	0.01577449031174183	0.9825848340988159	0.005321477074176073	0.03142614662647247	0.9632523059844971
169	0.0003719092346727848	0.0008082262356765568	0.998819887638092	0.0012170195113867521	0.001174772041849792	0.9976081848144531
170	0.00030506213079206645	0.00040951493429020047	0.9992853999137878	0.00044868607074022293	0.0006775122019462287	0.998873770236969
171	0.002828573575243354	0.003568964311853051	0.993602454662323	0.004367000889033079	0.012044626288115978	0.9835883378982544
172	0.0009053645771928132	0.001872885157354176	0.9972217082977295	0.000626342196483165	0.00275299116037786	0.9966206550598145
173	0.991855263710022	0.005134831182658672	0.0030098455026745796	0.5462198257446289	0.028626300394535065	0.42515382170677185
174	0.0018412136705592275	0.0028597794007509947	0.9952990412712097	0.0008816355839371681	0.016792776063084602	0.9823254942893982
175	0.01137752179056406	0.07600223273038864	0.9126202464103699	0.02531200274825096	0.019351262599229813	0.9553368091583252
176	0.0020889833103865385	0.002535234671086073	0.9953757524490356	0.0004387171065900475	0.0015473099192604423	0.9980138540267944
177	0.03340880200266838	0.7023753523826599	0.2642158269882202	0.010211152024567127	0.09800457954406738	0.8917842507362366
178	0.0034440497402101755	0.018298164010047913	0.9782577157020569	0.004741304088383913	0.004262382164597511	0.9909963607788086
179	0.45384302735328674	0.01741287298500538	0.528744101524353	0.015210202895104885	0.010455918498337269	0.9743339419364929
180	0.0008309108670800924	0.0007738975109532475	0.9983952641487122	0.00230611814185977	0.00183211883995682	0.9958617091178894
181	0.033763960003852844	0.004179199226200581	0.9620568752288818	0.012040281668305397	0.011862576939165592	0.9760971069335938
182	0.0030658640898764133	0.0014575350796803832	0.9954766631126404	0.0008820332586765289	0.0013850820250809193	0.9977328777313232
183	0.00536023685708642	0.0022986570838838816	0.992341160774231	0.004322529770433903	0.0025881268084049225	0.9930893778800964
184	0.015009059570729733	0.006284774746745825	0.9787061810493469	0.06417708098888397	0.015879729762673378	0.9199432134628296
185	0.0011029541492462158	0.0024071705993264914	0.9964898228645325	0.0007309019565582275	0.0017919604433700442	0.997477114200592
186	0.1017410159111023	0.7132090330123901	0.1850498616695404	0.2802402973175049	0.0737326368689537	0.6460270881652832
187	0.9897090792655945	0.010052884928882122	0.00023797624453436583	0.9897090792655945	0.010052884928882122	0.00023797624453436583
188	0.2575451731681824	0.1080508679151535	0.6344039440155029	0.006198132410645485	0.0034842907916754484	0.9903175830841064
189	0.0011307579698041081	0.0020482579711824656	0.9968209266662598	0.024420293048024178	0.00470390822738409	0.9708758592605591
190	0.003034014254808426	0.01294639240950346	0.9840196371078491	0.005591175518929958	0.005205625202506781	0.989203155040741
191	0.0163969025015831	0.05403668433427811	0.9295663833618164	0.667721152305603	0.14086687564849854	0.19141198694705963
192	0.0009514137054793537	0.004697402939200401	0.9943511486053467	0.000389937951695174	0.0026612908113747835	0.996948778629303
193	0.9959677457809448	0.003784864442422986	0.0002474295033607632	0.9959677457809448	0.003784864442422986	0.0002474295033607632
194	0.000604703207500279	0.004429969470947981	0.9949653744697571	0.005001582205295563	0.004006645642220974	0.9909917116165161
195	0.0012894441606476903	0.034673962742090225	0.9640366435050964	0.002482679206877947	0.020024482160806656	0.9774928689002991
196	0.002452939748764038	0.0057306750677526	0.9918163418769836	0.013627857901155949	0.008540519513189793	0.9778317213058472
197	0.01990322768688202	0.016351304948329926	0.9637454152107239	0.003852265886962414	0.01292380690574646	0.9832237958908081
198	0.005192985758185387	0.4949001967906952	0.49990686774253845	0.04134838655591011	0.027290398254990578	0.931361198425293
199	0.004881329834461212	0.01667483150959015	0.9784438610076904	0.013469609431922436	0.006208899896591902	0.98032146692276
