0	0.07477134466171265	0.12712310254573822	0.7981055974960327	0.1517273336648941	0.11657236516475677	0.7317003607749939
1	0.854003369808197	0.11196797341108322	0.034028660506010056	0.9323545098304749	0.03605452552437782	0.03159091994166374
2	0.09646197408437729	0.1791149377822876	0.7244231104850769	0.14444202184677124	0.1766558736562729	0.6789021492004395
3	0.9603323936462402	0.03825360909104347	0.001414009602740407	0.98777174949646	0.011769230477511883	0.00045907116145826876
4	0.08911912143230438	0.08403176814317703	0.826849102973938	0.1278374195098877	0.06263533234596252	0.8095272779464722
5	0.7125265598297119	0.2855115532875061	0.001961922738701105	0.9928633570671082	0.006835775449872017	0.00030089603387750685
6	0.8404369354248047	0.15845096111297607	0.0011120507260784507	0.9932857155799866	0.00621222285553813	0.0005020812968723476
7	0.0035936925560235977	0.006388999987393618	0.9900173544883728	0.1437545269727707	0.02948135882616043	0.8267641067504883
8	0.022752750664949417	0.03779440000653267	0.9394528269767761	0.19635657966136932	0.1544819474220276	0.6491614580154419
9	0.9946263432502747	0.005164469126611948	0.00020920109818689525	0.9955883026123047	0.00420890748500824	0.00020274911366868764
10	0.3477793037891388	0.28166815638542175	0.37055259943008423	0.9261742830276489	0.029763855040073395	0.04406178742647171
11	0.7105237245559692	0.2884674668312073	0.0010088204871863127	0.9901314973831177	0.009601983241736889	0.00026653765235096216
12	0.8452902436256409	0.11992739140987396	0.03478233516216278	0.9604657292366028	0.0363176129758358	0.0032166631426662207
13	0.8839530944824219	0.0645357072353363	0.05151120573282242	0.8931891322135925	0.057745035737752914	0.04906586930155754
14	0.28821155428886414	0.08794126659631729	0.6238471269607544	0.8618601560592651	0.0715264305472374	0.06661341339349747
15	0.30046048760414124	0.4142302870750427	0.28530922532081604	0.8778887391090393	0.09539104998111725	0.026720143854618073
16	0.5330086946487427	0.27655738592147827	0.19043394923210144	0.03706958517432213	0.17542363703250885	0.7875067591667175
17	0.6409432888031006	0.24596723914146423	0.11308948695659637	0.9707679748535156	0.025783415883779526	0.0034486083313822746
18	0.9792238473892212	0.017642080783843994	0.0031340732239186764	0.9813934564590454	0.014191611669957638	0.004414939787238836
19	0.005704367533326149	0.04334675148129463	0.9509488344192505	0.18777143955230713	0.2692699730396271	0.5429586172103882
20	0.8999401926994324	0.050856780260801315	0.0492030568420887	0.9141597747802734	0.040638517588377	0.045201729983091354
21	0.07057363539934158	0.11529268324375153	0.8141337037086487	0.1796768754720688	0.21982023119926453	0.6005029082298279
22	0.004135492257773876	0.007873502559959888	0.9879909157752991	0.00970626063644886	0.008699009194970131	0.9815946817398071
23	0.9262564182281494	0.052643537521362305	0.02110002189874649	0.8980913758277893	0.09855585545301437	0.0033527950290590525
24	0.8387483954429626	0.15177975594997406	0.00947187002748251	0.8379360437393188	0.15518513321876526	0.00687876483425498
25	0.0030902225989848375	0.020088892430067062	0.9768208265304565	0.07099124789237976	0.11173439770936966	0.8172743916511536
26	0.8987634778022766	0.10051318258047104	0.0007233329233713448	0.9919003248214722	0.007733978796750307	0.00036577630089595914
27	0.9868313074111938	0.012872331775724888	0.00029629693017341197	0.9905086755752563	0.009291076101362705	0.00020023139950353652
28	0.7712915539741516	0.15330328047275543	0.07540514320135117	0.9572288393974304	0.04064483568072319	0.0021263707894831896
29	0.9666478633880615	0.02012866549193859	0.013223488815128803	0.9346213340759277	0.029294228181242943	0.036084357649087906
30	0.9840081930160522	0.014220875687897205	0.0017708759987726808	0.9952842593193054	0.0043744733557105064	0.0003413267550058663
31	0.990656852722168	0.008657385595142841	0.000685751554556191	0.9950047135353088	0.004637788515537977	0.00035754230339080095
32	0.466806560754776	0.1730642467737198	0.3601292371749878	0.6500648260116577	0.11913368850946426	0.2308015376329422
33	0.1565839946269989	0.24101343750953674	0.6024026274681091	0.832499086856842	0.12007614970207214	0.047424767166376114
34	0.5516716837882996	0.0941070094704628	0.354221373796463	0.9366106390953064	0.04306129738688469	0.020328059792518616
35	0.9949380159378052	0.004820344969630241	0.0002416515490040183	0.9965000152587891	0.0033088757190853357	0.00019104836974292994
36	0.14302730560302734	0.17034447193145752	0.6866281628608704	0.2648991048336029	0.2891257107257843	0.4459752142429352
37	0.04175916686654091	0.04153083264827728	0.9167100191116333	0.015857534483075142	0.019075211137533188	0.9650671482086182
38	0.9937102794647217	0.006019500084221363	0.00027017458342015743	0.9958239793777466	0.003929443191736937	0.0002466042060405016
39	0.5178612470626831	0.2272758036851883	0.25486284494400024	0.9745917916297913	0.016572436317801476	0.008835754357278347
40	0.007240904029458761	0.014804268255829811	0.9779548048973083	0.010829326696693897	0.01887373998761177	0.9702969193458557
41	0.17298495769500732	0.09460488706827164	0.732410192489624	0.09117400646209717	0.0347524918615818	0.8740734457969666
42	0.12736913561820984	0.10955427587032318	0.7630765438079834	0.1349962055683136	0.14301016926765442	0.7219935655593872
43	0.02789708413183689	0.06383056938648224	0.9082724452018738	0.3861037790775299	0.07758382707834244	0.5363123416900635
44	0.5178612470626831	0.2272758036851883	0.25486284494400024	0.9745917916297913	0.016572436317801476	0.008835754357278347
45	0.002910538576543331	0.016236327588558197	0.9808531403541565	0.0200857724994421	0.03307737782597542	0.9468368291854858
46	0.7283604145050049	0.12763920426368713	0.1440003514289856	0.9635090231895447	0.026741990819573402	0.009749055840075016
47	0.004289679229259491	0.017909154295921326	0.9778011441230774	0.0067370180040597916	0.014538788236677647	0.9787241816520691
48	0.9914842247962952	0.008045407012104988	0.0004703171143773943	0.9916749596595764	0.008031230419874191	0.00029386699316091835
49	0.7667970657348633	0.23218415677547455	0.0010188242886215448	0.98862224817276	0.011200377717614174	0.00017741447663865983
50	0.9945317506790161	0.0052169025875627995	0.00025127752451226115	0.9877172112464905	0.011955253779888153	0.0003275322378613055
51	0.012629549950361252	0.028618011623620987	0.9587525129318237	0.021395236253738403	0.034146517515182495	0.9444582462310791
52	0.08708302676677704	0.21940383315086365	0.6935132145881653	0.6384158134460449	0.06792398542165756	0.2936601936817169
53	0.053623050451278687	0.02513902261853218	0.9212378859519958	0.15926556289196014	0.09033223986625671	0.7504022717475891
54	0.9942882061004639	0.005081885494291782	0.0006299310480244458	0.9849430322647095	0.01305070798844099	0.002006274415180087
55	0.9958190321922302	0.004016268998384476	0.00016468648391310126	0.9960004687309265	0.0038430816493928432	0.00015647095278836787
56	0.9493638873100281	0.04765695333480835	0.0029791861306875944	0.894949734210968	0.08371555060148239	0.021334774792194366
57	0.051948755979537964	0.03061961568892002	0.9174315929412842	0.31783241033554077	0.07121734321117401	0.610950231552124
58	0.9524385333061218	0.04105442762374878	0.0065070041455328465	0.9243084788322449	0.07266339659690857	0.0030280945356935263
59	0.05339070037007332	0.2829890847206116	0.6636201739311218	0.6699417233467102	0.20552849769592285	0.12452978640794754
60	0.08819960802793503	0.020406585186719894	0.891393780708313	0.030717017129063606	0.01853930950164795	0.9507436752319336
61	0.7219086289405823	0.04427659511566162	0.2338147908449173	0.07115322351455688	0.022693635895848274	0.9061530828475952
62	0.9715318083763123	0.02358630858361721	0.004881908185780048	0.8802402019500732	0.08676207810640335	0.0329977385699749
63	0.4855656027793884	0.12935508787631989	0.38507938385009766	0.6823797225952148	0.12688542902469635	0.19073481857776642
64	0.38439542055130005	0.1794629693031311	0.43614161014556885	0.7187625169754028	0.11246652901172638	0.16877104341983795
65	0.003975326661020517	0.010109852999448776	0.9859148263931274	0.010150711052119732	0.014818576164543629	0.9750306606292725
66	0.9919033646583557	0.007493275683373213	0.0006034006946720183	0.7023217678070068	0.09026198089122772	0.20741623640060425
67	0.33006811141967773	0.0922507792711258	0.5776810646057129	0.9470680356025696	0.03322146087884903	0.019710488617420197
68	0.0063330503180623055	0.04344737529754639	0.9502195119857788	0.013723894022405148	0.052583932876586914	0.9336921572685242
69	0.6936008930206299	0.23145201802253723	0.07494712620973587	0.9521130323410034	0.037732839584350586	0.010154117830097675
70	0.9381546378135681	0.05003672093153	0.011808705516159534	0.93051677942276	0.061360862106084824	0.008122313767671585
71	0.5730599164962769	0.12969760596752167	0.2972424626350403	0.098195880651474	0.08910070359706879	0.8127033710479736
72	0.9813380241394043	0.0178318340331316	0.0008301328052766621	0.9933005571365356	0.006463101599365473	0.00023632575175724924
73	0.9930419921875	0.006679180543869734	0.0002788020356092602	0.9951640367507935	0.0046143485233187675	0.00022154650650918484
74	0.8001787066459656	0.1985948234796524	0.0012265006080269814	0.9952483773231506	0.004514595959335566	0.00023707683430984616
75	0.06016860902309418	0.034293968230485916	0.9055374264717102	0.08764520287513733	0.02314286306500435	0.8892120122909546
76	0.995192289352417	0.004612152464687824	0.00019557224004529417	0.9955125451087952	0.004296344704926014	0.0001910923601826653
77	0.15211960673332214	0.21884745359420776	0.6290329694747925	0.9058798551559448	0.0833960771560669	0.010724062100052834
78	0.6693511605262756	0.09513690322637558	0.2355118989944458	0.9636574387550354	0.024214129894971848	0.012128452770411968
79	0.0076560950838029385	0.004662168677896261	0.9876817464828491	0.009848699904978275	0.00365403457544744	0.9864972233772278
80	0.8928483128547668	0.0550215058028698	0.05213022604584694	0.8192641139030457	0.13327397406101227	0.047461945563554764
81	0.8222256898880005	0.1510145664215088	0.026759736239910126	0.9261932373046875	0.061980240046978	0.011826589703559875
82	0.5853514671325684	0.13540953397750854	0.2792390286922455	0.8615216016769409	0.058836162090301514	0.07964222133159637
83	0.3281349837779999	0.06936196237802505	0.6025030612945557	0.9947119951248169	0.004714191425591707	0.0005737922620028257
84	0.003029686864465475	0.0074838800355792046	0.9894864559173584	0.007128067780286074	0.009778094477951527	0.9830938577651978
85	0.009769653901457787	0.01662907935678959	0.9736012816429138	0.005534419324249029	0.00818635243922472	0.9862792491912842
86	0.053623050451278687	0.02513902261853218	0.9212378859519958	0.15926556289196014	0.09033223986625671	0.7504022717475891
87	0.009751205332577229	0.012355844490230083	0.977893054485321	0.05860689654946327	0.027467329055070877	0.91392582654953
88	0.09990987926721573	0.07419192045927048	0.8258981704711914	0.798943817615509	0.08423876017332077	0.11681746691465378
89	0.661171019077301	0.19440224766731262	0.14442673325538635	0.724403977394104	0.18796420097351074	0.08763182163238525
90	0.11293146759271622	0.10857226699590683	0.7784962058067322	0.2035858929157257	0.08366644382476807	0.7127476334571838
91	0.0016115703620016575	0.01826578378677368	0.9801226258277893	0.0014946693554520607	0.01908293180167675	0.9794222712516785
92	0.051092714071273804	0.1825864017009735	0.7663209438323975	0.17636673152446747	0.1554807722568512	0.6681525111198425
93	0.9865951538085938	0.01307932659983635	0.0003254911571275443	0.9957642555236816	0.0040166801773011684	0.00021899760758969933
94	0.9833346009254456	0.01596812903881073	0.0006972988485358655	0.9915791749954224	0.007989544421434402	0.0004313372483011335
95	0.001837699324823916	0.008332440629601479	0.9898298382759094	0.002304625464603305	0.008098580874502659	0.9895967841148376
96	0.8680403828620911	0.0878031775355339	0.04415642097592354	0.9744415879249573	0.02220303751528263	0.0033554011024534702
97	0.07235868275165558	0.07969985157251358	0.847941517829895	0.33471137285232544	0.0925155058503151	0.5727731585502625
98	0.006046311929821968	0.024012936279177666	0.969940721988678	0.015442629344761372	0.029647590592503548	0.9549097418785095
99	0.988303005695343	0.011041331104934216	0.0006557205924764276	0.996371865272522	0.003331742947921157	0.00029640767024829984
100	0.9016924500465393	0.08973290026187897	0.008574675768613815	0.9504104852676392	0.04366667568683624	0.005922837648540735
101	0.9481208324432373	0.05133422091603279	0.000544989772606641	0.9929803013801575	0.006680364720523357	0.0003393779043108225
102	0.9465268850326538	0.0526997372508049	0.0007733888924121857	0.9798266887664795	0.019709821790456772	0.00046343423309735954
103	0.404994934797287	0.4269595742225647	0.16804546117782593	0.6133373379707336	0.22092680633068085	0.1657358705997467
104	0.0689406767487526	0.24727678298950195	0.6837825179100037	0.5628771185874939	0.12235873937606812	0.314764142036438
105	0.03148895874619484	0.048694122582674026	0.9198169112205505	0.21088910102844238	0.08975278586149216	0.6993581652641296
106	0.012629549950361252	0.028618011623620987	0.9587525129318237	0.021395236253738403	0.034146517515182495	0.9444582462310791
107	0.0031222188845276833	0.010666485875844955	0.9862112998962402	0.006055433303117752	0.008211500011384487	0.9857330322265625
108	0.007820004597306252	0.023159028962254524	0.9690209627151489	0.005483459215611219	0.0145307257771492	0.9799858331680298
109	0.39621248841285706	0.10384632647037506	0.4999411702156067	0.3045097589492798	0.1510685831308365	0.5444217324256897
110	0.20428447425365448	0.2341485321521759	0.561566948890686	0.24033546447753906	0.1363305300474167	0.6233339905738831
111	0.006711521651595831	0.008335630409419537	0.9849528670310974	0.004438144154846668	0.009747050702571869	0.9858147501945496
112	0.9311000108718872	0.06644590944051743	0.002454007277265191	0.9644973874092102	0.03360847383737564	0.0018941449234262109
113	0.036156877875328064	0.10688457638025284	0.8569585680961609	0.12339439988136292	0.04466858506202698	0.8319370746612549
114	0.016832133755087852	0.029419712722301483	0.9537481665611267	0.02554028294980526	0.0278492234647274	0.9466105699539185
115	0.6695687770843506	0.0838656798005104	0.24656559526920319	0.34832504391670227	0.0480971485376358	0.603577733039856
116	0.5133455991744995	0.3423129916191101	0.14434145390987396	0.9351106882095337	0.05021245777606964	0.014676818624138832
117	0.5516716837882996	0.0941070094704628	0.354221373796463	0.9366106390953064	0.04306129738688469	0.020328059792518616
118	0.9800717830657959	0.019587017595767975	0.0003411533834878355	0.9827489256858826	0.01699177548289299	0.00025931818527169526
119	0.9926485419273376	0.005282135214656591	0.002069261623546481	0.9966457486152649	0.0028395759873092175	0.0005146136973053217
120	0.9944603443145752	0.005145995877683163	0.0003937300352845341	0.9956780076026917	0.0040210094302892685	0.0003009940264746547
121	0.9864978194236755	0.01263186801224947	0.000870326766744256	0.965003252029419	0.034291211515665054	0.0007056028116494417
122	0.9787068367004395	0.02011442556977272	0.0011787231778725982	0.9934438467025757	0.005914284847676754	0.0006419292185455561
123	0.6690444350242615	0.08205445855855942	0.2489011585712433	0.73940110206604	0.08444619923830032	0.17615273594856262
124	0.3502397835254669	0.05198884382843971	0.5977713465690613	0.34970489144325256	0.05484721064567566	0.5954478979110718
125	0.06490664929151535	0.29623591899871826	0.6388574242591858	0.7117204666137695	0.06365813314914703	0.22462135553359985
126	0.6244643926620483	0.07175326347351074	0.3037823438644409	0.24062645435333252	0.08362198621034622	0.6757515668869019
127	0.10210983455181122	0.09966753423213959	0.7982226610183716	0.8054375052452087	0.06950755417346954	0.1250549554824829
128	0.9091183543205261	0.08025885373353958	0.010622751899063587	0.9856966733932495	0.013466908596456051	0.0008364433306269348
129	0.2741941809654236	0.088320791721344	0.6374850869178772	0.9037185907363892	0.048353634774684906	0.04792780429124832
130	0.9849299788475037	0.014686523005366325	0.00038350903196260333	0.9906765222549438	0.009046879597008228	0.0002766007964964956
131	0.22196052968502045	0.052573882043361664	0.7254655957221985	0.10790365189313889	0.07208322733640671	0.8200131058692932
132	0.9946263432502747	0.005164469126611948	0.00020920109818689525	0.9955883026123047	0.00420890748500824	0.00020274911366868764
133	0.011445482261478901	0.022702746093273163	0.9658517837524414	0.006860772147774696	0.012925926595926285	0.9802133440971375
134	0.015605791471898556	0.029356177896261215	0.9550380110740662	0.04088190943002701	0.027151066809892654	0.93196702003479
135	0.18212570250034332	0.576831042766571	0.24104321002960205	0.6909177303314209	0.2872612774372101	0.021820958703756332
136	0.16695132851600647	0.08516736328601837	0.7478813529014587	0.39521524310112	0.07889709621667862	0.525887668132782
137	0.02292231284081936	0.030632663518190384	0.9464449882507324	0.0402999147772789	0.03875695914030075	0.9209432005882263
138	0.3258531987667084	0.11728183180093765	0.5568649768829346	0.2796476483345032	0.12425775080919266	0.5960946679115295
139	0.48737677931785583	0.0789441391825676	0.43367913365364075	0.16963697969913483	0.08479446917772293	0.745568573474884
140	0.9638246297836304	0.027492055669426918	0.008683297783136368	0.9157872796058655	0.07949288189411163	0.0047197770327329636
141	0.007670351304113865	0.015891876071691513	0.9764377474784851	0.012720158323645592	0.026289181783795357	0.9609906077384949
142	0.01395175140351057	0.04948760196566582	0.9365606307983398	0.020007632672786713	0.08237642794847488	0.8976159691810608
143	0.25791868567466736	0.221757173538208	0.5203241109848022	0.8925760388374329	0.05895812436938286	0.04846583306789398
144	0.05326499417424202	0.030699335038661957	0.9160355925559998	0.22100408375263214	0.133452907204628	0.6455429792404175
145	0.007871183566749096	0.018058137968182564	0.97407066822052	0.020842576399445534	0.032352957874536514	0.9468045830726624
146	0.0936303585767746	0.1093490794301033	0.7970205545425415	0.1196851059794426	0.12607665359973907	0.7542381882667542
147	0.27638140320777893	0.06484900414943695	0.6587696671485901	0.17004306614398956	0.05231698229908943	0.7776399850845337
148	0.3055287003517151	0.16106240451335907	0.5334088802337646	0.22965583205223083	0.108405202627182	0.6619390249252319
149	0.0028748027980327606	0.015248253010213375	0.9818768501281738	0.0033300186041742563	0.022242557257413864	0.9744274020195007
150	0.0067861550487577915	0.017428645864129066	0.9757852554321289	0.009512067772448063	0.019175153225660324	0.9713127017021179
151	0.9941971302032471	0.005459509789943695	0.00034334667725488544	0.9959624409675598	0.003824252635240555	0.00021336539066396654
152	0.31050047278404236	0.2913571000099182	0.3981424868106842	0.6994345188140869	0.1739644706249237	0.12660092115402222
153	0.7678147554397583	0.18805597722530365	0.04412931948900223	0.9886743426322937	0.010303146205842495	0.0010225535370409489
154	0.9948551654815674	0.004933499731123447	0.00021135144925210625	0.9952360987663269	0.004556885454803705	0.0002070755435852334
155	0.9889339208602905	0.010777020826935768	0.0002890797914005816	0.9887340068817139	0.010982181876897812	0.00028385856421664357
156	0.5077322125434875	0.13605064153671265	0.3562171161174774	0.7447805404663086	0.08141868561506271	0.17380072176456451
157	0.6447483897209167	0.2835683822631836	0.07168319821357727	0.9072069525718689	0.08296139538288116	0.009831591509282589
158	0.6380245089530945	0.1781076043844223	0.18386784195899963	0.7208815813064575	0.12100861221551895	0.15810979902744293
159	0.9520371556282043	0.04762798920273781	0.00033483622246421874	0.9957963228225708	0.0039843227714300156	0.00021935875702183694
160	0.7113635540008545	0.17839650809764862	0.11023996770381927	0.8889020681381226	0.07264426350593567	0.038453612476587296
161	0.0030614964198321104	0.008753456175327301	0.9881850481033325	0.005875180009752512	0.011606411077082157	0.9825184345245361
162	0.16553950309753418	0.10381795465946198	0.730642557144165	0.02876833640038967	0.03354644775390625	0.9376852512359619
163	0.06982379406690598	0.3463220000267029	0.5838542580604553	0.10027363151311874	0.39502987265586853	0.5046964287757874
164	0.631679117679596	0.13895058631896973	0.22937028110027313	0.9727838635444641	0.02294996939599514	0.004266134463250637
165	0.3341224491596222	0.11268554627895355	0.5531920194625854	0.6940764784812927	0.11729800701141357	0.1886255294084549
166	0.22620068490505219	0.02234708145260811	0.7514522671699524	0.10043404996395111	0.016495075076818466	0.8830708861351013
167	0.033590517938137054	0.04178334027528763	0.9246261715888977	0.04494203254580498	0.03587808087468147	0.9191799163818359
168	0.9514318108558655	0.048190221190452576	0.00037788861664012074	0.9953896999359131	0.004421720281243324	0.00018857713439501822
169	0.008136356249451637	0.021981392055749893	0.9698823094367981	0.14883364737033844	0.12384198606014252	0.7273243069648743
170	0.9643834233283997	0.020155467092990875	0.015461110509932041	0.8511772751808167	0.050749052315950394	0.09807371348142624
171	0.06719329208135605	0.06711254268884659	0.8656942248344421	0.04607279226183891	0.08175194263458252	0.8721752166748047
172	0.08302682638168335	0.11084258556365967	0.806130588054657	0.25014278292655945	0.0948260948061943	0.655031144618988
173	0.004365596920251846	0.014333809725940228	0.9813005924224854	0.008511417545378208	0.02477540262043476	0.9667132496833801
174	0.19222162663936615	0.13256992399692535	0.6752085089683533	0.31801483035087585	0.11308206617832184	0.5689031481742859
175	0.01770966500043869	0.05707010626792908	0.9252201914787292	0.23334546387195587	0.2267913967370987	0.539863109588623
176	0.14635920524597168	0.1760541945695877	0.6775866150856018	0.18770408630371094	0.25232988595962524	0.5599660873413086
177	0.3022673726081848	0.26986730098724365	0.42786532640457153	0.6634877324104309	0.12656621634960175	0.20994609594345093
178	0.9939484596252441	0.005536459852010012	0.0005150552024133503	0.9955535531044006	0.004129261244088411	0.00031723370193503797
179	0.008828061632812023	0.023991812020540237	0.9671801924705505	0.01556307077407837	0.05118494853377342	0.9332519769668579
180	0.8363643288612366	0.08108354359865189	0.08255214244127274	0.9770897030830383	0.021108079701662064	0.0018023030133917928
181	0.01719886250793934	0.02725994400680065	0.95554119348526	0.013803747482597828	0.024166405200958252	0.9620298743247986
182	0.9489332437515259	0.050299834460020065	0.0007669163169339299	0.9874619841575623	0.012151996605098248	0.00038602869608439505
183	0.9837718605995178	0.012951009906828403	0.0032771071419119835	0.9910215735435486	0.008048282004892826	0.0009302077232860029
184	0.8940845727920532	0.1047806367278099	0.0011347804684191942	0.9937344193458557	0.005909388884902	0.0003561595513019711
185	0.12436306476593018	0.09366326034069061	0.7819737195968628	0.1804545819759369	0.06836678832769394	0.7511785626411438
186	0.03037436306476593	0.04388149455189705	0.9257441163063049	0.16804030537605286	0.0837184488773346	0.7482412457466125
187	0.9936736822128296	0.006134823430329561	0.00019151988090015948	0.9962234497070312	0.0035641153808683157	0.00021236696920823306
188	0.9849299788475037	0.014686523005366325	0.00038350903196260333	0.9906765222549438	0.009046879597008228	0.0002766007964964956
189	0.0028883914928883314	0.008808151818811893	0.9883034229278564	0.007430792786180973	0.01833697408437729	0.9742321968078613
190	0.1506793051958084	0.10444304347038269	0.7448776364326477	0.1311371922492981	0.1595042496919632	0.7093585729598999
191	0.9666478633880615	0.02012866549193859	0.013223488815128803	0.9346213340759277	0.029294228181242943	0.036084357649087906
192	0.5644718408584595	0.14712679386138916	0.2884013056755066	0.1624971479177475	0.10997895151376724	0.7275238633155823
193	0.008311518467962742	0.008832355961203575	0.9828560948371887	0.005490826442837715	0.0050229765474796295	0.9894862174987793
194	0.264242947101593	0.1707269698381424	0.5650301575660706	0.7649958729743958	0.0830422043800354	0.15196198225021362
195	0.9043270945549011	0.09423533827066422	0.001437540166079998	0.9932191967964172	0.006454949267208576	0.00032589639886282384
196	0.04062192142009735	0.055010855197906494	0.9043672680854797	0.8976711630821228	0.03056146204471588	0.07176736742258072
197	0.06613730639219284	0.025047846138477325	0.9088149070739746	0.08438153564929962	0.028806164860725403	0.8868122696876526
198	0.328037291765213	0.3228089213371277	0.3491537868976593	0.9101054668426514	0.06864788383245468	0.021246641874313354
199	0.0676526427268982	0.08037914335727692	0.8519682288169861	0.04277418181300163	0.02583843283355236	0.9313873052597046
