0	0.997850775718689	0.0019952559377998114	0.00015396815433632582	0.9978660941123962	0.001960468478500843	0.00017349848349113017
1	0.9965417981147766	0.0032774636056274176	0.00018070543592330068	0.9956706762313843	0.004121270030736923	0.0002080553531413898
2	0.9898359179496765	0.009802291169762611	0.0003618145710788667	0.9909727573394775	0.008722314611077309	0.00030497045372612774
3	0.9873661994934082	0.012205392122268677	0.0004283747693989426	0.987664520740509	0.011926449835300446	0.00040904927300289273
4	0.9951016306877136	0.004740080330520868	0.00015834819350857288	0.9967005848884583	0.003145836992189288	0.00015355633513536304
5	0.9951116442680359	0.0045652976259589195	0.00032309885136783123	0.9954427480697632	0.004213578999042511	0.0003436460392549634
6	0.99543297290802	0.0039779264479875565	0.0005891310865990818	0.014362175017595291	0.9830405116081238	0.00259740324690938
7	0.9775484204292297	0.021170781925320625	0.001280842931009829	0.9951175451278687	0.004634958691895008	0.000247544317971915
8	0.9920334219932556	0.006422257516533136	0.0015443182783201337	0.9594494104385376	0.03716205060482025	0.003388522658497095
9	0.9961242079734802	0.0036671406123787165	0.00020864896941930056	0.994782030582428	0.004979507531970739	0.0002384315012022853
10	0.9970563650131226	0.0027404476422816515	0.00020324414072092623	0.05121031031012535	0.9334909319877625	0.015298747457563877
11	0.9913583993911743	0.008454041555523872	0.0001875517045846209	0.9913139939308167	0.008488219231367111	0.0001977988431463018
12	0.991790771484375	0.008004242554306984	0.0002049569447990507	0.9942408800125122	0.005558372940868139	0.00020078661327715963
13	0.991401731967926	0.0075972676277160645	0.001000982359983027	0.9930444359779358	0.006401476915925741	0.0005540811689570546
14	0.995594322681427	0.004252513404935598	0.00015317832003347576	0.9957953691482544	0.004057286307215691	0.00014739134348928928
15	0.9955925345420837	0.004246842116117477	0.0001606091536814347	0.9921481013298035	0.007687709294259548	0.0001641977287363261
16	0.9950147271156311	0.004734845831990242	0.00025044046924449503	0.994084894657135	0.005652970168739557	0.0002621838357299566
17	0.997016429901123	0.0028131380677223206	0.000170455954503268	0.9972795844078064	0.002563958056271076	0.00015651537978556007
18	0.9965864419937134	0.003062203759327531	0.0003513240080792457	0.0017485719872638583	0.9978234767913818	0.00042798995855264366
19	0.994525671005249	0.005344416946172714	0.00012998921738471836	0.9951419830322266	0.004734665621072054	0.00012337727821432054
20	0.9977477192878723	0.0019727107137441635	0.00027950198273174465	0.9975190162658691	0.0022623499389737844	0.0002186316269217059
21	0.995502769947052	0.00422610342502594	0.00027114557451568544	0.9878623485565186	0.011757503263652325	0.0003801820275839418
22	0.9973629117012024	0.0024875085800886154	0.00014956833911128342	0.9973719120025635	0.0024787725415080786	0.0001493598538218066
23	0.9972763657569885	0.002465346595272422	0.00025825004559010267	0.9969077706336975	0.0028471227269619703	0.0002450696483720094
24	0.9905166029930115	0.0074722846038639545	0.0020111401099711657	0.9917094111442566	0.006805045995861292	0.001485611079260707
25	0.996324360370636	0.003490100149065256	0.00018545781495049596	0.9964218139648438	0.0033840895630419254	0.00019407336367294192
26	0.9974228143692017	0.0023695635609328747	0.00020768793183378875	0.99718177318573	0.002611916046589613	0.00020631977531593293
27	0.9957188963890076	0.004091313574463129	0.00018980054301209748	0.9953102469444275	0.004467974416911602	0.0002218331937910989
28	0.9958013892173767	0.00402420898899436	0.00017435254994779825	0.9962522387504578	0.0035486402921378613	0.00019909894035663456
29	0.9971933960914612	0.0026165724266320467	0.00019003682245966047	0.9973304271697998	0.002486968645825982	0.00018256710609421134
30	0.9968282580375671	0.0028321845456957817	0.00033958026324398816	0.9975353479385376	0.002232374157756567	0.00023225837503559887
31	0.9750178456306458	0.020634977146983147	0.0043471502140164375	0.9854879975318909	0.013648183085024357	0.0008638512226752937
32	0.9979493021965027	0.0018747603753581643	0.00017599509737920016	0.9870175719261169	0.012709703296422958	0.0002727291430346668
33	0.9966058731079102	0.003100300906226039	0.0002937770332209766	0.9962083101272583	0.0035454006865620613	0.00024623514036647975
34	0.9968395233154297	0.002986716106534004	0.00017380330245941877	0.9942014813423157	0.005666701588779688	0.00013183418195694685
35	0.9972182512283325	0.0026238670106977224	0.0001578331575728953	0.997312068939209	0.0025219605304300785	0.00016602070536464453
36	0.98993319272995	0.009827794507145882	0.0002390139561612159	0.7234421372413635	0.27439525723457336	0.0021625827066600323
37	0.8860166668891907	0.11139854043722153	0.0025848185177892447	0.882753312587738	0.10542605817317963	0.01182065811008215
38	0.997021496295929	0.0027622198686003685	0.00021630364062730223	0.9971914887428284	0.002613481367006898	0.00019504332158248872
39	0.9952757358551025	0.004587163683027029	0.00013710683560930192	0.9949890971183777	0.004876069724559784	0.00013481972564477473
40	0.9965888261795044	0.00318833882920444	0.00022278707183431834	0.9944407343864441	0.0053000682964921	0.00025913084391504526
41	0.8065940737724304	0.18972621858119965	0.0036797469947487116	0.8568894267082214	0.1399313062429428	0.0031793047674000263
42	0.996545135974884	0.0033093364909291267	0.00014555768575519323	0.9969559907913208	0.002903803950175643	0.00014023296535015106
43	0.9969434142112732	0.002773642772808671	0.00028295727679505944	0.9526272416114807	0.04704418033361435	0.0003285764541942626
44	0.9952757358551025	0.004587163683027029	0.00013710683560930192	0.9949890971183777	0.004876069724559784	0.00013481972564477473
45	0.9885377883911133	0.010854586958885193	0.0006075825658626854	0.9912760257720947	0.008232795633375645	0.0004912170115858316
46	0.9964280724525452	0.003420882858335972	0.00015103346959222108	0.9961089491844177	0.003748993156477809	0.00014208730135578662
47	0.98689866065979	0.012229654006659985	0.0008717022719793022	0.9796375632286072	0.018200119957327843	0.0021623545326292515
48	0.9811150431632996	0.018621599301695824	0.0002634177217260003	0.9943044781684875	0.0054041664116084576	0.00029132512281648815
49	0.989532470703125	0.010307569988071918	0.0001600179384695366	0.9925910234451294	0.0072683109901845455	0.000140684365760535
50	0.9433668851852417	0.05203033611178398	0.00460275961086154	0.07714759558439255	0.9178778529167175	0.00497452775016427
51	0.9973784685134888	0.002438264898955822	0.00018333192565478384	0.9973676800727844	0.0024495073594152927	0.00018281769007444382
52	0.9966728687286377	0.0031486849766224623	0.00017844911781139672	0.9970225691795349	0.002803767565637827	0.0001737016427796334
53	0.9958075284957886	0.004043260123580694	0.00014914819621481001	0.9966946840286255	0.0031558938790112734	0.0001493894524173811
54	0.9964871406555176	0.003329819068312645	0.0001830168766900897	0.996441662311554	0.003382768016308546	0.0001755252160364762
55	0.9963167905807495	0.003524815896525979	0.0001583718549227342	0.9962654709815979	0.0035845276433974504	0.00015003429143689573
56	0.9959542751312256	0.003820306621491909	0.00022543752857018262	0.9954480528831482	0.0043373918160796165	0.00021452989312820137
57	0.9957697987556458	0.003913554362952709	0.0003166251990478486	0.9968599081039429	0.002921885112300515	0.00021820690017193556
58	0.9975020289421082	0.002289312658831477	0.00020866635895799845	0.9973013997077942	0.002481520641595125	0.00021714161266572773
59	0.9954225420951843	0.004435954615473747	0.0001414702128386125	0.9949190020561218	0.004937091842293739	0.00014389147690963
60	0.9939364790916443	0.005705334711819887	0.0003582317440304905	0.9938587546348572	0.00574082788079977	0.0004004877991974354
61	0.9945423603057861	0.0051266225054860115	0.00033103764872066677	0.9956419467926025	0.004026781301945448	0.0003312744083814323
62	0.9485743045806885	0.04274605214595795	0.008679589256644249	0.9619562029838562	0.024871211498975754	0.013172605074942112
63	0.9905999302864075	0.00921113695949316	0.00018896654364652932	0.9951344132423401	0.004652980715036392	0.00021254406601656228
64	0.9953601956367493	0.004437652882188559	0.00020217850396875292	0.9958855509757996	0.0038256209809333086	0.0002888626477215439
65	0.983176589012146	0.014389089308679104	0.0024343393743038177	0.6600288152694702	0.3333085775375366	0.006662596948444843
66	0.993871808052063	0.005895434878766537	0.00023280788445845246	0.9967008233070374	0.0031313521321862936	0.0001678622793406248
67	0.5105180740356445	0.008495223708450794	0.48098671436309814	0.6949225664138794	0.031300097703933716	0.2737773358821869
68	0.9768744111061096	0.02227827161550522	0.0008472763001918793	0.9903056621551514	0.009324631653726101	0.0003696889616549015
69	0.9924898743629456	0.00703437440097332	0.0004756936396006495	0.9867210388183594	0.01218574307858944	0.0010932348668575287
70	0.9946923851966858	0.005149481818079948	0.00015815299411769956	0.9945518374443054	0.0052879867143929005	0.0001601918920641765
71	0.9969761371612549	0.0027141484897583723	0.0003096862346865237	0.9967588782310486	0.0029980347026139498	0.00024313104222528636
72	0.995465874671936	0.00438537634909153	0.0001486706460127607	0.9953486323356628	0.00450262613594532	0.0001487177942181006
73	0.997006356716156	0.002816530643031001	0.00017708115046843886	0.9971761703491211	0.0026276875287294388	0.0001960774534381926
74	0.9956672191619873	0.004094881936907768	0.0002378926583332941	0.997054934501648	0.0027103382162749767	0.00023476161004509777
75	0.9943228960037231	0.003018302144482732	0.002658755285665393	0.9932498931884766	0.003520369064062834	0.003229748224839568
76	0.9969431757926941	0.0028829406946897507	0.0001738633291097358	0.996992826461792	0.0028265751898288727	0.00018053239909932017
77	0.9940342307090759	0.005814221687614918	0.00015151008847169578	0.997142493724823	0.002708171959966421	0.00014934345381334424
78	0.99601811170578	0.0037774471566081047	0.0002044826978817582	0.9943992495536804	0.005438490305095911	0.00016228004824370146
79	0.9969868063926697	0.0028010413516312838	0.00021219855989329517	0.9967644214630127	0.0030052221845835447	0.00023031499586068094
80	0.9966411590576172	0.0031845998018980026	0.0001742950116749853	0.9925300478935242	0.007274140138179064	0.00019581620290409774
81	0.24257904291152954	0.027439413592219353	0.729981541633606	0.8633052110671997	0.13026350736618042	0.006431295070797205
82	0.9959398508071899	0.0038390052504837513	0.00022114018793217838	0.995564877986908	0.004197672940790653	0.00023747880186419934
83	0.004992259666323662	0.003301153425127268	0.9917066097259521	0.020613787695765495	0.009475832805037498	0.9699103236198425
84	0.9962756633758545	0.003492839867249131	0.00023156966199167073	0.9963744282722473	0.003418362233787775	0.00020720604516100138
85	0.9882616400718689	0.011368232779204845	0.00037016236456111073	0.9949553608894348	0.00463968887925148	0.0004049980198033154
86	0.9958075284957886	0.004043260123580694	0.00014914819621481001	0.9966946840286255	0.0031558938790112734	0.0001493894524173811
87	0.9945782423019409	0.0047885640524327755	0.0006331942859105766	0.9966897964477539	0.002969044726341963	0.00034112102002836764
88	0.9960743188858032	0.003747958457097411	0.00017778818437363952	0.996503472328186	0.0033132450189441442	0.00018325058044865727
89	0.9964652061462402	0.003247656160965562	0.00028707869932986796	0.9966014623641968	0.00317456666380167	0.00022399763111025095
90	0.9940972328186035	0.005579996854066849	0.0003227947454433888	0.9944579601287842	0.0052267443388700485	0.0003152776334900409
91	0.031473901122808456	0.24987094104290009	0.7186551094055176	0.3043147921562195	0.09462045878171921	0.6010648012161255
92	0.9969112277030945	0.0028791255317628384	0.00020965447765775025	0.9961347579956055	0.0036614499986171722	0.00020380184287205338
93	0.8619087338447571	0.05479779839515686	0.08329346030950546	0.9910857081413269	0.008077592588961124	0.0008367322734557092
94	0.9923527836799622	0.007293445523828268	0.0003537711454555392	0.9933620691299438	0.006318418774753809	0.0003194841556251049
95	0.991676926612854	0.008148237131536007	0.00017483624105807394	0.9940171241760254	0.00582989864051342	0.00015299503866117448
96	0.9949880838394165	0.004755229689180851	0.00025676388759166	0.9958938360214233	0.003896559588611126	0.00020962215785402805
97	0.9974600672721863	0.002284256275743246	0.0002556521212682128	0.997370719909668	0.0023797752801328897	0.000249468837864697
98	0.9860186576843262	0.013677043840289116	0.00030428884201683104	0.9846124053001404	0.01515089999884367	0.00023676316777709872
99	0.997286319732666	0.0024540165904909372	0.00025968285626731813	0.996638298034668	0.003008477622643113	0.0003532573755364865
100	0.8032222390174866	0.19395144283771515	0.0028262988198548555	0.49449223279953003	0.5025806427001953	0.0029271352104842663
101	0.9973920583724976	0.0023922743275761604	0.0002156685368390754	0.997210681438446	0.0025717332027852535	0.0002176208363380283
102	0.9949495792388916	0.004838780965656042	0.00021168903913348913	0.9950291514396667	0.004763852804899216	0.0002070109621854499
103	0.9971298575401306	0.002675060648471117	0.0001950924634002149	0.9944749474525452	0.00532902404665947	0.0001960837544174865
104	0.3089173138141632	0.6862168312072754	0.004865919705480337	0.982702374458313	0.015032061375677586	0.002265581162646413
105	0.9969655871391296	0.0028423448093235493	0.00019204353156965226	0.9971207976341248	0.0026872227899730206	0.00019191906903870404
106	0.9973784685134888	0.002438264898955822	0.00018333192565478384	0.9973676800727844	0.0024495073594152927	0.00018281769007444382
107	0.9956718683242798	0.004045811947435141	0.00028230465250089765	0.9959211349487305	0.0037878379225730896	0.000290964322630316
108	0.9948660135269165	0.0048500667326152325	0.0002839278895407915	0.9946916699409485	0.005010627675801516	0.00029769272077828646
109	0.9966237545013428	0.003119983011856675	0.0002562461013440043	0.9958099126815796	0.00394853251054883	0.0002416131756035611
110	0.99681156873703	0.003004468744620681	0.00018398344400338829	0.994523286819458	0.005274046212434769	0.00020267811487428844
111	0.9939455389976501	0.005599224474281073	0.0004552328318823129	0.9923350214958191	0.007259901147335768	0.00040507828816771507
112	0.9945461750030518	0.004943369887769222	0.000510465120896697	0.995039165019989	0.00447824178263545	0.00048264311044476926
113	0.9452142119407654	0.05312380939722061	0.0016619553789496422	0.9925071597099304	0.0070752957835793495	0.0004175061476416886
114	0.9959683418273926	0.00381002901121974	0.0002216443681390956	0.9940138459205627	0.005757597740739584	0.0002285811788169667
115	0.9960469603538513	0.00373727991245687	0.00021577344159595668	0.9938173890113831	0.005979845765978098	0.00020277757721487433
116	0.9960047602653503	0.003790960181504488	0.00020432985911611468	0.9964519739151001	0.0033488678745925426	0.00019914834410883486
117	0.9968395233154297	0.002986716106534004	0.00017380330245941877	0.9942014813423157	0.005666701588779688	0.00013183418195694685
118	0.9879539012908936	0.011827914044260979	0.00021816774096805602	0.928852379322052	0.07049649953842163	0.0006510958774015307
119	0.9966088533401489	0.002746555022895336	0.0006446090992540121	0.9646925926208496	0.03482414782047272	0.00048330490244552493
120	0.9958978295326233	0.0038590924814343452	0.00024309019499924034	0.9963222742080688	0.0034432662650942802	0.0002344598324270919
121	0.9969436526298523	0.0028656211216002703	0.00019066136155743152	0.996471643447876	0.0033044645097106695	0.00022394197003450245
122	0.9960240125656128	0.003398709464818239	0.0005772386211901903	0.2755366861820221	0.06758590787649155	0.6568774580955505
123	0.033969100564718246	0.005571919959038496	0.9604589343070984	0.006574501749128103	0.004651902709156275	0.9887735843658447
124	0.997345507144928	0.0022908609826117754	0.00036368813016451895	0.0006208602571859956	0.9990235567092896	0.00035565695725381374
125	0.9955793023109436	0.004146140534430742	0.0002745020901784301	0.9965484738349915	0.0032611479982733727	0.00019040120241697878
126	0.9967818260192871	0.0026993846986442804	0.0005188114009797573	0.9966465830802917	0.002700194949284196	0.0006532531115226448
127	0.9957049489021301	0.00408202363178134	0.00021302216919139028	0.9960811734199524	0.003695862367749214	0.00022298979456536472
128	0.9976645708084106	0.0021513185929507017	0.0001841180637711659	0.9970581531524658	0.0028072563000023365	0.00013464874064084142
129	0.9965983033180237	0.0032073750626295805	0.00019430072279646993	0.9956608414649963	0.004163856618106365	0.00017523720453027636
130	0.9936670660972595	0.006124783307313919	0.0002081446145894006	0.9876915812492371	0.01204131543636322	0.00026704827905632555
131	0.9954884648323059	0.004346619825810194	0.0001649253536015749	0.9946341514587402	0.005167300812900066	0.0001986090064747259
132	0.9961242079734802	0.0036671406123787165	0.00020864896941930056	0.994782030582428	0.004979507531970739	0.0002384315012022853
133	0.9963112473487854	0.0034943190403282642	0.0001944070972967893	0.9961972236633301	0.0036059969570487738	0.00019681223784573376
134	0.003911684732884169	0.005705053452402353	0.9903833270072937	0.00646021356806159	0.00648352550342679	0.9870562553405762
135	0.9968980550765991	0.0029327215161174536	0.0001692532969173044	0.9967189431190491	0.003118430497124791	0.0001626264856895432
136	0.995460569858551	0.004233269486576319	0.0003061602474190295	0.9947227239608765	0.004965305328369141	0.00031193310860544443
137	0.9973546266555786	0.0024462700821459293	0.00019914197036996484	0.9973190426826477	0.0024801366962492466	0.0002007669536396861
138	0.989120364189148	0.010254010558128357	0.0006256719934754074	0.9463383555412292	0.05173364654183388	0.0019280589185655117
139	0.9978581070899963	0.001885748002678156	0.0002561153960414231	0.9974625110626221	0.0023406248074024916	0.00019690327462740242
140	0.9569339156150818	0.040260717272758484	0.002805340103805065	0.9091958999633789	0.07999944686889648	0.01080459076911211
141	0.9088213443756104	0.08820600062608719	0.002972685033455491	0.9802680015563965	0.018417732790112495	0.0013143097748979926
142	0.1781870275735855	0.25552815198898315	0.5662848353385925	0.12883254885673523	0.8607009053230286	0.010466515086591244
143	0.9960426092147827	0.0037774841766804457	0.00017987524915952235	0.99623042345047	0.003594426205381751	0.0001750836381688714
144	0.9947262406349182	0.005107837729156017	0.00016589309962000698	0.9951222538948059	0.004708125721663237	0.00016966304974630475
145	0.9975857734680176	0.002117934636771679	0.0002962919825222343	0.9976443648338318	0.0020610664505511522	0.00029457799973897636
146	0.9885656237602234	0.010067278519272804	0.0013671607011929154	0.9905154705047607	0.008300332352519035	0.0011842199601233006
147	0.9942585229873657	0.005617193412035704	0.00012426132161635906	0.9953891038894653	0.004465459380298853	0.00014545860176440328
148	0.9948154091835022	0.005017771385610104	0.00016678603424225003	0.9943653345108032	0.005464637652039528	0.00017006514826789498
149	0.9925766587257385	0.006835528649389744	0.0005877412622794509	0.995131254196167	0.00458563631400466	0.00028310148627497256
150	0.9965316653251648	0.003228388261049986	0.0002399224613327533	0.9959484934806824	0.0037721109110862017	0.00027942293672822416
151	0.9973554611206055	0.0024579016026109457	0.0001866734237410128	0.996753990650177	0.00305651081725955	0.00018943009490612894
152	0.9962332844734192	0.0035652299411594868	0.00020144278823863715	0.9968317151069641	0.0029312358237802982	0.00023703857732471079
153	0.9965722560882568	0.003261415520682931	0.0001663639850448817	0.997270405292511	0.0025544329546391964	0.00017508998280391097
154	0.9970628619194031	0.0027652957942336798	0.00017180298164021224	0.9968145489692688	0.0029946586582809687	0.00019081782374996692
155	0.9692943692207336	0.03024262748658657	0.00046295725042000413	0.9917982816696167	0.00779356062412262	0.000408193125622347
156	0.9961550831794739	0.003687904682010412	0.00015702549717389047	0.9970032572746277	0.002821963978931308	0.00017477685469202697
157	0.9961822628974915	0.0036477267276495695	0.00017000679508782923	0.9930514097213745	0.006764295510947704	0.00018427039321977645
158	0.9963746666908264	0.003421675181016326	0.00020358710025902838	0.9966065883636475	0.003185844048857689	0.00020757557649631053
159	0.995840847492218	0.0039672693237662315	0.00019186895224265754	0.9962313771247864	0.0035789278335869312	0.00018973692203871906
160	0.9946109056472778	0.004789107013493776	0.0005999935092404485	0.9964796900749207	0.003310724161565304	0.0002095915115205571
161	0.9792648553848267	0.01960434392094612	0.0011307761305943131	0.9855642914772034	0.01369971502572298	0.0007359484443441033
162	0.9937373399734497	0.0060053919441998005	0.00025729730259627104	0.9941840767860413	0.005584147293120623	0.00023182538279797882
163	0.9971452355384827	0.002667225431650877	0.00018749180890154094	0.9971912503242493	0.002620844868943095	0.00018793781055137515
164	0.9958553910255432	0.003985049668699503	0.00015954949776642025	0.996213972568512	0.0036102815065532923	0.0001757467252900824
165	0.9973099231719971	0.002491869730874896	0.00019825666095130146	0.22028592228889465	0.7780176997184753	0.0016963309608399868
166	0.9951037168502808	0.004567841067910194	0.0003284592239651829	0.995161235332489	0.00451361108571291	0.0003251582384109497
167	0.9939549565315247	0.005840100813657045	0.00020492910698521882	0.9966993927955627	0.003069831756874919	0.00023074625642038882
168	0.9965810179710388	0.003218377474695444	0.00020057018264196813	0.9959235191345215	0.0038762977346777916	0.00020016297639813274
169	0.9966601133346558	0.0031435471028089523	0.0001963033137144521	0.9965540170669556	0.0032442924566566944	0.00020165681780781597
170	0.9970545768737793	0.002744483295828104	0.00020089410827495158	0.9972477555274963	0.0025673138443380594	0.00018495220865588635
171	0.99607914686203	0.0037511035334318876	0.0001696999097475782	0.9931228756904602	0.006653222721070051	0.0002238946035504341
172	0.9533107876777649	0.04381658136844635	0.002872634679079056	0.9756602644920349	0.021703477948904037	0.002636191202327609
173	0.9920715689659119	0.007524890825152397	0.0004035556048620492	0.9872559309005737	0.012136531062424183	0.0006075092242099345
174	0.9977178573608398	0.0019804846961051226	0.0003017099224962294	0.9975544810295105	0.0022308386396616697	0.0002147541381418705
175	0.9931696653366089	0.005910620559006929	0.0009196584578603506	0.9962565898895264	0.0031988262198865414	0.0005445773131214082
176	0.997622549533844	0.002227092394605279	0.00015033152885735035	0.9974601864814758	0.0023945970460772514	0.00014520877448376268
177	0.9951955676078796	0.0045309122651815414	0.00027356017380952835	0.9955992698669434	0.0041115907952189445	0.00028912132256664336
178	0.9926262497901917	0.00636452017351985	0.0010092712473124266	0.9885637760162354	0.010220926254987717	0.0012153541902080178
179	0.9964667558670044	0.0033085413742810488	0.00022466646623797715	0.9972379207611084	0.002576430793851614	0.00018567992083262652
180	0.9969209432601929	0.0028360900469124317	0.00024304191174451262	0.9971801042556763	0.002591885859146714	0.00022802397143095732
181	0.9855524897575378	0.014214432798326015	0.00023311311088036746	0.9972255825996399	0.002477878239005804	0.00029653802630491555
182	0.9946780204772949	0.005082845222204924	0.00023914345365483314	0.9923110008239746	0.007437741383910179	0.0002513146901037544
183	0.9950946569442749	0.004629307892173529	0.00027603236958384514	0.9827443957328796	0.016747450456023216	0.0005081476410850883
184	0.9955316781997681	0.004160542041063309	0.0003078002773690969	0.995665967464447	0.004028176888823509	0.00030583556508645415
185	0.9929774403572083	0.006894873920828104	0.00012761504331137985	0.9955782294273376	0.004282904323190451	0.00013879811740480363
186	0.9948691129684448	0.004855489823967218	0.00027534968103282154	0.9952957034111023	0.004461892414838076	0.0002423658297630027
187	0.9694555997848511	0.02751837857067585	0.0030260749626904726	0.8023844957351685	0.1901804506778717	0.007435092236846685
188	0.9936670660972595	0.006124783307313919	0.0002081446145894006	0.9876915812492371	0.01204131543636322	0.00026704827905632555
189	0.9896314740180969	0.007418675813823938	0.0029498483054339886	0.9940044283866882	0.004882180597633123	0.0011133970692753792
190	0.9971938133239746	0.0026691416278481483	0.0001370238169329241	0.996459424495697	0.003415616462007165	0.00012495396367739886
191	0.9971933960914612	0.0026165724266320467	0.00019003682245966047	0.9973304271697998	0.002486968645825982	0.00018256710609421134
192	0.9966859221458435	0.003098894376307726	0.00021513491810765117	0.9964422583580017	0.0033367990981787443	0.000220878777327016
193	0.9938110709190369	0.005543082486838102	0.0006458890857174993	0.9858360290527344	0.01012459211051464	0.004039401188492775
194	0.9968932867050171	0.0029652363155037165	0.00014150857168715447	0.996940016746521	0.0029167563188821077	0.00014329930127132684
195	0.9923811554908752	0.007325011771172285	0.000293794262688607	0.9934914708137512	0.006231867708265781	0.0002766868856269866
196	0.99662846326828	0.00317129073664546	0.00020027773280162364	0.996778666973114	0.003023575758561492	0.00019780854927375913
197	0.9965420365333557	0.0028805374167859554	0.0005774132441729307	0.9931828379631042	0.006161350756883621	0.0006558576715178788
198	0.9895099401473999	0.009164117276668549	0.0013260130072012544	0.9717122316360474	0.024666907265782356	0.0036208222154527903
199	0.9903069734573364	0.00952655915170908	0.00016653463535476476	0.9970641732215881	0.002784973941743374	0.0001508128480054438
