0	0.9965730905532837	0.003232074435800314	0.0001948876160895452	0.995863676071167	0.0039647906087338924	0.00017148774350062013
1	0.9684585928916931	0.030332304537296295	0.0012091026874259114	0.9238210320472717	0.07139457017183304	0.0047844452783465385
2	0.9969038367271423	0.0029434491880238056	0.00015267798153217882	0.9968968629837036	0.0029464715626090765	0.00015662102669011801
3	0.9971776008605957	0.002635899931192398	0.00018649744743015617	0.9970799088478088	0.0027064166497439146	0.00021366550936363637
4	0.9947150349617004	0.005063236691057682	0.0002217022265540436	0.9937176704406738	0.006040572188794613	0.0002417841023998335
5	0.9965831637382507	0.0032133760396391153	0.00020349786791484803	0.9969336986541748	0.002877204678952694	0.00018902641022577882
6	0.994667649269104	0.0051044863648712635	0.00022794563847128302	0.9941360950469971	0.005620455835014582	0.000243410438997671
7	0.9898359179496765	0.009802291169762611	0.0003618145710788667	0.9909727573394775	0.008722314611077309	0.00030497045372612774
8	0.9878265261650085	0.011617809534072876	0.0005556632531806827	0.9891682863235474	0.010334308259189129	0.0004973764880560338
9	0.9957143664360046	0.0040944586507976055	0.0001911879808176309	0.9934775829315186	0.0063112638890743256	0.00021113931143190712
10	0.994564414024353	0.0052492194809019566	0.00018638960318639874	0.9856275320053101	0.014170658774673939	0.00020181645231787115
11	0.9444528222084045	0.052154455333948135	0.003392728976905346	0.9536551237106323	0.025629255920648575	0.020715633407235146
12	0.9964208602905273	0.003404970047995448	0.00017422490054741502	0.9964434504508972	0.0033811451867222786	0.000175460270838812
13	0.9962133765220642	0.003511099610477686	0.00027550384402275085	0.9972881078720093	0.0024697384797036648	0.00024221633793786168
14	0.9953380823135376	0.004399904049932957	0.0002619921579025686	0.9959760308265686	0.0038188144098967314	0.00020519801182672381
15	0.9953574538230896	0.0044579156674444675	0.0001845961669459939	0.9952001571655273	0.004605736117810011	0.0001940566289704293
16	0.9931837916374207	0.006563241593539715	0.0002529268094804138	0.992091178894043	0.007656955160200596	0.00025192651082761586
17	0.9972479939460754	0.002512184903025627	0.00023975125805009156	0.997386634349823	0.002408945234492421	0.00020446295093279332
18	0.9951016306877136	0.004740080330520868	0.00015834819350857288	0.9967005848884583	0.003145836992189288	0.00015355633513536304
19	0.997052788734436	0.0027116520795971155	0.00023559904366265982	0.9963890314102173	0.003358417423442006	0.0002525988675188273
20	0.9807029962539673	0.018674351274967194	0.0006225919933058321	0.9728042483329773	0.026445765048265457	0.000749925384297967
21	0.9947869777679443	0.0049286396242678165	0.00028440315509215	0.9947385191917419	0.004986056592315435	0.00027548239449970424
22	0.992350161075592	0.006150387227535248	0.0014994724187999964	0.9935368895530701	0.005685465410351753	0.0007776632555760443
23	0.9966716766357422	0.003069620579481125	0.0002586868649814278	0.9961979985237122	0.003546831663697958	0.00025515095330774784
24	0.6948096752166748	0.048136986792087555	0.25705334544181824	0.32874587178230286	0.03133418411016464	0.6399199366569519
25	0.053459037095308304	0.10808830708265305	0.8384526371955872	0.9875307083129883	0.007264005020260811	0.005205295979976654
26	0.9968143105506897	0.0029864853713661432	0.00019921583589166403	0.9960727691650391	0.003765425179153681	0.00016178189252968878
27	0.9861975312232971	0.013348647393286228	0.0004538734501693398	0.7801917195320129	0.21502159535884857	0.004786722362041473
28	0.992706835269928	0.007041288539767265	0.0002518886758480221	0.992290198802948	0.007457028143107891	0.000252762867603451
29	0.9299122095108032	0.06521575152873993	0.0048720031045377254	0.9229774475097656	0.07208805531263351	0.004934427794069052
30	0.9921808242797852	0.00741470605134964	0.00040444370824843645	0.9971184730529785	0.0026848185807466507	0.00019667361630126834
31	0.9965104460716248	0.0033268609549850225	0.000162698415806517	0.9960676431655884	0.003769679693505168	0.0001626787125132978
32	0.9967952370643616	0.002893415279686451	0.00031135548488236964	0.9971628785133362	0.0025497109163552523	0.0002873523044399917
33	0.9946500658988953	0.005073522683233023	0.00027643845533020794	0.9951332211494446	0.004565848968923092	0.0003009059582836926
34	0.9949933886528015	0.004866485949605703	0.0001401937479386106	0.99432772397995	0.005523410625755787	0.0001489085261709988
35	0.9953615069389343	0.004348206799477339	0.00029026801348663867	0.16636516153812408	0.8303074836730957	0.0033272849395871162
36	0.18116328120231628	0.7781158089637756	0.04072098061442375	0.7041244506835938	0.2915289103984833	0.0043465630151331425
37	0.9963273406028748	0.003480685641989112	0.00019202237308491021	0.9930659532546997	0.006763636600226164	0.00017036836652550846
38	0.991401731967926	0.0075972676277160645	0.001000982359983027	0.9930444359779358	0.006401476915925741	0.0005540811689570546
39	0.995594322681427	0.004252513404935598	0.00015317832003347576	0.9957953691482544	0.004057286307215691	0.00014739134348928928
40	0.9896125197410583	0.009881097823381424	0.0005063571152277291	0.9823783040046692	0.01683773845434189	0.000783892348408699
41	0.9955925345420837	0.004246842116117477	0.0001606091536814347	0.9921481013298035	0.007687709294259548	0.0001641977287363261
42	0.9925375580787659	0.007159643806517124	0.0003027710772585124	0.029259342700242996	0.9702174663543701	0.0005231596878729761
43	0.9946491122245789	0.0049774423241615295	0.0003735064819920808	0.8519105315208435	0.14673557877540588	0.001353942439891398
44	0.9968709349632263	0.0029737602453678846	0.00015530629025306553	0.9967653751373291	0.0030737335328012705	0.0001608578604646027
45	0.994525671005249	0.005344416946172714	0.00012998921738471836	0.9951419830322266	0.004734665621072054	0.00012337727821432054
46	0.9977477192878723	0.0019727107137441635	0.00027950198273174465	0.9975190162658691	0.0022623499389737844	0.0002186316269217059
47	0.9964865446090698	0.0032595181837677956	0.0002539581910241395	0.9965872764587402	0.0031360802240669727	0.00027661994681693614
48	0.9945782423019409	0.005185247398912907	0.00023656159464735538	0.9903655052185059	0.009330647997558117	0.00030382792465388775
49	0.07965177297592163	0.01790572516620159	0.902442455291748	0.004597142804414034	0.011340571567416191	0.9840623736381531
50	0.9927070736885071	0.00707392068579793	0.00021904580353293568	0.9928849339485168	0.006908497307449579	0.00020651562954299152
51	0.9408154487609863	0.05104710906744003	0.008137386292219162	0.8704445958137512	0.1262623518705368	0.0032930122688412666
52	0.869686484336853	0.08741665631532669	0.04289688542485237	0.39813297986984253	0.14007733762264252	0.46178966760635376
53	0.995445728302002	0.0043528941459953785	0.0002014317869907245	0.9928838014602661	0.006843283772468567	0.00027298665372654796
54	0.995502769947052	0.00422610342502594	0.00027114557451568544	0.9878623485565186	0.011757503263652325	0.0003801820275839418
55	0.9954841136932373	0.003944742027670145	0.0005711112753488123	0.9962945580482483	0.003319042269140482	0.00038635428063571453
56	0.99654620885849	0.003250792622566223	0.00020301465701777488	0.9973226189613342	0.0024783676490187645	0.0001990567980101332
57	0.9951658248901367	0.00446530943736434	0.00036886456655338407	0.069276362657547	0.9259687066078186	0.004754878114908934
58	0.9966443777084351	0.0031337663531303406	0.00022184388944879174	0.9968487620353699	0.0029171109199523926	0.00023412107839249074
59	0.9972763657569885	0.002465346595272422	0.00025825004559010267	0.9969077706336975	0.0028471227269619703	0.0002450696483720094
60	0.979956865310669	0.019464945420622826	0.0005782144726254046	0.9787061810493469	0.02068396843969822	0.0006098669837228954
61	0.9901199340820312	0.00943420734256506	0.0004458903567865491	0.9931153655052185	0.006399742793291807	0.0004849163815379143
62	0.0024112293031066656	0.03921865299344063	0.9583701491355896	0.004544935654848814	0.02530786208808422	0.9701472520828247
63	0.9847484230995178	0.014961330220103264	0.0002902960986830294	0.8467109799385071	0.15224432945251465	0.0010446618543937802
64	0.99688321352005	0.0027831317856907845	0.0003335777437314391	0.9952580332756042	0.004541934933513403	0.00020004755060654134
65	0.9970462918281555	0.0027465878520160913	0.00020710506942123175	0.996887743473053	0.0029486441053450108	0.00016361987218260765
66	0.9970611929893494	0.002785468939691782	0.00015329798043239862	0.997681736946106	0.002152807777747512	0.0001654227526159957
67	0.9960867166519165	0.0037510981783270836	0.00016214142669923604	0.9967350363731384	0.0031126707326620817	0.0001522663951618597
68	0.592424213886261	0.40627580881118774	0.0012999518075957894	0.24872855842113495	0.7331078052520752	0.018163619562983513
69	0.9950814247131348	0.004763076081871986	0.00015551171964034438	0.9856414198875427	0.014137799851596355	0.0002207155921496451
70	0.9962303042411804	0.003572763642296195	0.00019695113587658852	0.9967572093009949	0.0030423433054238558	0.00020045303972437978
71	0.9956467747688293	0.004199829883873463	0.0001534165203338489	0.9956697225570679	0.0041723186150193214	0.00015793352213222533
72	0.9952340722084045	0.004333831835538149	0.00043205684050917625	0.9953939914703369	0.004342592321336269	0.0002634968259371817
73	0.9960432052612305	0.003316435031592846	0.0006403730949386954	0.9901907444000244	0.008941691368818283	0.0008675274439156055
74	0.8374523520469666	0.009812219068408012	0.15273535251617432	0.7288808226585388	0.05794542655348778	0.21317367255687714
75	0.9945953488349915	0.005187273025512695	0.00021736184135079384	0.9938966631889343	0.005875877570360899	0.00022747612092643976
76	0.993358314037323	0.005880939308553934	0.000760688679292798	0.9922663569450378	0.006747230421751738	0.0009864071616902947
77	0.9890239238739014	0.010719082318246365	0.0002570605429355055	0.9871613383293152	0.012581085786223412	0.00025756540708243847
78	0.9963873624801636	0.0033748310524970293	0.0002377636410528794	0.0326041616499424	0.966798722743988	0.0005971656064502895
79	0.9928152561187744	0.00699224229902029	0.00019254173093941063	0.9933902025222778	0.006415350362658501	0.00019446610531304032
80	0.9861749410629272	0.012726452201604843	0.0010986713459715247	0.9934589266777039	0.005993552040308714	0.0005475343205034733
81	0.9974392652511597	0.002370903268456459	0.00018982843903359026	0.997350811958313	0.002456528600305319	0.00019260185945313424
82	0.9958013892173767	0.00402420898899436	0.00017435254994779825	0.9962522387504578	0.0035486402921378613	0.00019909894035663456
83	0.9954347014427185	0.0041923015378415585	0.0003729501331690699	0.9939886331558228	0.005608598701655865	0.00040277003427036107
84	0.9741271138191223	0.02523926831781864	0.0006335643702186644	0.9753329753875732	0.023918448016047478	0.0007485410897061229
85	0.9971933960914612	0.0026165724266320467	0.00019003682245966047	0.9973304271697998	0.002486968645825982	0.00018256710609421134
86	0.9968608617782593	0.002898177830502391	0.00024092820240184665	0.997032880783081	0.0027065121103078127	0.00026063842233270407
87	0.9935722351074219	0.005905222147703171	0.000522598740644753	0.9935344457626343	0.006099729798734188	0.0003658689674921334
88	0.9962661862373352	0.003538936609402299	0.00019485026132315397	0.9953586459159851	0.004430055618286133	0.0002112745714839548
89	0.9966608285903931	0.002971791196614504	0.00036736694164574146	0.9245643019676208	0.07482026517391205	0.0006154653965495527
90	0.9942718744277954	0.005407966207712889	0.00032022566301748157	0.9923542737960815	0.007269644644111395	0.0003760487597901374
91	0.9968282580375671	0.0028321845456957817	0.00033958026324398816	0.9975353479385376	0.002232374157756567	0.00023225837503559887
92	0.9731191396713257	0.02447711117565632	0.002403798047453165	0.9784093499183655	0.020764950662851334	0.0008256505825556815
93	0.9932770133018494	0.006486105732619762	0.0002368754503550008	0.9857390522956848	0.013889406807720661	0.00037147512193769217
94	0.9750178456306458	0.020634977146983147	0.0043471502140164375	0.9854879975318909	0.013648183085024357	0.0008638512226752937
95	0.06033230200409889	0.010435626842081547	0.9292320609092712	0.007980328053236008	0.023506319150328636	0.9685133695602417
96	0.9966482520103455	0.0031816973350942135	0.00017005308473017067	0.9966277480125427	0.0031996394973248243	0.00017252859834115952
97	0.9866033792495728	0.013216843828558922	0.00017978290270548314	0.9913116693496704	0.008450133726000786	0.00023821616196073592
98	0.9970183372497559	0.002806742675602436	0.0001749004004523158	0.9964113831520081	0.00341418688185513	0.00017438681970816106
99	0.9948515295982361	0.004771997686475515	0.00037644291296601295	0.9940841794013977	0.005552087910473347	0.00036371915484778583
100	0.9974684715270996	0.0022367548663169146	0.00029483239632099867	0.8600812554359436	0.1391090452671051	0.0008097256068140268
101	0.9964010715484619	0.003184931818395853	0.0004139817610848695	0.004827289842069149	0.994046688079834	0.001126015093177557
102	0.9803162217140198	0.01687820628285408	0.002805527299642563	0.801030695438385	0.17071005702018738	0.028259292244911194
103	0.9961462020874023	0.0034552307333797216	0.00039857777301222086	0.9959660768508911	0.003598041832447052	0.0004358990117907524
104	0.596983015537262	0.09300278127193451	0.31001415848731995	0.7104175090789795	0.09331230819225311	0.1962701380252838
105	0.9940540194511414	0.005782861262559891	0.00016317407425958663	0.991418719291687	0.008408970199525356	0.00017235380073543638
106	0.9959256649017334	0.0038444260135293007	0.00022996541520114988	0.996639609336853	0.003115119645372033	0.0002452133921906352
107	0.9925819635391235	0.006845602300018072	0.0005724243819713593	0.9950100183486938	0.0046494402922689915	0.00034057078300975263
108	0.9974082112312317	0.002385856118053198	0.00020592428336385638	0.9966974258422852	0.003100557718425989	0.00020206569752190262
109	0.994843602180481	0.004607299342751503	0.000549018441233784	0.9891022443771362	0.010262015275657177	0.000635659322142601
110	0.9942353367805481	0.005526574794203043	0.00023807807883713394	0.9940272569656372	0.00571381114423275	0.00025890234974212945
111	0.9850073456764221	0.014527063816785812	0.00046561696217395365	0.9822616577148438	0.017327716574072838	0.00041062288801185787
112	0.1634824424982071	0.821379542350769	0.015137973241508007	0.7196216583251953	0.2484395056962967	0.03193884342908859
113	0.9966058731079102	0.003100300906226039	0.0002937770332209766	0.9962083101272583	0.0035454006865620613	0.00024623514036647975
114	0.9968395233154297	0.002986716106534004	0.00017380330245941877	0.9942014813423157	0.005666701588779688	0.00013183418195694685
115	0.979633092880249	0.01602468080818653	0.004342272412031889	0.975374162197113	0.018027320504188538	0.0065984525717794895
116	0.9972182512283325	0.0026238670106977224	0.0001578331575728953	0.997312068939209	0.0025219605304300785	0.00016602070536464453
117	0.98993319272995	0.009827794507145882	0.0002390139561612159	0.7234421372413635	0.27439525723457336	0.0021625827066600323
118	0.9836787581443787	0.01574886590242386	0.0005724004004150629	0.9750702977180481	0.024316411465406418	0.0006133004208095372
119	0.9957889914512634	0.003965186886489391	0.0002458230301272124	0.0017520791152492166	0.9974886178970337	0.0007592941401526332
120	0.8665961027145386	0.12945905327796936	0.003944841679185629	0.9565653800964355	0.04242722690105438	0.001007357146590948
121	0.9961896538734436	0.0036306800320744514	0.00017966126324608922	0.9957680702209473	0.004049704875797033	0.00018219334015157074
122	0.9864732027053833	0.013279758393764496	0.00024709251010790467	0.9816097021102905	0.018140459433197975	0.0002497755631338805
123	0.9534746408462524	0.04578722268342972	0.0007381453760899603	0.9314449429512024	0.06763695925474167	0.0009180931374430656
124	0.9964509010314941	0.0030700061470270157	0.0004790367966052145	0.9971725940704346	0.002411263296380639	0.00041605954174883664
125	0.9969403743743896	0.0028919524047523737	0.00016774896357674152	0.9968895316123962	0.002945365384221077	0.00016506487736478448
126	0.9972151517868042	0.002652051392942667	0.00013272868818603456	0.9976534247398376	0.0021966740023344755	0.00014993641525506973
127	0.9923871755599976	0.007406077813357115	0.00020677284919656813	0.990948498249054	0.008815615437924862	0.00023588874319102615
128	0.8714432120323181	0.12512296438217163	0.003433817531913519	0.9872204065322876	0.01136214379221201	0.0014174472307786345
129	0.8065940737724304	0.18972621858119965	0.0036797469947487116	0.8568894267082214	0.1399313062429428	0.0031793047674000263
130	0.9964313507080078	0.0032252646051347256	0.0003434165264479816	0.9961407780647278	0.003581060329452157	0.0002781619841698557
131	0.996545135974884	0.0033093364909291267	0.00014555768575519323	0.9969559907913208	0.002903803950175643	0.00014023296535015106
132	0.9959138035774231	0.003658569883555174	0.0004276079998817295	0.9540337324142456	0.04514274373650551	0.0008234569104388356
133	0.9954301118850708	0.004141696263104677	0.00042821874376386404	0.9953811168670654	0.003964753355830908	0.0006541463080793619
134	0.995698094367981	0.0040809037163853645	0.00022099944180808961	0.9962192177772522	0.003562662750482559	0.00021815088985022157
135	0.9974212646484375	0.0023428292479366064	0.00023587903706356883	0.9972372055053711	0.0025631131138652563	0.00019966009131167084
136	0.9971476197242737	0.002669199835509062	0.00018323496624361724	0.9969598054885864	0.00286311749368906	0.00017709955864120275
137	0.9938008189201355	0.005726287607103586	0.00047293983516283333	0.9957678318023682	0.0038693028036504984	0.0003628851845860481
138	0.9965672492980957	0.003178503131493926	0.00025426861247979105	0.9963322281837463	0.0033845340367406607	0.0002833104517776519
139	0.9958718419075012	0.003886618185788393	0.0002415888011455536	0.9937388896942139	0.005956592969596386	0.0003045225457753986
140	0.9940417408943176	0.005413509905338287	0.0005447706789709628	0.9951789379119873	0.004508034326136112	0.00031308853067457676
141	0.9967229962348938	0.0030462525319308043	0.0002307229005964473	0.9970837235450745	0.0027081670705229044	0.00020812739967368543
142	0.9958611130714417	0.0036733008455485106	0.0004656344826798886	0.9958974123001099	0.0036369571462273598	0.0004656592500396073
143	0.9972394704818726	0.0025294639635831118	0.00023106248409021646	0.9967197775840759	0.0030834400095045567	0.00019679662364069372
144	0.9922236204147339	0.006764421705156565	0.001011909218505025	0.9913245439529419	0.00812991801649332	0.0005455304053612053
145	0.9880836606025696	0.01106501929461956	0.0008513687062077224	0.9650151133537292	0.03167364001274109	0.0033112955279648304
146	0.589260458946228	0.34157413244247437	0.0691654160618782	0.2907625138759613	0.495578795671463	0.2136586755514145
147	0.9974098801612854	0.0022533840965479612	0.0003367221215739846	0.9963730573654175	0.003369694808498025	0.00025724098668433726
148	0.9956455230712891	0.0040012625977396965	0.0003532010887283832	0.9966006875038147	0.0031181008089333773	0.00028121095965616405
149	0.9946919083595276	0.004956250544637442	0.00035188355832360685	0.8729192018508911	0.12597481906414032	0.0011059531243517995
150	0.9953439831733704	0.004491788800805807	0.000164151715580374	0.9937471151351929	0.006078342441469431	0.0001745037006912753
151	0.9959890246391296	0.003838330740109086	0.00017261874745599926	0.995963454246521	0.003868494648486376	0.00016803396283648908
152	0.995731770992279	0.003979919478297234	0.00028831991949118674	0.9967323541641235	0.003062339499592781	0.00020533600763883442
153	0.9945646524429321	0.005194996949285269	0.00024029187625274062	0.7862738370895386	0.21269378066062927	0.0010323576861992478
154	0.9785424470901489	0.016461731866002083	0.004995847120881081	0.9943654537200928	0.004044926259666681	0.0015896150143817067
155	0.9912301301956177	0.008538249880075455	0.00023168631014414132	0.9915483593940735	0.00817993376404047	0.0002717048046179116
156	0.9541237950325012	0.044950105249881744	0.0009261023951694369	0.9924136996269226	0.007366212550550699	0.0002200930321123451
157	0.9811150431632996	0.018621599301695824	0.0002634177217260003	0.9943044781684875	0.0054041664116084576	0.00029132512281648815
158	0.9960466027259827	0.003644910641014576	0.00030846003210172057	0.9936521053314209	0.006034459453076124	0.0003134428698103875
159	0.989532470703125	0.010307569988071918	0.0001600179384695366	0.9925910234451294	0.0072683109901845455	0.000140684365760535
160	0.9948722720146179	0.0038109570741653442	0.0013167414581403136	0.9953635931015015	0.0032843865919858217	0.0013520228676497936
161	0.9965251088142395	0.0032673580572009087	0.0002075522643281147	0.9954397082328796	0.0042946068570017815	0.00026570080081000924
162	0.9950436353683472	0.00477375416085124	0.00018263554375153035	0.9945992231369019	0.005156362894922495	0.00024436923558823764
163	0.9941463470458984	0.0056943511590361595	0.0001593092456459999	0.9949342608451843	0.004923539236187935	0.00014221305900719017
164	0.9749378561973572	0.0196232870221138	0.005438922438770533	0.987312376499176	0.010182168334722519	0.0025054248981177807
165	0.992793083190918	0.007027479819953442	0.0001794290292309597	0.9933608770370483	0.006458422634750605	0.00018063007155433297
166	0.9955026507377625	0.004267640877515078	0.0002296740422025323	0.9873054027557373	0.012472594156861305	0.0002220337773906067
167	0.99397212266922	0.0057392846792936325	0.0002885406429413706	0.994286835193634	0.005423516500741243	0.0002896958903875202
168	0.9954328536987305	0.0043467083014547825	0.00022046362573746592	0.05894753709435463	0.9401494860649109	0.0009029454085975885
169	0.9863431453704834	0.013208550401031971	0.0004482436634134501	0.9893011450767517	0.010169276967644691	0.0005295349401421845
170	0.9969134330749512	0.002890506759285927	0.00019609235459938645	0.9965686798095703	0.0032424996607005596	0.0001887961698230356
171	0.9809333086013794	0.01789274252951145	0.0011740182526409626	0.9881739616394043	0.011434335261583328	0.0003916478017345071
172	0.32340678572654724	0.5635929703712463	0.11300028860569	0.4482700228691101	0.5464880466461182	0.005241858772933483
173	0.9944106936454773	0.004900333005934954	0.0006890081567689776	0.9916099905967712	0.006914242636412382	0.001475765835493803
174	0.9944217801094055	0.00509015703573823	0.00048810846055857837	0.9260220527648926	0.07136045396327972	0.002617510734125972
175	0.9967615008354187	0.0029430962167680264	0.0002954142983071506	0.9960488677024841	0.003627561032772064	0.00032361785997636616
176	0.008242178708314896	0.7529569268226624	0.23880089819431305	0.15293540060520172	0.3613313138484955	0.4857332706451416
177	0.9964871406555176	0.003329819068312645	0.0001830168766900897	0.996441662311554	0.003382768016308546	0.0001755252160364762
178	0.9949263334274292	0.004729233216494322	0.0003444720641709864	0.9862037897109985	0.013077087700366974	0.0007190957549028099
179	0.996895432472229	0.002901760395616293	0.00020276010036468506	0.9971266388893127	0.0026703826151788235	0.0002030320029007271
180	0.762178361415863	0.13908353447914124	0.09873808920383453	0.757411777973175	0.19366346299648285	0.048924826085567474
181	0.003096943721175194	0.0035357263404875994	0.9933672547340393	0.006943890359252691	0.004068261012434959	0.9889878630638123
182	0.994843602180481	0.0048197610303759575	0.0003365990414749831	0.9968957901000977	0.0029061774257570505	0.00019805568445008248
183	0.9956604838371277	0.004119241610169411	0.0002202072209911421	0.988627016544342	0.01112972479313612	0.00024326609855052084
184	0.9963167905807495	0.003524815896525979	0.0001583718549227342	0.9962654709815979	0.0035845276433974504	0.00015003429143689573
185	0.45893794298171997	0.5374003052711487	0.003661701688542962	0.9864687919616699	0.012810807675123215	0.000720360956620425
186	0.995014488697052	0.00435462174937129	0.0006308627198450267	0.9947698712348938	0.004579385742545128	0.0006506768986582756
187	0.9921401143074036	0.007662366144359112	0.00019758193229790777	0.994732141494751	0.005102822091430426	0.00016508916451130062
188	0.9956531524658203	0.0041330489329993725	0.000213767503737472	0.9562598466873169	0.043423764407634735	0.000316389137879014
189	0.9949647188186646	0.004447203129529953	0.0005880710668861866	0.995536208152771	0.004094196483492851	0.00036965624894946814
190	0.9907733201980591	0.00861095916479826	0.0006158010801300406	0.9837480187416077	0.015198911540210247	0.0010530523722991347
191	0.9928075075149536	0.006954082753509283	0.00023836047330405563	0.994040310382843	0.005690215155482292	0.00026940330280922353
192	0.9847491383552551	0.015029584988951683	0.00022127543343231082	0.9923639297485352	0.00743634719401598	0.00019969574350398034
193	0.9007654786109924	0.09497372061014175	0.00426087761297822	0.7850576043128967	0.20409615337848663	0.010846230201423168
194	0.9890871047973633	0.010544895194470882	0.0003680164518300444	0.9885491728782654	0.01111367717385292	0.00033714791061356664
195	0.7834169864654541	0.047666143625974655	0.16891688108444214	0.8943089246749878	0.059529293328523636	0.04616174474358559
196	0.9965640902519226	0.0032442822121083736	0.00019169377628713846	0.9960677623748779	0.003753415308892727	0.00017875472258310765
197	0.9936315417289734	0.006108074449002743	0.00026035241899080575	0.9940739274024963	0.00565215852111578	0.0002739239716902375
198	0.9938715696334839	0.0043458594009280205	0.0017825983231887221	0.9957608580589294	0.003820841433480382	0.00041834209696389735
199	0.9970101118087769	0.002843939932063222	0.00014587010082323104	0.996938943862915	0.0029278730507940054	0.00013322575250640512
