0	0.823201060295105	0.07352876663208008	0.10327016562223434	0.9576734304428101	0.037873122841119766	0.004453531000763178
1	0.9862421751022339	0.012903216294944286	0.0008546201279386878	0.9907354712486267	0.008642641827464104	0.0006218632333911955
2	0.9963448643684387	0.003441069507971406	0.0002140584692824632	0.9966778755187988	0.00316815753467381	0.0001539271470392123
3	0.9857510328292847	0.013560004532337189	0.0006889947690069675	0.9950783252716064	0.004514707252383232	0.00040694663766771555
4	0.9881861209869385	0.01119790319353342	0.0006159598706290126	0.9763323068618774	0.02254731021821499	0.0011203422909602523
5	0.9876082539558411	0.01151819247752428	0.0008735620067454875	0.9835678339004517	0.015686340630054474	0.0007458660984411836
6	0.023454979062080383	0.9720013737678528	0.00454364251345396	0.9608817100524902	0.038257479667663574	0.0008608048083260655
7	0.003254201263189316	0.0017532886704429984	0.9949924349784851	0.0030301448423415422	0.0021306569688022137	0.9948391318321228
8	0.9407063722610474	0.05842183157801628	0.0008718179888091981	0.9826065301895142	0.016772039234638214	0.0006214760942384601
9	0.9785445928573608	0.018944870680570602	0.0025105399545282125	0.9471343755722046	0.05248113349080086	0.0003844617458526045
10	0.8979748487472534	0.08935753256082535	0.012667683884501457	0.707539975643158	0.2882794737815857	0.004180525429546833
11	0.9937130808830261	0.005838228855282068	0.00044864258961752057	0.9935270547866821	0.006215975619852543	0.00025702433777041733
12	0.9962289929389954	0.0035603814758360386	0.0002105871244566515	0.9957022070884705	0.004106298554688692	0.00019145439728163183
13	0.002868734300136566	0.001173495315015316	0.9959577918052673	0.0015712253516539931	0.0018149788957089186	0.9966138005256653
14	0.9954433441162109	0.004270285367965698	0.0002863213885575533	0.989600419998169	0.010195473209023476	0.00020409573335200548
15	0.07394573092460632	0.9151190519332886	0.010935277678072453	0.980635404586792	0.018920527771115303	0.0004441372293513268
16	0.4527739882469177	0.5452471971511841	0.001978798070922494	0.9890866279602051	0.010637404397130013	0.0002759697090368718
17	0.2306293249130249	0.023046500980854034	0.7463241815567017	0.9562721848487854	0.014073371887207031	0.029654448851943016
18	0.9894573092460632	0.010115955956280231	0.0004267374170012772	0.9947977066040039	0.004937189165502787	0.00026513569173403084
19	0.9461788535118103	0.05068827047944069	0.003132820827886462	0.9814265370368958	0.017956383526325226	0.0006170250126160681
20	0.967624843120575	0.03082304634153843	0.0015520971501246095	0.988965630531311	0.010459593497216702	0.0005747944815084338
21	0.6232330203056335	0.24559661746025085	0.1311703771352768	0.9895015358924866	0.009937945753335953	0.0005605706828646362
22	0.6017107367515564	0.34825339913368225	0.050035879015922546	0.41720524430274963	0.4491715729236603	0.13362319767475128
23	0.994594156742096	0.0050330013036727905	0.0003727942821569741	0.9951318502426147	0.004452075343579054	0.00041605212027207017
24	0.9594826102256775	0.03998716548085213	0.0005302013596519828	0.9913944602012634	0.008342763409018517	0.0002627769426908344
25	0.00616681482642889	0.9762340188026428	0.017599264159798622	0.03796811401844025	0.96079421043396	0.0012376175727695227
26	0.9970711469650269	0.0027448064647614956	0.00018403293506707996	0.9973896145820618	0.0024484205059707165	0.0001619824906811118
27	0.9950301647186279	0.004536960273981094	0.00043288941378705204	0.9961467981338501	0.003565867431461811	0.00028735530213452876
28	0.25433871150016785	0.6664490699768066	0.07921217381954193	0.9731138348579407	0.023047087714076042	0.0038390762638300657
29	0.5556573867797852	0.4333629906177521	0.010979627259075642	0.9457424879074097	0.05300756171345711	0.0012499364092946053
30	0.018394535407423973	0.020432980731129646	0.9611725211143494	0.25502288341522217	0.044816117733716965	0.7001609206199646
31	0.48081979155540466	0.5074223875999451	0.011757880449295044	0.9617033004760742	0.03568040579557419	0.002616323996335268
32	0.9954706430435181	0.004342162981629372	0.0001871894346550107	0.9965948462486267	0.0032597824465483427	0.00014530809130519629
33	0.46489349007606506	0.5285330414772034	0.006573422811925411	0.9931800365447998	0.006429959554225206	0.0003900438314303756
34	0.9268423318862915	0.06329985707998276	0.00985779520124197	0.9866870641708374	0.013104399666190147	0.00020851461158599705
35	0.9224410653114319	0.05474638193845749	0.02281254716217518	0.9572038054466248	0.03472690284252167	0.008069265633821487
36	0.9263195395469666	0.0685083195567131	0.005172158591449261	0.8459477424621582	0.15036317706108093	0.0036890937481075525
37	0.9747762680053711	0.023605884984135628	0.001617858768440783	0.9949076771736145	0.004801073577255011	0.00029120512772351503
38	0.9252002835273743	0.07063066959381104	0.0041690426878631115	0.989316463470459	0.009848003275692463	0.0008355262107215822
39	0.9921332001686096	0.007590780965983868	0.00027604837669059634	0.9966614246368408	0.0031505366787314415	0.0001881014759419486
40	0.9463687539100647	0.04438791796565056	0.00924334954470396	0.9928667545318604	0.006409145426005125	0.0007240521372295916
41	0.044631198048591614	0.9396966099739075	0.015672119334340096	0.6262753009796143	0.19168835878372192	0.1820363849401474
42	0.9383190274238586	0.057392336428165436	0.00428863475099206	0.9442675709724426	0.054027821868658066	0.001704540685750544
43	0.2529532015323639	0.18700794875621796	0.5600388646125793	0.7977609634399414	0.08923620730638504	0.11300286650657654
44	0.1974206566810608	0.20223477482795715	0.6003445386886597	0.9856263995170593	0.011279212310910225	0.0030943527817726135
45	0.8024049997329712	0.18083514273166656	0.016759878024458885	0.8880756497383118	0.08314402401447296	0.0287803802639246
46	0.054026048630476	0.8939920663833618	0.05198194086551666	0.9772363901138306	0.02124110423028469	0.0015225440729409456
47	0.991746187210083	0.007901216857135296	0.00035259040305390954	0.9939635396003723	0.00570391770452261	0.0003325541620142758
48	0.9798928499221802	0.018904956057667732	0.001202138140797615	0.9949264526367188	0.0046788910403847694	0.0003946541983168572
49	0.0018111987737938762	0.994899570941925	0.0032892327290028334	0.9703637361526489	0.029220137745141983	0.000416189810493961
50	0.9321839809417725	0.06670811027288437	0.0011079574469476938	0.9955559372901917	0.004223446361720562	0.00022057711612433195
51	0.9948391318321228	0.004942838568240404	0.00021803387789987028	0.9972453117370605	0.0025173858739435673	0.00023735503782518208
52	0.6733046770095825	0.31991589069366455	0.006779411807656288	0.2290658950805664	0.7683827877044678	0.0025512550491839647
53	0.8321506977081299	0.16179871559143066	0.006050604861229658	0.9931157231330872	0.006576174404472113	0.0003080978349316865
54	0.20125629007816315	0.7408480644226074	0.057895660400390625	0.5421309471130371	0.3640049993991852	0.09386403113603592
55	0.020371928811073303	0.02418368309736252	0.9554443955421448	0.067790187895298	0.018377844244241714	0.9138319492340088
56	0.0757913663983345	0.018352294340729713	0.9058563113212585	0.08687223494052887	0.11745179444551468	0.7956759929656982
57	0.9947667121887207	0.004792925901710987	0.00044041351065970957	0.9954774975776672	0.00428643636405468	0.00023603149747941643
58	0.48214930295944214	0.37795722484588623	0.13989350199699402	0.9505380988121033	0.04762879014015198	0.001833082060329616
59	0.9934006929397583	0.0063179051503539085	0.00028144160751253366	0.9948984980583191	0.004868848714977503	0.00023264910851139575
60	0.5381078720092773	0.36980363726615906	0.09208853542804718	0.9521456360816956	0.03535007685422897	0.012504246085882187
61	0.9251536726951599	0.07073523104190826	0.004111083690077066	0.9791569709777832	0.02041967213153839	0.0004233218205627054
62	0.9071217775344849	0.08726895600557327	0.005609246902167797	0.9856306910514832	0.01278773508965969	0.0015815438237041235
63	0.0019195368513464928	0.02178076282143593	0.9762997031211853	0.9607157707214355	0.032960496842861176	0.006323724519461393
64	0.9926907420158386	0.006407688371837139	0.0009015191462822258	0.9908521771430969	0.00878191739320755	0.00036595595884136856
65	0.30056264996528625	0.01037513930350542	0.689062237739563	0.1110599935054779	0.02532077021896839	0.8636192083358765
66	0.9942922592163086	0.003550512483343482	0.002157248090952635	0.98600834608078	0.003665998810902238	0.010325702838599682
67	0.9399632215499878	0.058644745498895645	0.0013920074561610818	0.9544087648391724	0.04501889646053314	0.0005723304348066449
68	0.8869522213935852	0.02678845077753067	0.08625926822423935	0.677571177482605	0.051588401198387146	0.27084046602249146
69	0.9599241018295288	0.03958229348063469	0.0004935493343509734	0.9857969880104065	0.013948432169854641	0.00025454541901126504
70	0.9667267799377441	0.03228304535150528	0.0009902047459036112	0.9955429434776306	0.004271598532795906	0.00018543610349297523
71	0.0011927552986890078	0.0019253408536314964	0.9968819618225098	0.012029438279569149	0.005035330541431904	0.9829351902008057
72	0.011232294142246246	0.006504787132143974	0.982262909412384	0.013056148774921894	0.00330040929839015	0.9836434721946716
73	0.9967778325080872	0.0029888993594795465	0.00023324869107455015	0.9971017241477966	0.0027098592836409807	0.0001883454533526674
74	0.9949593544006348	0.004761796910315752	0.0002787692646961659	0.9961426854133606	0.0036388228181749582	0.00021845826995559037
75	0.9942276477813721	0.005485584959387779	0.00028671586187556386	0.9961531758308411	0.0036511283833533525	0.00019573306781239808
76	0.6733222603797913	0.2710711359977722	0.055606625974178314	0.8892126679420471	0.10957372188568115	0.0012136072618886828
77	0.9796182513237	0.01936856284737587	0.0010131972376257181	0.9656932950019836	0.033025745302438736	0.0012809429317712784
78	0.41460174322128296	0.5834366679191589	0.001961574424058199	0.9398502707481384	0.05950522422790527	0.0006445155013352633
79	0.9874100089073181	0.011895640753209591	0.0006942928303033113	0.9880700707435608	0.011182219721376896	0.0007477091276086867
80	0.8617063760757446	0.07760227471590042	0.06069142743945122	0.589432954788208	0.14463570713996887	0.26593127846717834
81	0.9356689453125	0.062140680849552155	0.002190410392358899	0.9956915974617004	0.004064629785716534	0.00024378500529564917
82	0.9356160163879395	0.0582827553153038	0.006101261358708143	0.9089840054512024	0.08910337835550308	0.0019126123515889049
83	0.03060942329466343	0.0029673301614820957	0.9664231538772583	0.009185179136693478	0.0028293973300606012	0.9879854321479797
84	0.8879287242889404	0.09760788828134537	0.01446338091045618	0.9757397174835205	0.021004773676395416	0.003255533054471016
85	0.75146484375	0.17342056334018707	0.07511460036039352	0.006913335062563419	0.9895957112312317	0.0034909506794065237
86	0.030520975589752197	0.6560051441192627	0.3134738802909851	0.995904266834259	0.0038374350406229496	0.0002582681190688163
87	0.28939831256866455	0.2619428336620331	0.44865885376930237	0.8764580488204956	0.09653002768754959	0.027011917904019356
88	0.9738329648971558	0.025499043986201286	0.000667922489810735	0.9944553971290588	0.0052561950869858265	0.0002884161949623376
89	0.38526880741119385	0.30947184562683105	0.3052593469619751	0.31644466519355774	0.48061829805374146	0.20293693244457245
90	0.8810955882072449	0.08143311738967896	0.037471260875463486	0.9584324359893799	0.026404675096273422	0.01516285352408886
91	0.7592006921768188	0.20319321751594543	0.03760610148310661	0.9857432246208191	0.013094048947095871	0.0011626711348071694
92	0.34320881962776184	0.6501787900924683	0.006612349767237902	0.987409234046936	0.012362223118543625	0.00022860572789795697
93	0.9619635939598083	0.02956390753388405	0.008472539484500885	0.9895626902580261	0.008697917684912682	0.0017394390888512135
94	0.9300370812416077	0.06844563037157059	0.0015172623097896576	0.9841747879981995	0.015117233619093895	0.0007079694769345224
95	0.9872849583625793	0.012027821503579617	0.0006872504600323737	0.9782108664512634	0.021470526233315468	0.0003185876412317157
96	0.9464142322540283	0.052740249782800674	0.0008455311763100326	0.9902645349502563	0.009299032390117645	0.00043647640268318355
97	0.19450250267982483	0.25376781821250916	0.5517297387123108	0.8170395493507385	0.13298343122005463	0.049977000802755356
98	0.9543693661689758	0.023320620879530907	0.02230996824800968	0.9805732369422913	0.01622031442821026	0.003206463996320963
99	0.9915310144424438	0.007911724038422108	0.0005572536610998213	0.9920074939727783	0.007736699655652046	0.00025580680812709033
100	0.8956499099731445	0.10215019434690475	0.002199837239459157	0.9963769316673279	0.003415078157559037	0.0002080211415886879
101	0.9943665862083435	0.004821381997317076	0.0008119557169266045	0.9875456690788269	0.01157637219876051	0.0008779354975558817
102	0.9864723682403564	0.01297178864479065	0.0005557695403695107	0.9940748810768127	0.00566147780045867	0.00026364976656623185
103	0.9386580586433411	0.05660354718565941	0.004738380201160908	0.959120512008667	0.03962554782629013	0.0012538897572085261
104	0.9394052624702454	0.05913908779621124	0.0014556176029145718	0.7603679895401001	0.23107171058654785	0.008560272864997387
105	0.2933587431907654	0.6930874586105347	0.013553831726312637	0.1288173645734787	0.8650316596031189	0.006150980480015278
106	0.14108052849769592	0.8538637161254883	0.0050557744689285755	0.9083216786384583	0.09041070193052292	0.0012675877660512924
107	0.9942435622215271	0.005526810418814421	0.00022963722585700452	0.996582567691803	0.0032441318035125732	0.00017330158152617514
108	0.9800469279289246	0.019298898056149483	0.000654092407785356	0.997187077999115	0.0026533869095146656	0.0001594789355294779
109	0.9639691710472107	0.03446491062641144	0.001565883052535355	0.9861700534820557	0.013437638059258461	0.00039226081571541727
110	0.9440197944641113	0.046827372163534164	0.009152851067483425	0.9299831390380859	0.06820092350244522	0.0018158856546506286
111	0.6649971604347229	0.3281834125518799	0.006819467525929213	0.8339932560920715	0.16243042051792145	0.0035762349143624306
112	0.7043058276176453	0.276986300945282	0.0187078807502985	0.9938840270042419	0.00540379760786891	0.0007121980888769031
113	0.9958997368812561	0.003920023329555988	0.0001802713522920385	0.996487021446228	0.0033730140421539545	0.00013997717178426683
114	0.9938229322433472	0.004732840694487095	0.001444251392967999	0.9945112466812134	0.004302185960114002	0.0011865458218380809
115	0.6642371416091919	0.31526005268096924	0.020502885803580284	0.9849802851676941	0.012995869852602482	0.002023874782025814
116	0.9313416481018066	0.06591088324785233	0.0027474656235426664	0.9697378873825073	0.02915129065513611	0.0011108428006991744
117	0.0855497270822525	0.7101731300354004	0.2042771726846695	0.7574109435081482	0.12325593829154968	0.11933313310146332
118	0.9886124730110168	0.01001072209328413	0.0013768754433840513	0.2477002739906311	0.7477610111236572	0.0045387097634375095
119	0.9868118166923523	0.012048576027154922	0.001139556523412466	0.9961368441581726	0.0035426539834588766	0.00032044376712292433
120	0.9960796236991882	0.0037224392872303724	0.00019796393462456763	0.9972820281982422	0.0025191153399646282	0.0001988849398912862
121	0.9713872671127319	0.027597682550549507	0.0010150468442589045	0.9799046516418457	0.019261058419942856	0.0008342675282619894
122	0.9854972958564758	0.014132625423371792	0.0003700903325807303	0.995116114616394	0.0046728262677788734	0.00021102960454300046
123	0.9942604303359985	0.00542021356523037	0.0003193174779880792	0.9972791075706482	0.00251366407610476	0.00020721310283988714
124	0.8639824986457825	0.13445021212100983	0.0015673626912757754	0.9913560152053833	0.008401269093155861	0.0002426330029265955
125	0.1779608577489853	0.2595555782318115	0.5624834895133972	0.3702631890773773	0.3176148235797882	0.3121219873428345
126	0.9939833283424377	0.00550735043361783	0.0005092812934890389	0.9958621263504028	0.0038052527233958244	0.00033259441261179745
127	0.9750961661338806	0.016417590901255608	0.008486195467412472	0.9697806239128113	0.02474812977015972	0.005471213720738888
128	0.9919905066490173	0.007173448801040649	0.0008360031060874462	0.9912546873092651	0.008078152313828468	0.0006671019364148378
129	0.9879072308540344	0.011562440544366837	0.0005302861682139337	0.9907037019729614	0.00900969933718443	0.00028667753213085234
130	0.5250294208526611	0.47213348746299744	0.002837076550349593	0.9820321798324585	0.017712866887450218	0.00025493555585853755
131	0.9851637482643127	0.014359571039676666	0.00047668148181401193	0.9954105019569397	0.004406485240906477	0.00018298432405572385
132	0.6518329381942749	0.33566033840179443	0.012506743893027306	0.9948675632476807	0.004798914305865765	0.00033349875593557954
133	0.9885945320129395	0.010219737887382507	0.0011857557110488415	0.9926989674568176	0.006852186284959316	0.00044887003605253994
134	0.9906131029129028	0.00869309064000845	0.0006938453880138695	0.9950065612792969	0.004689945373684168	0.00030346575658768415
135	0.9944347739219666	0.005204453598707914	0.0003607586841098964	0.9959573149681091	0.0037662815302610397	0.00027643164503388107
136	0.905120313167572	0.08257509022951126	0.01230455283075571	0.9027199149131775	0.09108950197696686	0.0061905402690172195
137	0.3665330410003662	0.011518881656229496	0.6219481825828552	0.010161866433918476	0.018316112458705902	0.9715219140052795
138	0.005392939783632755	0.001408100826665759	0.9931989312171936	0.000728836574126035	0.0009739638189785182	0.9982972741127014
139	0.9460039734840393	0.04952491447329521	0.004471057094633579	0.9872124791145325	0.012025865726172924	0.0007616376969963312
140	0.9852420687675476	0.013685391284525394	0.0010725705651566386	0.9919339418411255	0.0077109611593186855	0.00035507409484125674
141	0.21004244685173035	0.25348666310310364	0.5364708304405212	0.9326874017715454	0.04716132953763008	0.020151283591985703
142	0.7346720099449158	0.25606870651245117	0.00925923977047205	0.9869207143783569	0.012566185556352139	0.0005130881909281015
143	0.9961671233177185	0.003610428422689438	0.00022238738893065602	0.996296226978302	0.0034556027967482805	0.0002482017735019326
144	0.9905058741569519	0.009230200201272964	0.00026393996085971594	0.9916346073150635	0.007947422564029694	0.000418014416936785
145	0.9952371120452881	0.004520639311522245	0.00024216929159592837	0.9972398281097412	0.002583676017820835	0.00017644504259806126
146	0.8453362584114075	0.15354245901107788	0.0011213163379579782	0.993973433971405	0.005832943134009838	0.00019360608712304384
147	0.9494689106941223	0.04957037419080734	0.0009607061510905623	0.9897677302360535	0.00975098554044962	0.00048128265189006925
148	0.4059028923511505	0.5096032023429871	0.08449387550354004	0.7025922536849976	0.25551965832710266	0.04188811406493187
149	0.038761287927627563	0.03033813275396824	0.9309006333351135	0.2870708703994751	0.090965136885643	0.6219640374183655
150	0.005275035742670298	0.985671877861023	0.009053110145032406	0.9695481061935425	0.027109527960419655	0.0033423067070543766
151	0.9806726574897766	0.018370041623711586	0.0009573452407494187	0.9848778247833252	0.014699055813252926	0.00042317091720178723
152	0.04007028043270111	0.013949057087302208	0.9459807276725769	0.005150432698428631	0.005613126792013645	0.9892364144325256
153	0.9899669885635376	0.009667083621025085	0.00036591943353414536	0.9971089959144592	0.0027135240379720926	0.0001775244891177863
154	0.8466506004333496	0.13395603001117706	0.019393419846892357	0.9264301061630249	0.06979817152023315	0.003771717892959714
155	0.9493259787559509	0.03257573023438454	0.018098238855600357	0.9897596836090088	0.009337170980870724	0.0009032026864588261
156	0.9841559529304504	0.015629706904292107	0.0002143039891961962	0.9925548434257507	0.007285899017006159	0.00015927765343803912
157	0.9493907690048218	0.021279457956552505	0.029329776763916016	0.9665924310684204	0.030238965526223183	0.003168640658259392
158	0.7479416728019714	0.2451338917016983	0.00692444434389472	0.8220484256744385	0.1705949455499649	0.007356614805757999
159	0.9946118593215942	0.005002812948077917	0.00038530470919795334	0.9969457983970642	0.0027954394463449717	0.0002587582275737077
160	0.30908408761024475	0.6870803833007812	0.003835471346974373	0.9809420108795166	0.01847904548048973	0.0005788956768810749
161	0.9612985253334045	0.038058388978242874	0.0006431058282032609	0.9928886294364929	0.006860240828245878	0.00025121000362560153
162	0.9124577045440674	0.062459345906972885	0.025082897394895554	0.914953351020813	0.07760637998580933	0.0074402629397809505
163	0.9744141697883606	0.021775776520371437	0.0038100441452115774	0.9948282837867737	0.004564308561384678	0.0006073678378015757
164	0.17333215475082397	0.012228231877088547	0.814439594745636	0.2219703048467636	0.02938244678080082	0.7486472129821777
165	0.9460382461547852	0.04988475143909454	0.004077051300555468	0.9808079600334167	0.01860167272388935	0.0005904032732360065
166	0.9817669987678528	0.017472218722105026	0.0007608366431668401	0.9865886569023132	0.0130735719576478	0.000337768200552091
167	0.3740782141685486	0.6221770644187927	0.0037447470240294933	0.9943497776985168	0.005462027620524168	0.00018818887474481016
168	0.9770343899726868	0.022479858249425888	0.00048581737792119384	0.995934009552002	0.0038021209184080362	0.00026378766051493585
169	0.9154345393180847	0.03976340964436531	0.04480206221342087	0.9893250465393066	0.010029681958258152	0.0006452575325965881
170	0.017134197056293488	0.9540156126022339	0.028850127011537552	0.9879921674728394	0.011488880030810833	0.0005189015646465123
171	0.896660327911377	0.10117790102958679	0.002161775715649128	0.9751835465431213	0.024321479722857475	0.0004949741414748132
172	0.17548918724060059	0.14187763631343842	0.6826331615447998	0.6514047980308533	0.2582128047943115	0.09038238972425461
173	0.9425690174102783	0.054095033556222916	0.0033359418157488108	0.21760700643062592	0.7807151079177856	0.0016779487486928701
174	0.7851040959358215	0.19492289423942566	0.01997300051152706	0.9886857271194458	0.010942411608994007	0.00037184968823567033
175	0.1611098200082779	0.8159646391868591	0.02292547933757305	0.8770066499710083	0.11754908412694931	0.005444294773042202
176	0.7926959991455078	0.20438659191131592	0.0029173726215958595	0.9911869168281555	0.008545983582735062	0.0002670974936336279
177	0.010757057927548885	0.5141585469245911	0.4750843942165375	0.11822469532489777	0.022741008549928665	0.8590342998504639
178	0.10650300979614258	0.18480534851551056	0.7086915969848633	0.004505207296460867	0.5205501914024353	0.4749445915222168
179	0.9752654433250427	0.01991630531847477	0.004818263463675976	0.9936491847038269	0.004931675270199776	0.0014191586524248123
180	0.0011396304471418262	0.9939186573028564	0.0049417708069086075	0.9901217818260193	0.009328871965408325	0.0005493627395480871
181	0.9797510504722595	0.01821008324623108	0.0020388260018080473	0.9574536681175232	0.041716426610946655	0.0008298229076899588
182	0.9929437041282654	0.006823282223194838	0.00023293966660276055	0.9969750642776489	0.002846666146069765	0.00017823649977799505
183	0.9924094676971436	0.007089120335876942	0.0005013971240259707	0.9955078363418579	0.004258263856172562	0.0002338650228921324
184	0.8606948852539062	0.1361326277256012	0.003172418801113963	0.9938461184501648	0.005477208644151688	0.0006766277947463095
185	0.9274576902389526	0.07087020576000214	0.001672101323492825	0.9656273126602173	0.03407248482108116	0.0003002195153385401
186	0.16118447482585907	0.6268759369850159	0.21193964779376984	0.02615545317530632	0.9595864415168762	0.014258157461881638
187	0.9927731156349182	0.006934560369700193	0.0002923794090747833	0.9968641400337219	0.0029494334012269974	0.00018636077584233135
188	0.9947888851165771	0.00464961351826787	0.0005615217960439622	0.9909207820892334	0.008262749761343002	0.0008164924220182002
189	0.8956997394561768	0.1009354442358017	0.003364817937836051	0.9895424842834473	0.009744471870362759	0.0007130401208996773
190	0.0022761609870940447	0.07183629274368286	0.9258875846862793	0.003210154129192233	0.021718354895710945	0.9750714302062988
191	0.9882503747940063	0.008533122017979622	0.0032164822332561016	0.9879988431930542	0.0065416861325502396	0.005459482781589031
192	0.022220632061362267	0.778501033782959	0.19927825033664703	0.9884858131408691	0.010148475877940655	0.001365667674690485
193	0.9973095655441284	0.0023938510566949844	0.00029660569271072745	0.9976961016654968	0.0020797618199139833	0.0002240846079075709
194	0.07163963466882706	0.006406433880329132	0.9219539165496826	0.024757351726293564	0.02622932754456997	0.9490132331848145
195	0.9906154870986938	0.009073829278349876	0.0003107651718892157	0.9927067160606384	0.007142261601984501	0.00015107690705917776
196	0.0010500723728910089	0.9953987002372742	0.003551331115886569	0.975682258605957	0.02375859022140503	0.0005591104854829609
197	0.9763946533203125	0.02314670942723751	0.0004585987771861255	0.9932029247283936	0.006436875090003014	0.0003601558564696461
198	0.9954822063446045	0.004366770852357149	0.00015096882998477668	0.9951570630073547	0.004679977893829346	0.00016292199143208563
199	0.9921998381614685	0.007424453739076853	0.0003757636877708137	0.9957671165466309	0.0038363230414688587	0.0003965354699175805
