0	0.9962024092674255	0.0036643308121711016	0.00013329235662240535	0.9967879056930542	0.003077087923884392	0.00013497925829142332
1	0.9961062073707581	0.0036432589404284954	0.0002505693701095879	0.9933524131774902	0.0063917022198438644	0.0002559165295679122
2	0.9943106174468994	0.005503862630575895	0.00018550726235844195	0.9944882988929749	0.0052991085685789585	0.0002126196923200041
3	0.9966734647750854	0.0030303706880658865	0.00029610630008392036	0.985826313495636	0.013871751725673676	0.00030190282268449664
4	0.9952580332756042	0.004612259101122618	0.00012970759416930377	0.9955536723136902	0.004317064303904772	0.00012927802163176239
5	0.9775610566139221	0.02102574147284031	0.0014131568605080247	0.9797780513763428	0.019332773983478546	0.0008891057223081589
6	0.9945447444915771	0.0052694035694003105	0.00018585573707241565	0.9931095838546753	0.006660120096057653	0.000230321180424653
7	0.9954915642738342	0.004335935227572918	0.00017253680562134832	0.9950277209281921	0.004780226852744818	0.00019209185848012567
8	0.9969411492347717	0.002879712963476777	0.0001791455433703959	0.9964338541030884	0.0033647508826106787	0.0002014095662161708
9	0.9937314391136169	0.005925491452217102	0.0003430451615713537	0.7179328799247742	0.2809518277645111	0.0011152600636705756
10	0.39569199085235596	0.14523810148239136	0.4590699374675751	0.9461815357208252	0.018422413617372513	0.03539604693651199
11	0.9959378242492676	0.0037981346249580383	0.00026402599178254604	0.99617600440979	0.0035539991222321987	0.00026996046653948724
12	0.9934777021408081	0.006250816397368908	0.00027142572798766196	0.9929439425468445	0.0067547098733484745	0.0003012943489011377
13	0.995144248008728	0.004690493922680616	0.00016523869999218732	0.9945759773254395	0.005255371332168579	0.0001686207251623273
14	0.9974422454833984	0.002391909947618842	0.00016581070667598397	0.9976645708084106	0.0021765001583844423	0.00015891309885773808
15	0.9971621036529541	0.0026439328212291002	0.0001940442598424852	0.9971835017204285	0.0026057278737425804	0.00021073581592645496
16	0.997300922870636	0.002464565448462963	0.00023456437338609248	0.9968917965888977	0.0028644760604947805	0.00024373925407417119
17	0.994823694229126	0.004930337890982628	0.00024595833383500576	0.6897022724151611	0.3089854419231415	0.0013122949749231339
18	0.995862603187561	0.003975614905357361	0.00016171134484466165	0.9961367249488831	0.003686669049784541	0.00017652877431828529
19	0.9926538467407227	0.007094576023519039	0.0002515881205908954	0.9948899745941162	0.004900303669273853	0.00020973225764464587
20	0.9965776801109314	0.003266569459810853	0.00015570841787848622	0.9968976974487305	0.002931814407929778	0.00017053337069228292
21	0.9954819679260254	0.004261721856892109	0.0002562781155575067	0.9963822364807129	0.003384910523891449	0.00023280727327801287
22	0.9931445121765137	0.006598515901714563	0.0002569964563008398	0.9927182197570801	0.007023255340754986	0.0002584677131380886
23	0.9759984612464905	0.02352038398385048	0.0004812203405890614	0.9857024550437927	0.013896310701966286	0.0004012285207863897
24	0.9969821572303772	0.0027981633320450783	0.00021970817761030048	0.996822714805603	0.0029521698597818613	0.00022506952518597245
25	0.9926538467407227	0.007094576023519039	0.0002515881205908954	0.9948899745941162	0.004900303669273853	0.00020973225764464587
26	0.9904401302337646	0.009087900631129742	0.00047199861728586257	0.9931678175926208	0.006492695305496454	0.0003394806699361652
27	0.9955189228057861	0.0042617726139724255	0.00021932630625087768	0.9956758618354797	0.004118211567401886	0.00020597950788214803
28	0.9952318072319031	0.004563843831419945	0.00020430138101801276	0.9885591864585876	0.011249477043747902	0.00019135831098537892
29	0.9950830936431885	0.004618578590452671	0.0002983613812830299	0.9950137734413147	0.004716053605079651	0.00027019536355510354
30	0.9820557236671448	0.016600336879491806	0.001343920361250639	0.9499045610427856	0.048249032348394394	0.0018464275635778904
31	0.9942388534545898	0.005564248189330101	0.00019694828370120376	0.9923989176750183	0.007376085035502911	0.0002249730023322627
32	0.9952261447906494	0.004631109535694122	0.000142717341077514	0.9947260022163391	0.005136111751198769	0.00013793040125165135
33	0.9940624833106995	0.005592985078692436	0.0003445071342866868	0.992119312286377	0.007434117142111063	0.0004465505189727992
34	0.9772168397903442	0.022355513647198677	0.0004276162653695792	0.9933952689170837	0.006224825978279114	0.00037993123987689614
35	0.9972736239433289	0.002560047898441553	0.0001662827271502465	0.9140134453773499	0.08562193810939789	0.0003646202676463872
36	0.9955511093139648	0.004272293299436569	0.00017662145546637475	0.9931442737579346	0.006653895601630211	0.0002018600353039801
37	0.9971156120300293	0.0027758977375924587	0.00010849878162844107	0.996982753276825	0.00291221565566957	0.00010504988313186914
38	0.997116208076477	0.0027186425868421793	0.00016520291683264077	0.9973593354225159	0.002480125753208995	0.00016053368744906038
39	0.9962779879570007	0.0035046630073338747	0.00021737768838647753	0.9962981343269348	0.003488990245386958	0.00021286041010171175
40	0.9958095550537109	0.004048778675496578	0.00014171269140206277	0.9954996705055237	0.004346826579421759	0.00015346540021710098
41	0.9958130717277527	0.004022220615297556	0.00016467293608002365	0.9956002235412598	0.004233419429510832	0.00016629049787297845
42	0.997413694858551	0.002397923730313778	0.00018838082905858755	0.9956230521202087	0.004213493783026934	0.00016350115765817463
43	0.9954935312271118	0.004320617765188217	0.000185808923561126	0.9945188164710999	0.005318962037563324	0.00016226968728005886
44	0.9951401948928833	0.0044345250353217125	0.0004252221842762083	0.9969756603240967	0.0028214335907250643	0.00020288937957957387
45	0.9955456256866455	0.004246186930686235	0.0002081371785607189	0.9957291483879089	0.004067013040184975	0.0002038681268459186
46	0.984041690826416	0.015235459432005882	0.0007228493341244757	0.888943076133728	0.10943705588579178	0.0016198476077988744
47	0.9972250461578369	0.0024058036506175995	0.0003692344471346587	0.9965054988861084	0.003243639599531889	0.00025087432004511356
48	0.9959859251976013	0.0036097581032663584	0.0004042334039695561	0.9960428476333618	0.0035683985333889723	0.0003887633793056011
49	0.9976298809051514	0.002180791925638914	0.00018927425844594836	0.9975503087043762	0.0022617413196712732	0.00018790565081872046
50	0.9964746832847595	0.003331562504172325	0.0001937080960487947	0.99604332447052	0.003823990700766444	0.00013268846669234335
51	0.02157413214445114	0.024027641862630844	0.9543982744216919	0.06865610182285309	0.01032622717320919	0.9210177063941956
52	0.25950637459754944	0.017206767573952675	0.7232868671417236	0.06742408126592636	0.008996204473078251	0.923579752445221
53	0.992760419845581	0.0069495695643126965	0.0002900561084970832	0.9926572442054749	0.00707743177190423	0.00026533991331234574
54	0.996492326259613	0.0033099125139415264	0.00019773212261497974	0.9964948296546936	0.003307588631287217	0.0001975923660211265
55	0.9964120984077454	0.0033576206769794226	0.00023034230980556458	0.996878981590271	0.0029135877266526222	0.0002074043295579031
56	0.9961178302764893	0.0036693192087113857	0.00021287040726747364	0.995284378528595	0.004395449999719858	0.0003202367515768856
57	0.9923076629638672	0.007329500280320644	0.00036279173218645155	0.9901106953620911	0.009463130496442318	0.0004261941066943109
58	0.9961863160133362	0.0036255642771720886	0.0001881378993857652	0.9964189529418945	0.0033775477204471827	0.00020347716053947806
59	0.9965555667877197	0.003266677726060152	0.00017781964561436325	0.9958023428916931	0.004003211390227079	0.00019440603500697762
60	0.9963375329971313	0.0034553357400000095	0.0002071616327157244	0.9971144199371338	0.0027016119565814734	0.00018397477106191218
61	0.9949436783790588	0.004897076170891523	0.0001592273183632642	0.9936226010322571	0.006207973696291447	0.0001694758830126375
62	0.9926538467407227	0.007094576023519039	0.0002515881205908954	0.9948899745941162	0.004900303669273853	0.00020973225764464587
63	0.9977304339408875	0.0020653933752328157	0.00020419314387254417	0.9978687763214111	0.0018863680306822062	0.00024477820261381567
64	0.9956831932067871	0.004169879015535116	0.00014697262668050826	0.9948541522026062	0.004987266846001148	0.00015864371380303055
65	0.9918906688690186	0.007884482853114605	0.00022484084183815867	0.9921343326568604	0.007634035777300596	0.00023157300893217325
66	0.9745457172393799	0.020407896488904953	0.005046413280069828	0.9757204055786133	0.02042897418141365	0.0038506118580698967
67	0.9951770305633545	0.004646227229386568	0.00017674191622063518	0.9825674891471863	0.016862668097019196	0.0005698257009498775
68	0.995573878288269	0.004273929633200169	0.00015216952306218445	0.9954679012298584	0.004387794993817806	0.00014423485845327377
69	0.9923171997070312	0.007371465675532818	0.0003113610437139869	0.9932096600532532	0.006462836638092995	0.00032749123056419194
70	0.996044397354126	0.0038046862464398146	0.00015095558774191886	0.9945148229598999	0.005303559824824333	0.00018163844652008265
71	0.9926538467407227	0.007094576023519039	0.0002515881205908954	0.9948899745941162	0.004900303669273853	0.00020973225764464587
72	0.9945259690284729	0.005089319311082363	0.0003847311600111425	0.9886096715927124	0.010940886102616787	0.000449478771770373
73	0.9975468516349792	0.002296089893206954	0.00015706369595136493	0.9812750220298767	0.01847529597580433	0.000249647069722414
74	0.995455265045166	0.004411675035953522	0.00013307011977303773	0.9956402778625488	0.004205804783850908	0.00015385197184514254
75	0.9469205141067505	0.047243572771549225	0.005835863761603832	0.961819052696228	0.03427266702055931	0.003908224869519472
76	0.9946915507316589	0.005121815484017134	0.0001866181701188907	0.9948636889457703	0.004956801421940327	0.0001795311545720324
77	0.9879859089851379	0.011749238707125187	0.0002648792287800461	0.9779232740402222	0.021634913980960846	0.00044180991244502366
78	0.9895411133766174	0.01024807058274746	0.00021089018264319748	0.992521345615387	0.007180518936365843	0.00029814892332069576
79	0.9945412278175354	0.00519897835329175	0.00025979673955589533	0.9934803247451782	0.006292620208114386	0.0002270657423650846
80	0.9940326809883118	0.005664305295795202	0.00030303403036668897	0.9942301511764526	0.005466297268867493	0.00030355967464856803
81	0.9949265718460083	0.0048531522043049335	0.0002202382602263242	0.994941234588623	0.004835605621337891	0.00022321240976452827
82	0.9936826229095459	0.006120902486145496	0.00019650741887744516	0.9931147694587708	0.006690578535199165	0.00019470385450404137
83	0.995997428894043	0.0038342620246112347	0.00016826082719489932	0.9775484204292297	0.022184228524565697	0.000267396098934114
84	0.9967361092567444	0.003078529378399253	0.00018531165551394224	0.9966024160385132	0.0032186538446694613	0.00017890543676912785
85	0.993595540523529	0.006202289368957281	0.0002022173284785822	0.9706069231033325	0.028787732124328613	0.0006053982651792467
86	0.9964590668678284	0.003348724218085408	0.0001921576913446188	0.9962893724441528	0.003548149950802326	0.00016244033758994192
87	0.9945008754730225	0.0053038448095321655	0.0001952375896507874	0.9912900924682617	0.008484141901135445	0.00022582417295780033
88	0.9972860813140869	0.0025874748826026917	0.0001264708407688886	0.9976335763931274	0.002226585987955332	0.00013982478412799537
89	0.9942317605018616	0.005617618095129728	0.0001506294502178207	0.9946478009223938	0.00520380400121212	0.0001484367239754647
90	0.9578321576118469	0.039865877479314804	0.00230194628238678	0.9744212031364441	0.023665741086006165	0.0019130764994770288
91	0.9959035515785217	0.003756948746740818	0.00033949100179597735	0.9968003034591675	0.003000549040734768	0.00019913932192139328
92	0.9947220087051392	0.0049149999395012856	0.0003629832062870264	0.994705855846405	0.005020500160753727	0.0002736702444963157
93	0.9971573352813721	0.0026605799794197083	0.00018214121519122273	0.9956517815589905	0.004211908672004938	0.00013633145135827363
94	0.9948747754096985	0.0048323022201657295	0.00029297012952156365	0.9458111524581909	0.053793977946043015	0.0003948525700252503
95	0.8808314204216003	0.11865135282278061	0.0005171975935809314	0.9955723285675049	0.004175524692982435	0.0002521545975469053
96	0.9956159591674805	0.00420841621235013	0.00017567253962624818	0.9953149557113647	0.004501402378082275	0.0001836776064010337
97	0.9966462254524231	0.0031564717646688223	0.00019724262529052794	0.9965829253196716	0.0032246140763163567	0.0001924620009958744
98	0.9940459728240967	0.005794929340481758	0.00015912311209831387	0.9946634769439697	0.0051796273328363895	0.00015684736717958003
99	0.9962112903594971	0.003568198997527361	0.00022054578585084528	0.9967827796936035	0.0029938891530036926	0.000223363604163751
100	0.9965450167655945	0.0031993293669074774	0.0002556646941229701	0.9964863061904907	0.0032714668195694685	0.00024223080254159868
101	0.944514274597168	0.045087557286024094	0.01039822120219469	0.9585081934928894	0.036501701921224594	0.004990097600966692
102	0.974425196647644	0.02278802916407585	0.002786761848255992	0.9821511507034302	0.01691252365708351	0.0009362911223433912
103	0.996669590473175	0.003180192783474922	0.0001502830709796399	0.9968000650405884	0.003051543142646551	0.00014839887444395572
104	0.9974175691604614	0.0020979028195142746	0.00048449254245497286	0.9974931478500366	0.002081800950691104	0.0004250285273883492
105	0.9952045679092407	0.00456337071955204	0.00023206578043755144	0.9907404184341431	0.009017168544232845	0.00024237134493887424
106	0.980918288230896	0.01829596795141697	0.000785785960033536	0.9911054968833923	0.008507964201271534	0.0003865696780849248
107	0.9941891431808472	0.0056192525662481785	0.00019164335390087217	0.9956770539283752	0.004156394395977259	0.0001665094750933349
108	0.8845123648643494	0.06569995731115341	0.04978771135210991	0.9826992750167847	0.00985886063426733	0.007441815920174122
109	0.9841327667236328	0.015299919992685318	0.0005672708502970636	0.9809665679931641	0.018293306231498718	0.0007401327602565289
110	0.994350790977478	0.0053980667144060135	0.0002511237980797887	0.9948099851608276	0.004929964430630207	0.000259980937698856
111	0.9974468946456909	0.0023461314849555492	0.00020694539125543088	0.9973281621932983	0.0024795017670840025	0.00019233720377087593
112	0.9837941527366638	0.015769831836223602	0.0004360630991868675	0.9938475489616394	0.005887938663363457	0.0002645131608005613
113	0.9959092140197754	0.003947039600461721	0.00014378613559529185	0.9970061182975769	0.0028671552427113056	0.0001267127227038145
114	0.9968511462211609	0.0029922763351351023	0.00015661175712011755	0.9966580867767334	0.0031798193231225014	0.00016210158355534077
115	0.9970355033874512	0.002796086948364973	0.0001684337912593037	0.9967761635780334	0.0030657206661999226	0.00015815698134247214
116	0.9965372085571289	0.003255617106333375	0.00020712471450679004	0.9972569346427917	0.0025489681866019964	0.0001940914080478251
117	0.9560204148292542	0.042500320822000504	0.0014792411820963025	0.9900874495506287	0.009476648643612862	0.00043588943663053215
118	0.9972690939903259	0.0025275193620473146	0.00020332027634140104	0.9970700740814209	0.0027009134646505117	0.0002290307020302862
119	0.9909366965293884	0.008886943571269512	0.00017637846758589149	0.9938533306121826	0.00599175039678812	0.00015489658107981086
120	0.9970575571060181	0.002735575893893838	0.00020689972734544426	0.9967196583747864	0.0031017919536679983	0.00017855742771644145
121	0.00037093902938067913	0.0006052613025531173	0.9990237951278687	0.0004692679503932595	0.0007835119031369686	0.9987472295761108
122	0.9974150657653809	0.002335852012038231	0.00024904560996219516	0.7788202166557312	0.2194824069738388	0.0016973756719380617
123	0.9928143620491028	0.007001571357250214	0.0001840541372075677	0.9951699376106262	0.004612925928086042	0.0002170764928450808
124	0.9970020651817322	0.0027277646586298943	0.00027014335501007736	0.9973958730697632	0.002391543472185731	0.0002125637693097815
125	0.9927229285240173	0.007131049409508705	0.0001460637868149206	0.9924595952033997	0.007394841872155666	0.00014556481619365513
126	0.9914892911911011	0.00830761343240738	0.00020312107517383993	0.9951480031013489	0.00461173802614212	0.0002402237878413871
127	0.996616780757904	0.0032411583233624697	0.00014213696704246104	0.9948797225952148	0.004906872753053904	0.00021344628476072103
128	0.6577038168907166	0.3379597067832947	0.0043365065939724445	0.9126091003417969	0.08445210009813309	0.002938785357400775
129	0.9780219793319702	0.021602364256978035	0.0003756818186957389	0.9508979916572571	0.04865550249814987	0.00044646899914368987
130	0.9970341920852661	0.002726480597630143	0.00023937159858178347	0.9970219731330872	0.0027439016848802567	0.00023414145107381046
131	0.9889334440231323	0.01085235271602869	0.00021418361575342715	0.995078444480896	0.0047330292873084545	0.00018854638619814068
132	0.9965481162071228	0.0033189388923346996	0.00013300219143275172	0.9962950348854065	0.0035837143659591675	0.00012126520596211776
133	0.7923785448074341	0.04076363518834114	0.16685785353183746	0.1468951255083084	0.04458371177315712	0.8085212111473083
134	0.99565589427948	0.00421120086684823	0.0001328694197582081	0.9953421354293823	0.00452075619250536	0.00013707374455407262
135	0.559949517250061	0.28301945328712463	0.15703104436397552	0.02602640725672245	0.9369985461235046	0.03697498142719269
136	0.996331512928009	0.0033718589693307877	0.0002966448082588613	0.8248579502105713	0.17422181367874146	0.0009202923974953592
137	0.9957705140113831	0.003953153733164072	0.00027634689467959106	0.9926415085792542	0.0069534205831587315	0.000405066239181906
138	0.9939045310020447	0.005898744333535433	0.00019673847418744117	0.9937229752540588	0.006075621582567692	0.00020141310233157128
139	0.9970121383666992	0.0028000827878713608	0.00018779370293486863	0.9967918992042542	0.00301710469648242	0.0001909702259581536
140	0.9960399866104126	0.0037729162722826004	0.00018710260337684304	0.9960548877716064	0.00378795457072556	0.00015714092296548188
141	0.997007429599762	0.0027918741106987	0.00020073907217010856	0.9968642592430115	0.002923734951764345	0.00021193950669839978
142	0.9971644282341003	0.002632920630276203	0.00020259733719285578	0.9973301887512207	0.0024564319755882025	0.00021334261691663414
143	0.9967932105064392	0.003053212072700262	0.0001535915507702157	0.9967616200447083	0.0030780399683862925	0.00016039541515056044
144	0.9929127097129822	0.006933392956852913	0.00015395272930618376	0.9934686422348022	0.006369356065988541	0.00016198738012462854
145	0.9923495054244995	0.0071245948784053326	0.0005258712917566299	0.9898899793624878	0.00952239241451025	0.0005876257782801986
146	0.7816609144210815	0.08573226630687714	0.1326068937778473	0.9409685730934143	0.027422958984971046	0.03160839527845383
147	0.9891650080680847	0.01063601579517126	0.00019900874758604914	0.992931604385376	0.006850734353065491	0.0002176066773245111
148	0.9949192404747009	0.0048803468234837055	0.0002004394045798108	0.993881344795227	0.0059197708033025265	0.0001989164884435013
149	0.9960571527481079	0.0037646121345460415	0.00017826593830250204	0.9958051443099976	0.004024193622171879	0.0001706729963188991
150	0.9389880299568176	0.058220233768224716	0.002791736042127013	0.6664328575134277	0.3272544741630554	0.006312674377113581
151	0.9952221512794495	0.0045538307167589664	0.00022402513423003256	0.986562967300415	0.01328175887465477	0.00015518917643930763
152	0.994175136089325	0.00569005636498332	0.00013488941476680338	0.9930741786956787	0.006796653848141432	0.00012914779654238373
153	0.9928134083747864	0.006979943718761206	0.00020665618649218231	0.7517776489257812	0.24702435731887817	0.0011979524279013276
154	0.9962760210037231	0.003501090221107006	0.00022290328342933208	0.9943962097167969	0.005310485605150461	0.0002932872739620507
155	0.989474892616272	0.010174390859901905	0.0003507074434310198	0.9901386499404907	0.009570763446390629	0.00029054979677312076
156	0.995374858379364	0.004337775986641645	0.00028744389419443905	0.9956716299057007	0.004046069923788309	0.0002823325921781361
157	0.9963849782943726	0.003426844021305442	0.00018814562645275146	0.99558025598526	0.004206341225653887	0.00021335939527489245
158	0.9963801503181458	0.0034133391454815865	0.00020655103435274214	0.9835542440414429	0.016102714464068413	0.00034306355519220233
159	0.9834932088851929	0.016079364344477654	0.00042739411583170295	0.9907189011573792	0.008940531872212887	0.0003406029718462378
160	0.9909626841545105	0.008428533561527729	0.0006088258814997971	0.5940271615982056	0.35378628969192505	0.052186571061611176
161	0.996634304523468	0.003193945623934269	0.00017177451809402555	0.9968247413635254	0.0030123062897473574	0.00016302871517837048
162	0.9949814677238464	0.00483838701620698	0.00018011269276030362	0.9949483871459961	0.004862044472247362	0.00018956487474497408
163	0.9968618154525757	0.0029977294616401196	0.0001405233342666179	0.9969559907913208	0.0029090801253914833	0.00013488710101228207
164	0.9955847859382629	0.00424211798235774	0.00017308068345300853	0.9958280920982361	0.003993193618953228	0.00017866790585685521
165	0.9914624094963074	0.00834175106137991	0.00019581591186579317	0.9926601052284241	0.007155922707170248	0.00018400640692561865
166	0.9962431192398071	0.003525590756908059	0.00023127297754399478	0.9950258135795593	0.004736508708447218	0.00023770154803059995
167	0.9938353300094604	0.005956932902336121	0.0002077845565509051	0.9936655163764954	0.006120198871940374	0.00021420618577394634
168	0.9926538467407227	0.007094576023519039	0.0002515881205908954	0.9948899745941162	0.004900303669273853	0.00020973225764464587
169	0.9941542744636536	0.005639337468892336	0.00020637853594962507	0.9938516616821289	0.005918818060308695	0.00022950097627472132
170	0.99187171459198	0.00795019045472145	0.00017815674073062837	0.9474624395370483	0.051611848175525665	0.0009257452329620719
171	0.9729884266853333	0.026353292167186737	0.0006582284695468843	0.9378005266189575	0.060837943106889725	0.0013614973286166787
172	0.8718836307525635	0.10530716180801392	0.02280917391180992	0.9631232619285583	0.029963048174977303	0.0069137029349803925
173	0.9965303540229797	0.003316259942948818	0.0001533624017611146	0.9960513710975647	0.003786348504945636	0.0001622652926016599
174	0.995412290096283	0.00443938747048378	0.00014832998567726463	0.9953136444091797	0.004532370716333389	0.0001539558870717883
175	0.9953712821006775	0.004207660909742117	0.0004211039049550891	0.9954989552497864	0.004108048509806395	0.0003929700469598174
176	0.9938596487045288	0.005951749160885811	0.0001886163227027282	0.9933683276176453	0.006451696157455444	0.0001800023892428726
177	0.9907955527305603	0.008974759839475155	0.00022974594321567565	0.9913574457168579	0.008377456106245518	0.0002651507093105465
178	0.9955061674118042	0.004200576804578304	0.0002932597999460995	0.994867205619812	0.004844065755605698	0.0002887142763938755
179	0.9954460859298706	0.0044142077676951885	0.00013968246639706194	0.9957767128944397	0.004083452746272087	0.00013983630924485624
180	0.9948455095291138	0.005019809119403362	0.0001346814096905291	0.997040331363678	0.002784044248983264	0.00017565229791216552
181	0.9965116381645203	0.003295457921922207	0.00019287395116407424	0.9962183833122253	0.0035577467642724514	0.0002239230670966208
182	0.9938713312149048	0.005939916707575321	0.00018875548266805708	0.9888933300971985	0.010877971537411213	0.00022867241932544857
183	0.9857920408248901	0.013599266298115253	0.0006087765214033425	0.9860440492630005	0.013377995230257511	0.0005779152852483094
184	0.959799587726593	0.03951864689588547	0.0006817508838139474	0.9833709001541138	0.016173016279935837	0.0004560610104817897
185	0.9952750205993652	0.004490578081458807	0.0002344368549529463	0.9901171326637268	0.009617566131055355	0.00026530027389526367
186	0.9925622344017029	0.006483200006186962	0.0009545999928377569	0.992807149887085	0.006476706825196743	0.0007161817047744989
187	0.9934739470481873	0.006381507962942123	0.0001444845402147621	0.9934841990470886	0.006317231338471174	0.00019862850604113191
188	0.9927667379379272	0.0069550140760838985	0.00027821221738122404	0.9928056597709656	0.00693176593631506	0.0002625653869472444
