0	0.0023595246020704508	0.9970388412475586	0.0006016503903083503	0.9933183193206787	0.0064888810738921165	0.00019280784181319177
1	0.0019707120954990387	0.9967355132102966	0.0012936725979670882	0.9910831451416016	0.008438835851848125	0.00047807800001464784
2	0.06735637784004211	0.9291628003120422	0.00348091428168118	0.9923617839813232	0.007213012780994177	0.00042514974484220147
3	0.0006010773358866572	0.9983012676239014	0.001097601605579257	0.9939038157463074	0.005588453728705645	0.0005076521192677319
4	0.0019038146128877997	0.9976564645767212	0.0004397087323013693	0.9942108392715454	0.005588887725025415	0.0002003257250180468
5	0.028072301298379898	0.9706722497940063	0.0012553748674690723	0.975879430770874	0.023520806804299355	0.000599746301304549
6	0.0012780476827174425	0.9982948899269104	0.00042714315350167453	0.9921127557754517	0.007590758614242077	0.0002965080493595451
7	0.017252564430236816	0.9811002016067505	0.0016472185961902142	0.9940270185470581	0.005759631749242544	0.00021328998263925314
8	0.16009929776191711	0.8389623165130615	0.0009383837459608912	0.9947571754455566	0.004986107349395752	0.00025677919620648026
9	0.01111853402107954	0.9884522557258606	0.0004291650839149952	0.9903790950775146	0.009367845021188259	0.0002530772762838751
10	0.004212371073663235	0.9947740435600281	0.0010135193588212132	0.9939391613006592	0.005561987869441509	0.0004988089785911143
11	0.3105382025241852	0.6845802664756775	0.00488145649433136	0.9950704574584961	0.004603011067956686	0.00032655862742103636
12	0.04014892876148224	0.9587114453315735	0.0011396987829357386	0.9885882139205933	0.011035257950425148	0.00037646538112312555
13	0.034913405776023865	0.9644401669502258	0.0006465124315582216	0.990571916103363	0.009190646931529045	0.0002374163013882935
14	0.0120317367836833	0.9843401908874512	0.0036280604545027018	0.9952763319015503	0.004335394594818354	0.0003882941964548081
15	0.8035101294517517	0.1957644522190094	0.0007254246738739312	0.9962092638015747	0.0036041068378835917	0.00018661045760381967
16	0.0844663754105568	0.9129894971847534	0.002544016344472766	0.9921672940254211	0.0074373772367835045	0.0003953588311560452
17	0.0002718207542784512	0.9988271594047546	0.0009009535424411297	0.9697133302688599	0.029638035222887993	0.000648669374641031
18	0.0005793019663542509	0.9973879456520081	0.0020328296814113855	0.9885638952255249	0.010995382443070412	0.0004407551896292716
19	0.013977184891700745	0.9847707152366638	0.0012521273456513882	0.9876188039779663	0.01190203707665205	0.0004791510000359267
20	0.005305760074406862	0.9942605495452881	0.0004337333084549755	0.9927787184715271	0.00691548315808177	0.0003058130678255111
21	0.0014562731375917792	0.9978821873664856	0.0006615573656745255	0.9937082529067993	0.005981365218758583	0.0003103237831965089
22	0.0006270829471759498	0.9989199638366699	0.0004529377620201558	0.9775500297546387	0.021739404648542404	0.0007105952245183289
23	0.002379106590524316	0.9970234036445618	0.0005974824889563024	0.9952976107597351	0.004488712176680565	0.00021371705224737525
24	0.000689385924488306	0.9963698387145996	0.0029408230911940336	0.9927102327346802	0.006864338181912899	0.0004253726510796696
25	0.05184510722756386	0.9464606046676636	0.00169434305280447	0.9850446581840515	0.014351647347211838	0.0006036500562913716
26	0.027334311977028847	0.9710412621498108	0.0016243790742009878	0.9941844344139099	0.005461052060127258	0.0003545115177985281
27	0.14408721029758453	0.8519223928451538	0.003990376368165016	0.9914108514785767	0.00813092477619648	0.00045821210369467735
28	0.003795875236392021	0.9957298636436462	0.00047426612582057714	0.9912120699882507	0.008500946685671806	0.00028697209199890494
29	0.000525875308085233	0.9987339377403259	0.000740217452403158	0.9769057035446167	0.0217856727540493	0.001308644306845963
30	0.0017098544631153345	0.9971605539321899	0.0011296113952994347	0.9872971773147583	0.012085218913853168	0.0006176235037855804
31	0.00018580170581117272	0.9979167580604553	0.0018974307458847761	0.9784983992576599	0.018361855298280716	0.00313980202190578
32	0.00032972131157293916	0.9989350438117981	0.000735161011107266	0.9809365272521973	0.018479088321328163	0.0005844502011314034
33	0.0006569320685230196	0.9981483221054077	0.0011947682360187173	0.993386447429657	0.00594441220164299	0.0006692044553346932
34	0.0020047659054398537	0.9975851774215698	0.00040998615440912545	0.9885358214378357	0.010889511555433273	0.0005747381364926696
35	0.022968530654907227	0.9764537811279297	0.0005776954931207001	0.9958618879318237	0.0039037896785885096	0.00023430836154147983
36	0.05891554430127144	0.9377717971801758	0.0033126231282949448	0.9918673634529114	0.007574839051812887	0.0005577981937676668
37	0.004504626616835594	0.9951125979423523	0.00038286365452222526	0.9942439198493958	0.005591166205704212	0.00016487838001921773
38	0.03751711919903755	0.9602386355400085	0.002244282513856888	0.9961368441581726	0.0035920445807278156	0.0002710883563850075
39	0.031704504042863846	0.9668134450912476	0.0014820562209933996	0.9953950047492981	0.0043482184410095215	0.00025679272948764265
40	0.000754842534661293	0.9988960027694702	0.0003491510287858546	0.9899992346763611	0.00965570192784071	0.00034501482150517404
41	0.0012333996128290892	0.9978321194648743	0.0009344479767605662	0.9938836097717285	0.005834899842739105	0.00028148284764029086
42	0.006602292414754629	0.9903996586799622	0.0029980025719851255	0.9905421137809753	0.008988874033093452	0.00046895432751625776
43	0.8340564966201782	0.1651589274406433	0.0007845759391784668	0.9907324314117432	0.00904281809926033	0.00022470361727755517
44	0.0006454249960370362	0.9974350333213806	0.0019196115899831057	0.9905562996864319	0.00898384302854538	0.00045991988736204803
45	0.0005215961718931794	0.9973587393760681	0.0021196326706558466	0.9863786697387695	0.012996788136661053	0.0006245368858799338
46	0.07299899309873581	0.9253085851669312	0.00169244478456676	0.9884485602378845	0.011065575294196606	0.0004858203465119004
47	0.0026412736624479294	0.9961363673210144	0.0012222836958244443	0.9931209683418274	0.006437795702368021	0.0004412050184328109
48	0.002020479179918766	0.9914668798446655	0.006512583699077368	0.9926465749740601	0.006772851105779409	0.0005805216496810317
49	0.24381345510482788	0.7545569539070129	0.0016296695685014129	0.9952327609062195	0.004509731661528349	0.0002574710233602673
50	0.045878294855356216	0.9527543783187866	0.001367368851788342	0.9940203428268433	0.005745170637965202	0.00023446463455911726
51	0.011104149743914604	0.987989068031311	0.0009067666833288968	0.992969810962677	0.00675014965236187	0.00028003923944197595
52	0.0736670270562172	0.9232068061828613	0.0031261120457202196	0.9939383268356323	0.005572187714278698	0.0004894701414741576
53	0.008040420711040497	0.9907592535018921	0.0012003659503534436	0.9855086207389832	0.014052257873117924	0.000439090741565451
54	0.000820385932456702	0.9985268115997314	0.000652762595564127	0.9896239638328552	0.00992532167583704	0.00045067662722431123
55	0.25446617603302	0.742836594581604	0.00269726081751287	0.9944018721580505	0.005181416869163513	0.000416764582041651
56	0.1725722998380661	0.8247665166854858	0.0026611106004565954	0.9955742359161377	0.004131861962378025	0.0002939286350738257
57	0.3149367868900299	0.6593252420425415	0.025738006457686424	0.9898780584335327	0.009485485032200813	0.0006364573491737247
58	0.004825806710869074	0.9937421679496765	0.0014319359324872494	0.9940263032913208	0.005594923626631498	0.0003787280002143234
59	0.7545710802078247	0.24351604282855988	0.0019128809217363596	0.9948175549507141	0.004898496437817812	0.0002839538792613894
60	0.18233169615268707	0.8099124431610107	0.007755918428301811	0.9947275519371033	0.005043358542025089	0.00022912301938049495
61	0.0012479183496907353	0.9979768395423889	0.0007751498487778008	0.9891970753669739	0.01047031581401825	0.00033256239839829504
62	0.0013493102742359042	0.99822598695755	0.0004246766911819577	0.9804125428199768	0.019008615985512733	0.0005788691341876984
63	0.008572623133659363	0.9906176924705505	0.000809720775578171	0.9954114556312561	0.004261125810444355	0.00032741972245275974
64	0.011197465471923351	0.987937867641449	0.0008646639180369675	0.9899415373802185	0.00981814879924059	0.0002402903774054721
65	0.22923439741134644	0.7684391736984253	0.0023264146875590086	0.9926685094833374	0.006916097365319729	0.0004154021735303104
66	0.006937846075743437	0.9923515915870667	0.0007105925469659269	0.9903959631919861	0.009258934296667576	0.00034509843681007624
67	0.001488647423684597	0.9980214834213257	0.0004899482592009008	0.9779672622680664	0.021518856287002563	0.0005138958222232759
68	0.012243684381246567	0.9867506623268127	0.0010055596940219402	0.9941723942756653	0.005535323638468981	0.0002922274579759687
69	0.021898234263062477	0.9769858717918396	0.0011158458655700088	0.9866383075714111	0.012779565528035164	0.0005821618251502514
70	0.005352226551622152	0.9941701889038086	0.0004775815468747169	0.9898470044136047	0.009876701980829239	0.00027629727264866233
71	0.013521998189389706	0.9853509664535522	0.0011270991526544094	0.9850954413414001	0.014337284490466118	0.0005671960534527898
72	0.0009239209466613829	0.9923202395439148	0.006755925249308348	0.9894798398017883	0.009741703979671001	0.000778489513322711
73	0.01584366336464882	0.982833206653595	0.0013231408083811402	0.9955539107322693	0.004269680008292198	0.0001764022745192051
74	0.0191554743796587	0.9795874357223511	0.0012571285478770733	0.9928770661354065	0.006946874316781759	0.0001760786835802719
75	0.005960351787507534	0.9929772019386292	0.0010624331189319491	0.9856708645820618	0.01400797814130783	0.00032111615291796625
76	0.00043152685975655913	0.9990749359130859	0.0004935693577863276	0.9828999638557434	0.01655537635087967	0.0005446592695079744
77	0.888847827911377	0.11033853143453598	0.000813622900750488	0.992770254611969	0.007036059629172087	0.00019361937302164733
78	0.00353561551310122	0.9956207871437073	0.0008436762727797031	0.9858248233795166	0.013867683708667755	0.0003074675041716546
79	0.004408402368426323	0.9951173067092896	0.0004742718592751771	0.9933168888092041	0.006473811808973551	0.0002092191862175241
80	0.21081894636154175	0.7854459285736084	0.0037352198269218206	0.9924958944320679	0.006922443397343159	0.0005816994816996157
81	0.007942992262542248	0.9910049438476562	0.0010521415388211608	0.9902206659317017	0.009313974529504776	0.000465295190224424
82	0.04130861535668373	0.9581226110458374	0.000568821735214442	0.9931854009628296	0.006578890606760979	0.00023573587532155216
83	0.35659846663475037	0.6412044167518616	0.0021971159148961306	0.9954438209533691	0.004349227994680405	0.00020691640384029597
84	0.0003363968862686306	0.9991375207901001	0.0005261296755634248	0.9878446459770203	0.011676064692437649	0.00047930949949659407
85	0.020702354609966278	0.9782060384750366	0.0010916136670857668	0.9915949702262878	0.008161477744579315	0.00024355028290301561
86	0.013903636485338211	0.9844197630882263	0.0016765971668064594	0.9894376993179321	0.010264483280479908	0.00029787811217829585
87	0.0749395415186882	0.9195268154144287	0.005533656571060419	0.9820417165756226	0.01759365200996399	0.00036465705488808453
88	0.0003232507733628154	0.9991788268089294	0.0004979236400686204	0.9870622754096985	0.012612286023795605	0.0003254192415624857
89	0.0011864252155646682	0.9984555244445801	0.0003579936164896935	0.982554018497467	0.01706373691558838	0.00038228300400078297
90	0.006128560286015272	0.9926725029945374	0.001198898651637137	0.9936085939407349	0.005980887915939093	0.0004105749540030956
91	0.03459884226322174	0.959821879863739	0.005579355172812939	0.989932656288147	0.008998498320579529	0.001068867277354002
92	0.006081503350287676	0.9930205941200256	0.0008979203994385898	0.9954162836074829	0.004281262867152691	0.00030249598785303533
93	0.0004786305071320385	0.9984887838363647	0.0010325934272259474	0.9656000733375549	0.031416155397892	0.0029837419278919697
94	0.2645961344242096	0.7313721179962158	0.004031789023429155	0.9934403300285339	0.006153827533125877	0.0004058354825247079
95	0.005780545528978109	0.9909079074859619	0.003311554668471217	0.9939736723899841	0.005706122610718012	0.0003201882354915142
96	0.17705821990966797	0.8211683034896851	0.0017735009314492345	0.9947919249534607	0.005000980570912361	0.00020711759862024337
97	0.0031379128340631723	0.9965707063674927	0.0002914132783189416	0.9930001497268677	0.006670992821455002	0.00032888518762774765
98	0.0020417117048054934	0.9974251985549927	0.000533121288754046	0.9905083179473877	0.00921946857124567	0.0002721834753174335
99	0.03749251365661621	0.9576756954193115	0.004831699654459953	0.9957197308540344	0.003979433327913284	0.0003008864005096257
100	0.5263432264328003	0.47124961018562317	0.002407178282737732	0.9955945611000061	0.00409422954544425	0.00031114983721636236
101	0.004193390253931284	0.9942979216575623	0.0015088138170540333	0.9860418438911438	0.012679019011557102	0.0012790824985131621
102	0.008119710721075535	0.9901573657989502	0.0017229736549779773	0.9610565304756165	0.036932673305273056	0.0020107717718929052
103	0.00044591305777430534	0.998340368270874	0.0012136545265093446	0.9954955577850342	0.004257906693965197	0.00024657484027557075
104	0.9122186899185181	0.08627307415008545	0.0015082048485055566	0.9957242012023926	0.0038934703916311264	0.00038235948886722326
105	0.6836442947387695	0.3141573369503021	0.0021984062623232603	0.9894911050796509	0.010243844240903854	0.00026496266946196556
106	0.0007048577535897493	0.9978160858154297	0.0014790418790653348	0.9901740550994873	0.009410828351974487	0.0004150777531322092
107	0.08302029967308044	0.9142738580703735	0.002705940743908286	0.9871695041656494	0.012511707842350006	0.00031881811446510255
108	0.008473210036754608	0.9898292422294617	0.001697506639175117	0.9891820549964905	0.009769129566848278	0.0010488340631127357
109	0.00018148290109820664	0.9960322976112366	0.0037862705066800117	0.9805522561073303	0.01618949882686138	0.0032582185231149197
110	0.09461041539907455	0.9015771150588989	0.003812544047832489	0.9926010966300964	0.0065253498032689095	0.000873531389515847
111	0.0163800660520792	0.9822559356689453	0.0013640359975397587	0.9953057169914246	0.0044482056982815266	0.0002460920950397849
112	0.011254972778260708	0.9881983399391174	0.000546748866327107	0.9927847385406494	0.006975613068789244	0.00023962931300047785
113	0.00648835813626647	0.9929990768432617	0.0005125129828229547	0.9929152727127075	0.0068762172013521194	0.00020849891006946564
114	0.012402490712702274	0.9871982932090759	0.00039919919800013304	0.9938758015632629	0.0059500583447515965	0.0001741689775371924
115	0.001025315490551293	0.9980558156967163	0.000918857695069164	0.9917352199554443	0.007834859192371368	0.000429914245614782
116	0.004761946853250265	0.9945959448814392	0.0006421314901672304	0.9927687644958496	0.006865859497338533	0.00036544271279126406
117	0.004314080812036991	0.9950127005577087	0.0006730958120897412	0.9918230175971985	0.007382427807897329	0.0007945907418616116
118	0.007370038889348507	0.9912011623382568	0.0014288269449025393	0.9949014186859131	0.00474516861140728	0.0003534391871653497
119	0.03035849519073963	0.9675838947296143	0.0020576927345246077	0.9912974834442139	0.00849652849137783	0.00020601798314601183
120	0.10350456088781357	0.8930693864822388	0.0034261054825037718	0.9929099678993225	0.006760027725249529	0.0003299277741461992
121	0.001626159530133009	0.9974325299263	0.00094130594516173	0.9899993538856506	0.00927501916885376	0.0007256260141730309
122	0.0012155547738075256	0.9982788562774658	0.0005057047819718719	0.9959343671798706	0.003764320397749543	0.00030130043160170317
123	0.0024443739093840122	0.9966352581977844	0.0009204319794662297	0.988038182258606	0.011556151323020458	0.0004056294565089047
124	0.2226022332906723	0.7743321657180786	0.0030656708404421806	0.994210958480835	0.005480198655277491	0.0003088962403126061
125	0.015249308198690414	0.967319667339325	0.017431043088436127	0.9898911714553833	0.009759756736457348	0.00034906092332676053
126	0.008420007303357124	0.9901485443115234	0.0014313518768176436	0.990871250629425	0.008859946392476559	0.0002688511449377984
127	0.3979480266571045	0.5992639660835266	0.0027879762928932905	0.9932394027709961	0.006550205405801535	0.00021044007735326886
128	0.0024546124041080475	0.9970500469207764	0.0004952657036483288	0.9911392331123352	0.008567363023757935	0.0002934299409389496
129	0.0006150254630483687	0.9987481832504272	0.0006366869783960283	0.987211287021637	0.01202975120395422	0.0007589164306409657
130	0.13368062674999237	0.8636027574539185	0.0027166095096617937	0.9955541491508484	0.0041268132627010345	0.00031899590976536274
131	0.003522139973938465	0.9959768652915955	0.0005009819869883358	0.9931974411010742	0.006491260603070259	0.0003113140701316297
132	0.006633409298956394	0.992643415927887	0.0007232168572954834	0.9919644594192505	0.007796081714332104	0.00023940985556691885
133	0.01455102488398552	0.9841994047164917	0.0012496275594457984	0.9856715798377991	0.013996537774801254	0.000331961055053398
134	0.005185827612876892	0.9935352802276611	0.0012788507156074047	0.9834943413734436	0.01604827493429184	0.0004573409096337855
135	0.006955021061003208	0.9923105239868164	0.0007345184567384422	0.9912306070327759	0.00852889847010374	0.00024049499188549817
136	0.0011787523981183767	0.9968044757843018	0.0020167760085314512	0.9932506680488586	0.0063011120073497295	0.0004481544310692698
137	0.5756523013114929	0.42280176281929016	0.0015459228307008743	0.9931182861328125	0.006547926459461451	0.000333842501277104
138	0.002053583739325404	0.9969621300697327	0.0009843073785305023	0.9928261041641235	0.0068649533204734325	0.0003090151003561914
139	0.0010403813794255257	0.9985199570655823	0.00043969202670268714	0.9957640171051025	0.0040032388642430305	0.00023271031386684626
140	0.08076175302267075	0.918708324432373	0.0005299834883771837	0.9948704242706299	0.004945802502334118	0.00018379668472334743
141	0.008701343089342117	0.9899052977561951	0.0013932987349107862	0.9943009614944458	0.005299469456076622	0.0003995811566710472
142	0.0019829380325973034	0.9973601698875427	0.0006568676908500493	0.9956973791122437	0.003932763356715441	0.00036986704799346626
143	0.03288030996918678	0.965115487575531	0.0020041309762746096	0.9884315729141235	0.011239376850426197	0.0003290353633929044
144	0.00034430561936460435	0.9990648627281189	0.000590879179071635	0.9841559529304504	0.015459278598427773	0.00038472673622891307
145	0.0009111971594393253	0.9969673752784729	0.002121374709531665	0.9930712580680847	0.006449450273066759	0.000479264825116843
146	0.0003862852172460407	0.9976794123649597	0.0019343072781339288	0.9835832715034485	0.015255704522132874	0.0011610400397330523
147	0.0009521964238956571	0.9924802780151367	0.006567536853253841	0.9747236371040344	0.02352677658200264	0.0017496492946520448
148	0.01706438697874546	0.9790715575218201	0.0038641223218292	0.9942606687545776	0.005367041565477848	0.00037230533780530095
149	0.04827679693698883	0.951070249080658	0.0006529528181999922	0.9946331977844238	0.00513503048568964	0.00023177731782197952
150	0.0005173860699869692	0.9982917904853821	0.0011907315347343683	0.9894123673439026	0.010053119622170925	0.0005345114623196423
151	0.010028889402747154	0.9883147478103638	0.0016563968965783715	0.9898012280464172	0.009828967042267323	0.00036981917219236493
152	0.1293214112520218	0.8694142699241638	0.0012643811060115695	0.99281245470047	0.007016289979219437	0.00017131207277998328
153	0.001364383613690734	0.9981197714805603	0.0005158549174666405	0.9921090006828308	0.007441115099936724	0.0004498379130382091
154	0.00026411324506625533	0.9991137385368347	0.000622116553131491	0.9891513586044312	0.010094914585351944	0.0007537142955698073
155	0.021193519234657288	0.9777711629867554	0.001035248045809567	0.9857036471366882	0.013791881501674652	0.000504502619151026
156	0.0017983474535867572	0.9967251420021057	0.0014766092645004392	0.9872879981994629	0.011778767220675945	0.0009332583285868168
157	0.013201255351305008	0.9864209890365601	0.00037768614129163325	0.9933063387870789	0.006170935463160276	0.0005227950168773532
158	0.02248057723045349	0.9760153293609619	0.0015040254220366478	0.9940045475959778	0.0056760115548968315	0.0003194423916283995
159	0.031206972897052765	0.9680907726287842	0.0007022750796750188	0.9907703399658203	0.008777005597949028	0.0004526045231614262
160	0.9898505210876465	0.009655619040131569	0.0004938195925205946	0.9938684105873108	0.0058107380755245686	0.00032083195401355624
161	0.002876032143831253	0.996385931968689	0.0007381016039289534	0.9915317893028259	0.008070738054811954	0.00039739240310154855
162	0.00023340956249739975	0.9991552829742432	0.0006113030249252915	0.9839112758636475	0.015649398788809776	0.0004393683047965169
163	0.0722549557685852	0.9269981384277344	0.0007468683179467916	0.9949072003364563	0.004844214301556349	0.0002485180157236755
164	0.000712752400431782	0.9988729357719421	0.0004143210535403341	0.9922276139259338	0.007482101675122976	0.00029020747751928866
165	0.4639878273010254	0.5336595773696899	0.0023526353761553764	0.990842342376709	0.008908540941774845	0.0002491642371751368
166	0.0016156036872416735	0.9979827404022217	0.00040159773197956383	0.9944150447845459	0.005260271951556206	0.0003247074782848358
167	0.007451081648468971	0.9901306629180908	0.0024183085188269615	0.9910885095596313	0.008589417673647404	0.00032206307514570653
168	0.011256512254476547	0.9875891804695129	0.0011543647851794958	0.9820889234542847	0.01725020632147789	0.0006608827970921993
169	0.9425022006034851	0.055772244930267334	0.0017255928833037615	0.9952801465988159	0.004402243997901678	0.0003176699683535844
170	0.0009811404161155224	0.9985138773918152	0.0005049816099926829	0.9746821522712708	0.024796683341264725	0.0005211440729908645
171	0.08313737064599991	0.9152540564537048	0.0016086080577224493	0.9951915740966797	0.004509510472416878	0.00029888463905081153
172	0.000977623974904418	0.9983806610107422	0.0006416821270249784	0.9932243227958679	0.006402835249900818	0.00037280929973348975
173	0.12649492919445038	0.8717102408409119	0.0017948400927707553	0.9935306906700134	0.006172234658151865	0.0002971383510157466
174	0.050577595829963684	0.9481075406074524	0.0013149360893294215	0.9947085380554199	0.005050676874816418	0.0002407801803201437
175	0.0003724185226019472	0.9985440969467163	0.0010834266431629658	0.9923664927482605	0.007054939866065979	0.0005785910761915147
176	0.14058314263820648	0.8575775027275085	0.0018392959609627724	0.9924310445785522	0.007309252861887217	0.000259689666563645
177	0.0007003443315625191	0.9986066222190857	0.0006930615636520088	0.9796165227890015	0.019654391333460808	0.0007290649809874594
178	0.03749536722898483	0.9614617824554443	0.0010428971145302057	0.9914767146110535	0.008178933523595333	0.0003442847228143364
179	0.0014352446887642145	0.997921884059906	0.0006428665365092456	0.9937490224838257	0.006035580299794674	0.0002154401590814814
180	0.001902880845591426	0.997606635093689	0.0004904526867903769	0.9914947748184204	0.008148396387696266	0.0003568095853552222
181	0.0021741818636655807	0.9972545504570007	0.0005712619749829173	0.9948811531066895	0.00482923723757267	0.00028958640177734196
182	0.19023747742176056	0.8064162731170654	0.0033462324645370245	0.9870752692222595	0.012498856522142887	0.00042580303852446377
183	0.09563713520765305	0.8989850878715515	0.005377753637731075	0.9904811978340149	0.00903914961963892	0.00047967684804461896
184	0.01529608853161335	0.9831088185310364	0.0015952005051076412	0.9874492883682251	0.012163632549345493	0.0003871059452649206
185	0.015269627794623375	0.9820840954780579	0.0026462397072464228	0.9923460483551025	0.00727218808606267	0.0003817042161244899
186	0.003722309833392501	0.9949488639831543	0.001328704529441893	0.9869095683097839	0.012180843390524387	0.0009095569839701056
187	0.0012872657971456647	0.9982829093933105	0.00042981308070011437	0.9884124398231506	0.011238928884267807	0.00034864837653003633
188	0.01393840927630663	0.9834769368171692	0.002584719331935048	0.9904283285140991	0.009072594344615936	0.0004990790621377528
