0	0.9908813238143921	0.008832041174173355	0.00028663157718256116	0.976625919342041	0.023181969299912453	0.0001921045477502048
1	0.9801399111747742	0.018704913556575775	0.0011550929630175233	0.0004262361326254904	0.9985472559928894	0.0010264907032251358
2	0.0060729580000042915	0.002091216156259179	0.9918357729911804	0.0006529539823532104	0.0011473970953375101	0.9981997013092041
3	0.9949144124984741	0.004806040320545435	0.00027951347874477506	0.9954102635383606	0.004433352034538984	0.00015636361786164343
4	0.9910247325897217	0.008681981824338436	0.00029330397956073284	0.0017776639433577657	0.9978389143943787	0.0003834563249256462
5	0.97209632396698	0.022101115435361862	0.005802573636174202	0.0016127994749695063	0.9962581396102905	0.0021290434524416924
6	0.9892242550849915	0.009014005772769451	0.0017616748809814453	0.004525884985923767	0.9945953488349915	0.0008788177510723472
7	0.9911738038063049	0.008307857438921928	0.0005183067405596375	0.06991303712129593	0.9292290806770325	0.0008579522254876792
8	0.9847626686096191	0.014577018097043037	0.0006603263900615275	0.0014618805143982172	0.9979199767112732	0.0006181030767038465
9	0.9932530522346497	0.006510173436254263	0.00023682478058617562	0.002231546677649021	0.997394323348999	0.0003742121043615043
10	0.9944943785667419	0.004949834663420916	0.0005557475960813463	0.770199716091156	0.22896762192249298	0.0008326696115545928
11	0.99458247423172	0.004857316147536039	0.0005602286546491086	0.17098450660705566	0.8278350830078125	0.001180341118015349
12	0.980324923992157	0.01895729824900627	0.0007177632651291788	0.10814740508794785	0.8904258012771606	0.0014268560335040092
13	0.9827719330787659	0.0168201494961977	0.0004078766505699605	0.0034344159066677094	0.9963239431381226	0.0002416897186776623
14	0.9961997866630554	0.0036190273240208626	0.000181141120265238	0.996274471282959	0.0035804021172225475	0.00014519822434522212
15	0.9969648718833923	0.0027767950668931007	0.0002583676832728088	0.015959763899445534	0.9824652075767517	0.0015750158345326781
16	0.9804708957672119	0.016677647829055786	0.0028514068108052015	0.0027354296762496233	0.9893130660057068	0.00795153621584177
17	0.9852088689804077	0.013826826587319374	0.0009643493103794754	0.0838901475071907	0.9152425527572632	0.0008672844269312918
18	0.9918085932731628	0.007762002758681774	0.0004294535028748214	0.09975051879882812	0.8995078802108765	0.0007416114676743746
19	0.9941434264183044	0.005175729747861624	0.0006808492471463978	0.9596885442733765	0.039920419454574585	0.0003910444211214781
20	0.9957077503204346	0.0041032033041119576	0.0001889809500426054	0.9927904605865479	0.00704843970015645	0.00016104223323054612
21	0.9709470868110657	0.025300614535808563	0.0037522821221500635	0.3319142162799835	0.6589625477790833	0.00912324246019125
22	0.995917022228241	0.0038450947031378746	0.00023791535932105035	0.7833694219589233	0.2161681354045868	0.00046247916179709136
23	0.9717388153076172	0.026986122131347656	0.0012750839814543724	0.008854947052896023	0.9900774955749512	0.0010675626108422875
24	0.9939569234848022	0.005686548538506031	0.00035644727176986635	0.005730819422751665	0.993894636631012	0.000374469964299351
25	0.9890539646148682	0.010145132429897785	0.0008008895674720407	0.6529076099395752	0.3455510139465332	0.00154137855861336
26	0.9927734732627869	0.006837265565991402	0.00038928224239498377	0.01648445799946785	0.9831479787826538	0.00036756336339749396
27	0.9930636286735535	0.006423650309443474	0.0005127552431076765	0.1262766420841217	0.8730650544166565	0.0006583305075764656
28	0.9748528599739075	0.022087806835770607	0.003059330163523555	0.00217939424328506	0.9838962554931641	0.013924378901720047
29	0.990974485874176	0.00864416267722845	0.0003813210059888661	0.003799870377406478	0.9956022500991821	0.0005978944827802479
30	0.9927384257316589	0.007075979374349117	0.0001855358568718657	0.9868632555007935	0.012890089303255081	0.00024668953847140074
31	0.9830323457717896	0.015097935684025288	0.001869710860773921	0.003094756044447422	0.9752437472343445	0.021661454811692238
32	0.9909245371818542	0.008422130718827248	0.0006534201093018055	0.004012163728475571	0.9945810437202454	0.0014068110613152385
33	0.9719122648239136	0.026499878615140915	0.0015878608683124185	0.024627653881907463	0.9734742641448975	0.0018980386666953564
34	0.9565132856369019	0.04198860377073288	0.0014981544809415936	0.0030453167855739594	0.9966400861740112	0.00031463077175430954
35	0.9807716012001038	0.01741933450102806	0.0018090893281623721	0.0019771892111748457	0.9966344237327576	0.0013883748324587941
36	0.9706978797912598	0.028256731107831	0.0010453545255586505	0.00047779452870599926	0.9990354776382446	0.00048675283323973417
37	0.9905282258987427	0.008884165436029434	0.0005875906790606678	0.9931414723396301	0.006582274101674557	0.00027631153352558613
38	0.9698742032051086	0.026597408577799797	0.003528357483446598	0.0024481634609401226	0.9961751699447632	0.0013765713665634394
39	0.9951744675636292	0.0045771123841404915	0.0002484589349478483	0.44746869802474976	0.5509898066520691	0.001541546662338078
40	0.9962738752365112	0.0031090653501451015	0.0006171008571982384	0.004685213323682547	0.9942178726196289	0.0010968581773340702
41	0.9833012819290161	0.016149276867508888	0.0005494103534147143	0.21385742723941803	0.7852913737297058	0.0008512172498740256
42	0.9887250065803528	0.010934402234852314	0.00034054499701596797	0.1434476524591446	0.8546790480613708	0.0018733212491497397
43	0.9876236915588379	0.012061238288879395	0.00031502245110459626	0.06036810949444771	0.9391235113143921	0.000508425640873611
44	0.9902799725532532	0.009228020906448364	0.0004919698112644255	0.0012726889690384269	0.9980847835540771	0.0006424866151064634
45	0.9889563918113708	0.010398547165095806	0.0006451099179685116	0.0008289679535664618	0.9987107515335083	0.0004602764965966344
46	0.99637371301651	0.003365518758073449	0.0002606942434795201	0.8022642135620117	0.1969326138496399	0.0008031203178688884
47	0.9632284045219421	0.03592555969953537	0.0008460503304377198	0.001080118352547288	0.9981820583343506	0.0007378802401944995
48	0.9918534159660339	0.007795379497110844	0.00035125407157465816	0.48652440309524536	0.5124217867851257	0.0010537917260080576
49	0.98434978723526	0.014522531069815159	0.0011277302401140332	0.0005080660921521485	0.9962238073348999	0.003268183907493949
50	0.9822882413864136	0.01646370440721512	0.0012481093872338533	0.0020949130412191153	0.9975760579109192	0.00032906621345318854
51	0.9182337522506714	0.03938667103648186	0.04237956926226616	0.0021088116336613894	0.9884599447250366	0.009431159123778343
52	0.9909694790840149	0.007631780579686165	0.0013987048296257854	0.004104293417185545	0.7682206034660339	0.22767509520053864
53	0.9936757683753967	0.006176404654979706	0.0001477821497246623	0.9860072135925293	0.01383567601442337	0.00015712202002760023
54	0.9393909573554993	0.01608656346797943	0.04452250152826309	0.0014651239616796374	0.980366051197052	0.018168913200497627
55	0.9880090951919556	0.011394331231713295	0.0005966383614577353	0.0023331372067332268	0.9973405003547668	0.00032637410913594067
56	0.9087117314338684	0.06720347702503204	0.024084756150841713	0.005344844423234463	0.9920952916145325	0.002559920074418187
57	0.9908233880996704	0.008538857102394104	0.0006377067766152322	0.004272329621016979	0.9951745867729187	0.0005530411144718528
58	0.9921112060546875	0.006922845728695393	0.0009659759234637022	0.0668923482298851	0.9318073987960815	0.0013003192143514752
59	0.9932562112808228	0.00615919753909111	0.0005846339627169073	0.010358796454966068	0.9885154366493225	0.0011258949525654316
60	0.9818605184555054	0.016317231580615044	0.0018222613725811243	0.007985222153365612	0.989998996257782	0.0020156828686594963
61	0.9938107132911682	0.005301147233694792	0.0008881904650479555	0.9899105429649353	0.009846623055636883	0.0002427642175462097
62	0.9847797751426697	0.013703230768442154	0.001517023309133947	0.5534102916717529	0.444295734167099	0.002293985802680254
63	0.9147339463233948	0.025427795946598053	0.05983828380703926	0.5719044208526611	0.28101852536201477	0.14707700908184052
64	0.9911175966262817	0.008585309609770775	0.0002971137291751802	0.021553998813033104	0.978111982345581	0.00033401185646653175
65	0.9941434264183044	0.005175729747861624	0.0006808492471463978	0.9596885442733765	0.039920419454574585	0.0003910444211214781
66	0.9912818670272827	0.008215797133743763	0.0005023022531531751	0.000791701371781528	0.9988349080085754	0.0003733877092599869
67	0.9759189486503601	0.02328570932149887	0.0007952909800224006	0.19235122203826904	0.8056867122650146	0.001962012844160199
68	0.9775773882865906	0.018142910674214363	0.004279735963791609	0.04253291338682175	0.9566313028335571	0.0008357428014278412
69	0.993453860282898	0.006143640261143446	0.0004025691014248878	0.006687326356768608	0.992669939994812	0.0006427337066270411
70	0.9653751254081726	0.033987581729888916	0.0006372687639668584	0.39101412892341614	0.6064984798431396	0.0024873334914445877
71	0.8724386692047119	0.052773330360651016	0.07478795945644379	0.0061652036383748055	0.9898444414138794	0.003990396857261658
72	0.9895327091217041	0.009607714600861073	0.0008596425177529454	0.0025340730790048838	0.9968149065971375	0.000651117879897356
73	0.9946231842041016	0.005139733664691448	0.0002371571317780763	0.9808965921401978	0.01890687830746174	0.00019655542564578354
74	0.9930636286735535	0.006423650309443474	0.0005127552431076765	0.1262766420841217	0.8730650544166565	0.0006583305075764656
75	0.9596168994903564	0.027767406776547432	0.012615724466741085	0.000883944274391979	0.9987137317657471	0.0004022337088827044
76	0.9839363098144531	0.015379532240331173	0.0006841063150204718	0.0013694503577426076	0.9980776309967041	0.0005528461770154536
77	0.9874300360679626	0.011968487873673439	0.0006015531253069639	0.0008558842237107456	0.9988333582878113	0.00031074107391759753
78	0.9938250780105591	0.005897845141589642	0.00027703860541805625	0.9911327958106995	0.008697842247784138	0.0001693605590844527
79	0.994103729724884	0.005355465691536665	0.0005408670986071229	0.9915590286254883	0.008211912587285042	0.00022903663921169937
80	0.977886974811554	0.021700041368603706	0.0004129959852434695	0.018979500979185104	0.9804924726486206	0.0005281352787278593
81	0.967807948589325	0.03121010959148407	0.0009819944389164448	0.0005310202832333744	0.9991550445556641	0.000314009259454906
82	0.9814622402191162	0.018191292881965637	0.00034646515268832445	0.0006030870135873556	0.9985369443893433	0.00086006592027843
83	0.0022904726210981607	0.0019202332478016615	0.9957893490791321	0.0006542709306813776	0.0021805702708661556	0.9971651434898376
84	0.9901244044303894	0.009448337368667126	0.00042729926644824445	0.659740686416626	0.33664804697036743	0.0036112763918936253
85	0.9904999136924744	0.008947988972067833	0.0005520603735931218	0.6841449737548828	0.3153042793273926	0.0005507373134605587
86	0.9839165806770325	0.015457767061889172	0.0006256945780478418	0.002126778708770871	0.9975244402885437	0.0003487973299343139
87	0.7781960368156433	0.07290715724229813	0.14889682829380035	0.021960562095046043	0.7483748197555542	0.2296646237373352
88	0.9895259141921997	0.0096417386084795	0.0008323402144014835	0.10873923450708389	0.8897370100021362	0.0015236811013892293
89	0.9726234674453735	0.026805896311998367	0.0005706521915271878	0.0007184777059592307	0.9988441467285156	0.00043738025124184787
90	0.9721682071685791	0.026959042996168137	0.0008727661916054785	0.000881885236594826	0.9982196688652039	0.0008984657470136881
91	0.9949287176132202	0.004895615857094526	0.00017568844486959279	0.994752049446106	0.005105094984173775	0.00014288094826042652
92	0.9857090711593628	0.013659573160111904	0.0006313553894869983	0.23027166724205017	0.7691683173179626	0.0005600203876383603
93	0.984531581401825	0.014846062287688255	0.0006223137024790049	0.0006023997557349503	0.9990283250808716	0.00036926366738043725
94	0.849168598651886	0.11014646291732788	0.040684934705495834	0.23702897131443024	0.7350581288337708	0.027912911027669907
95	0.9731541275978088	0.022075481712818146	0.004770356230437756	0.00886455737054348	0.9822980165481567	0.00883741956204176
96	0.9823237657546997	0.016255997121334076	0.001420272747054696	0.0004752237582579255	0.9989596605300903	0.0005650625098496675
97	0.9874762892723083	0.012210914865136147	0.0003127813106402755	0.5474653840065002	0.4510801136493683	0.0014545134035870433
98	0.9691661596298218	0.024715302512049675	0.00611852528527379	0.003272935515269637	0.9959967136383057	0.0007303323945961893
99	0.9858487844467163	0.01252824068069458	0.0016229385510087013	0.0002196354907937348	0.9980248212814331	0.0017556024249643087
100	0.9895344376564026	0.009793592616915703	0.0006720034289173782	0.0026519380044192076	0.9970356225967407	0.00031242502154782414
101	0.9934262037277222	0.005991817452013493	0.000582006003241986	0.0417943000793457	0.9577591419219971	0.0004465078527573496
102	0.9858152866363525	0.013594451360404491	0.000590238138101995	0.0029125201981514692	0.9968225955963135	0.0002648723893798888
103	0.9954055547714233	0.00424970081076026	0.000344784784829244	0.987225353717804	0.012319291941821575	0.0004553274193312973
104	0.9932113885879517	0.006283667404204607	0.0005049557657912374	0.0005313445581123233	0.9988527297973633	0.0006159148178994656
105	0.989406168460846	0.00972688291221857	0.0008669591043144464	0.1267729550600052	0.8719958662986755	0.0012312008766457438
106	0.9897239208221436	0.009816551581025124	0.00045957593829371035	0.002848953241482377	0.9964053630828857	0.0007456673192791641
107	0.971569836139679	0.026600798591971397	0.0018293422181159258	0.002012246986851096	0.9947793483734131	0.0032083368860185146
108	0.9946236610412598	0.004800719674676657	0.0005756266764365137	0.002073592972010374	0.9971897006034851	0.0007366663194261491
109	0.9939245581626892	0.0054926746524870396	0.0005827857530675828	0.0005066209123469889	0.9990239143371582	0.000469489285023883
110	0.9894009232521057	0.01020116824656725	0.00039790687151253223	0.0303445253521204	0.9687135815620422	0.0009419420384801924
111	0.9861148595809937	0.013358008116483688	0.0005271583213470876	0.056027211248874664	0.943479061126709	0.0004937925841659307
112	0.9778667092323303	0.021192368119955063	0.000940983765758574	0.0015271654119715095	0.9977001547813416	0.000772756349761039
113	0.9753236770629883	0.021401185542345047	0.0032750917598605156	0.0009367245947942138	0.9979749321937561	0.0010883701033890247
114	0.9551169872283936	0.041320305317640305	0.003562706522643566	0.09999788552522659	0.8987686038017273	0.001233529532328248
115	0.9927663803100586	0.006355064921081066	0.00087851652642712	0.12491197139024734	0.7830649018287659	0.09202318638563156
116	0.990602970123291	0.00854038167744875	0.0008566746255382895	0.015002221800386906	0.9839514493942261	0.0010463870130479336
117	0.9732397198677063	0.02530621364712715	0.0014541333075612783	0.0006059337174519897	0.9987201690673828	0.0006739888922311366
118	0.9956269264221191	0.004174523521214724	0.00019856983271893114	0.0020416046027094126	0.997648298740387	0.000310013594571501
119	0.9920144081115723	0.007717612199485302	0.00026789953699335456	0.0022008982487022877	0.9974765181541443	0.0003225578984711319
120	0.9899673461914062	0.009666437283158302	0.00036623008782044053	0.0058592744171619415	0.9931262731552124	0.0010144755942746997
121	0.5095247030258179	0.052988577634096146	0.4374867379665375	0.002669417764991522	0.9859281778335571	0.011402448639273643
122	0.9934420585632324	0.006103485822677612	0.0004544189723674208	0.992990255355835	0.006737994495779276	0.0002717812021728605
123	0.9739500880241394	0.02393934316933155	0.002110532019287348	0.5443583130836487	0.45155173540115356	0.004090054426342249
124	0.9680537581443787	0.030546093359589577	0.0014001213712617755	0.0003556430456228554	0.9989945292472839	0.0006499068113043904
125	0.9918096661567688	0.007908322848379612	0.0002819787187036127	0.06825953722000122	0.9308252334594727	0.0009152110433205962
126	0.9923142790794373	0.007242043502628803	0.0004437004099600017	0.8044067621231079	0.19076989591121674	0.004823315888643265
127	0.9912441968917847	0.007184322457760572	0.001571447472088039	0.0009277843637391925	0.9968850016593933	0.0021872054785490036
128	0.9861891865730286	0.012498782016336918	0.001311991480179131	0.0013316923286765814	0.9981390237808228	0.0005292112473398447
129	0.9855663776397705	0.013745017349720001	0.0006886210176162422	0.014360752888023853	0.9852527976036072	0.0003864001773763448
130	0.9965871572494507	0.0031148442067205906	0.0002979862329084426	0.10409858822822571	0.894449770450592	0.0014515742659568787
131	0.9592492580413818	0.03530661389231682	0.005444144364446402	0.039082176983356476	0.9598469138145447	0.0010708421468734741
132	0.9938264489173889	0.005352463107556105	0.0008210225496441126	0.6805202960968018	0.3169233202934265	0.002556413412094116
133	0.9742749929428101	0.025143414735794067	0.0005815689219161868	0.22237949073314667	0.7759708166122437	0.001649725018069148
134	0.9821271300315857	0.01708955504000187	0.000783297058660537	0.03453659266233444	0.9643839597702026	0.0010795372072607279
135	0.990474283695221	0.0090589364990592	0.00046677477075718343	0.8141317367553711	0.1843617707490921	0.0015065373154357076
136	0.9774527549743652	0.022022908553481102	0.0005243822815828025	0.0008941247942857444	0.9987353682518005	0.0003704637929331511
137	0.9951602816581726	0.004534811247140169	0.00030486073228530586	0.9839168190956116	0.015795046463608742	0.00028819640283472836
138	0.9942305088043213	0.005442888010293245	0.00032656503026373684	0.005086498335003853	0.9945603013038635	0.000353149400325492
139	0.983810544013977	0.015422839671373367	0.000766637094784528	0.0007922144141048193	0.9987842440605164	0.00042346291593275964
140	0.9876319766044617	0.011250072158873081	0.0011179362190887332	0.03472164645791054	0.963513195514679	0.001765130553394556
141	0.9755621552467346	0.021741550415754318	0.0026963362470269203	0.9860591292381287	0.012730571441352367	0.0012102833716198802
142	0.9827029705047607	0.01671903394162655	0.0005780208739452064	0.0014011722523719072	0.9978384375572205	0.0007604239508509636
143	0.984391450881958	0.013345560058951378	0.0022629969753324986	0.6559016108512878	0.3424839675426483	0.0016144304536283016
144	0.01258781272917986	0.004045900423079729	0.9833662509918213	0.0007441806956194341	0.012373093515634537	0.9868826270103455
145	0.30052390694618225	0.32954633235931396	0.3699297308921814	0.0029856807086616755	0.7195978164672852	0.27741649746894836
146	0.9842932820320129	0.01315996702760458	0.0025467434898018837	0.02695811539888382	0.9723454713821411	0.0006964218337088823
147	0.9947170615196228	0.004798499401658773	0.00048447898006998	0.01609467715024948	0.9833554625511169	0.000549867341760546
148	0.9897487759590149	0.009964151307940483	0.00028701667906716466	0.005719404201954603	0.9937973022460938	0.0004833817365579307
149	0.9955539107322693	0.0041860234923660755	0.00026000398793257773	0.9908477067947388	0.008837420493364334	0.0003148465766571462
150	0.9929513335227966	0.0060231368988752365	0.0010255231754854321	0.7987149357795715	0.16545650362968445	0.035828568041324615
151	0.9898223876953125	0.00990300066769123	0.0002745884994510561	0.005262531340122223	0.9941977262496948	0.0005397747736424208
152	0.9883014559745789	0.010993532836437225	0.000704973004758358	0.0618099570274353	0.9374576210975647	0.0007323964382521808
153	0.9936634302139282	0.005724303424358368	0.0006122345221228898	0.0029171991627663374	0.9966436624526978	0.0004390755493659526
154	0.9874969720840454	0.011194737628102303	0.001308266306295991	0.009532797150313854	0.9882996082305908	0.0021675201132893562
155	0.9889394640922546	0.010371049866080284	0.000689446460455656	0.4757782518863678	0.5233991146087646	0.0008226119098253548
156	0.9840354323387146	0.015334265306591988	0.0006302794790826738	0.004664639942348003	0.9617977738380432	0.03353755176067352
157	0.9867280125617981	0.012636689469218254	0.0006352693308144808	0.0008861692622303963	0.9987385869026184	0.000375242525478825
158	0.9907001852989197	0.008905397728085518	0.00039449273026548326	0.018798211589455605	0.9766381978988647	0.00456363707780838
159	0.990056574344635	0.009584103710949421	0.00035929097793996334	0.8134698867797852	0.18613289296627045	0.0003972068370785564
160	0.9824108481407166	0.017224794253706932	0.00036431659827940166	0.9757400751113892	0.024064848199486732	0.00019514435552991927
161	0.009462190791964531	0.0020984320435673	0.9884393215179443	0.0012451150687411427	0.029345804825425148	0.9694091081619263
162	0.9612720608711243	0.036899153143167496	0.001828767010010779	0.9850371479988098	0.014771668240427971	0.00019115245959255844
163	0.9724459052085876	0.02565915137529373	0.0018949671648442745	0.010028136894106865	0.9892476201057434	0.0007243092986755073
164	0.024143002927303314	0.005106337368488312	0.9707506895065308	0.0036129856016486883	0.0030289492569863796	0.9933579564094543
165	0.9957380294799805	0.0039865560829639435	0.00027543961186893284	0.9949081540107727	0.004856106359511614	0.00023568423057440668
166	0.9803006052970886	0.01921640709042549	0.00048298534238711	0.988390326499939	0.011448105797171593	0.00016159458027686924
167	0.9854704141616821	0.011088630184531212	0.0034410024527460337	0.22498519718647003	0.7738639116287231	0.001150972326286137
168	0.06950057297945023	0.08255172520875931	0.8479476571083069	0.007761331740766764	0.9747962355613708	0.01744244061410427
169	0.9900763630867004	0.009352539665997028	0.0005710682016797364	0.002367754001170397	0.9957813024520874	0.0018509742803871632
170	0.9855265617370605	0.012058502063155174	0.002414877526462078	0.0023173431400209665	0.9952787160873413	0.0024039666168391705
171	0.9572680592536926	0.03967045620083809	0.003061524126678705	0.00032082400866784155	0.9988275170326233	0.0008516956586390734
172	0.1237291693687439	0.02218405157327652	0.8540867567062378	0.844953179359436	0.11432207375764847	0.04072472080588341
173	0.9839127659797668	0.011412553489208221	0.00467469310387969	0.03125724196434021	0.9635137319564819	0.005229009315371513
174	0.9558758735656738	0.0418245755136013	0.0022995341569185257	0.00867125578224659	0.9905077219009399	0.0008210046216845512
175	0.9913936257362366	0.008073858916759491	0.0005325116799212992	0.3941138684749603	0.605075478553772	0.000810587836895138
176	0.9956755042076111	0.004073893651366234	0.0002506065648049116	0.7742457985877991	0.22511133551597595	0.0006428800406865776
177	0.9926637411117554	0.006977190729230642	0.00035904525429941714	0.7157934308052063	0.2828095257282257	0.0013970683794468641
178	0.9933069348335266	0.006205915939062834	0.0004871309211011976	0.4062337875366211	0.5925825238227844	0.0011836480116471648
179	0.9717448949813843	0.019928449764847755	0.0083266980946064	0.3431529402732849	0.6537157893180847	0.0031312694773077965
180	0.9892197251319885	0.009772003628313541	0.0010082690278068185	0.0022189689334481955	0.9959307312965393	0.001850348198786378
181	0.9933815002441406	0.0062335641123354435	0.00038489524740725756	0.3493950664997101	0.6477004289627075	0.002904479391872883
182	0.9872593283653259	0.009937573224306107	0.002803149400278926	0.00021902624575886875	0.9982755184173584	0.0015055472031235695
183	0.9944344162940979	0.005388729274272919	0.00017682152974884957	0.9100959300994873	0.08695963770151138	0.002944477368146181
184	0.9904595613479614	0.00897782389074564	0.0005625716294161975	0.11331439763307571	0.8861071467399597	0.0005784374079667032
185	0.9935629367828369	0.005659026559442282	0.0007781139574944973	0.001120264525525272	0.997124969959259	0.0017546970630064607
186	0.9853931069374084	0.013951748609542847	0.0006551833939738572	0.0024076513946056366	0.9969859719276428	0.0006064006011001766
187	0.9763079881668091	0.02145674079656601	0.0022352952510118484	0.012451554648578167	0.9861575365066528	0.001390938414260745
188	0.9868419766426086	0.012275340035557747	0.0008826611447148025	0.08377519249916077	0.9155034422874451	0.0007214154466055334
189	0.9967846870422363	0.0030084792524576187	0.00020678926375694573	0.42390015721321106	0.5746635794639587	0.0014361848589032888
190	0.9954565763473511	0.004343981854617596	0.00019945968233514577	0.06594427675008774	0.933670163154602	0.00038553212652914226
191	0.9821152687072754	0.017385097220540047	0.0004996761563234031	0.06681853532791138	0.932668924331665	0.0005125253228470683
192	0.9792308211326599	0.019028088077902794	0.0017411757726222277	0.00017253050464205444	0.9984291195869446	0.0013982390519231558
193	0.9691110849380493	0.02968060038983822	0.0012082960456609726	0.00020952077466063201	0.9992375373840332	0.0005529400077648461
194	0.9661136269569397	0.03048122487962246	0.0034051525872200727	0.03052815981209278	0.9678968191146851	0.0015750096645206213
195	0.9775371551513672	0.021221283823251724	0.0012415923411026597	0.2609016001224518	0.7379758358001709	0.00112260808236897
196	0.9952907562255859	0.004358211997896433	0.00035104414564557374	0.0028914723079651594	0.9964925646781921	0.0006158930482342839
197	0.9786973595619202	0.020569149404764175	0.0007334876572713256	0.0007191139739006758	0.997912585735321	0.0013682651333510876
198	0.9858832955360413	0.01347077451646328	0.000645930937025696	0.001356744789518416	0.9981600642204285	0.0004832112754229456
199	0.7951909303665161	0.16811509430408478	0.0366939976811409	0.01687398925423622	0.5732309222221375	0.409895122051239
