0	0.06389026343822479	0.4681435823440552	0.46796610951423645	0.35996586084365845	0.2669726610183716	0.37306147813796997
1	0.03938193619251251	0.9558794498443604	0.004738575778901577	0.9430364370346069	0.055742476135492325	0.0012210449203848839
2	0.35940468311309814	0.5557868480682373	0.08480839431285858	0.8320904970169067	0.16740895807743073	0.0005005113780498505
3	0.04613282531499863	0.92059326171875	0.03327392414212227	0.15009544789791107	0.6365228295326233	0.21338169276714325
4	0.00450451485812664	0.0037670047022402287	0.9917284846305847	0.012986060231924057	0.08804543316364288	0.8989684581756592
5	0.20749671757221222	0.7805463671684265	0.011956905946135521	0.9395086765289307	0.05984476953744888	0.000646522908937186
6	0.9291263818740845	0.06890291720628738	0.0019707155879586935	0.8841228485107422	0.11187823861837387	0.003998953383415937
7	0.4531988799571991	0.1078755259513855	0.438925564289093	0.42003726959228516	0.37137502431869507	0.2085876613855362
8	0.002270030789077282	0.9968010187149048	0.000928903988096863	0.4612325429916382	0.5330449342727661	0.0057225883938372135
9	0.2684510350227356	0.7080197930335999	0.023529183119535446	0.003858450334519148	0.9956514239311218	0.0004901996580883861
10	0.7523311376571655	0.1653042584657669	0.08236461132764816	0.3236526548862457	0.6648934483528137	0.011453921906650066
11	0.020737288519740105	0.9702033400535583	0.009059262461960316	0.007685261778533459	0.9914671182632446	0.0008476743241772056
12	0.01591264083981514	0.9697816967964172	0.014305651187896729	0.1314951777458191	0.8461764454841614	0.022328471764922142
13	0.005078437272459269	0.9901453256607056	0.004776281770318747	0.39029332995414734	0.6067429184913635	0.002963690087199211
14	0.029828226193785667	0.04915640503168106	0.9210155010223389	0.08503776043653488	0.08265479654073715	0.8323074579238892
15	0.04206245392560959	0.9541949033737183	0.0037426867056638002	0.027000537142157555	0.9701151251792908	0.0028843937907367945
16	0.03583168238401413	0.2748749256134033	0.6892934441566467	0.2305821180343628	0.4166860282421112	0.3527318239212036
17	0.017853746190667152	0.944891631603241	0.03725466504693031	0.0011152385268360376	0.9967879056930542	0.002096949378028512
18	0.04261080175638199	0.9528267979621887	0.004562435206025839	0.6852895021438599	0.313069224357605	0.0016413289122283459
19	0.09206350892782211	0.9014165997505188	0.0065199085511267185	0.001311550266109407	0.9976750016212463	0.001013428089208901
20	0.6338703036308289	0.36139020323753357	0.004739520605653524	0.7073464393615723	0.2909994423389435	0.0016541104996576905
21	0.016538644209504128	0.7619524598121643	0.2215089052915573	0.07482237368822098	0.843903124332428	0.08127455413341522
22	0.11627183854579926	0.18701544404029846	0.6967127323150635	0.02512863092124462	0.6606032252311707	0.3142681121826172
23	0.07845397293567657	0.5418524742126465	0.37969347834587097	0.9333787560462952	0.05588880926370621	0.010732493363320827
24	0.8773261308670044	0.07061384618282318	0.052060071378946304	0.8746962547302246	0.1051376461982727	0.02016614004969597
25	0.7668397426605225	0.1306595653295517	0.10250069200992584	0.5559056401252747	0.44002965092658997	0.004064752254635096
26	0.06680331379175186	0.9225822687149048	0.010614380240440369	0.9760214686393738	0.023296302184462547	0.000682238198351115
27	0.19421806931495667	0.8012691736221313	0.004512747749686241	0.06491740792989731	0.9341487288475037	0.0009338288218714297
28	0.07786601781845093	0.9196685552597046	0.002465398283675313	0.7780376076698303	0.21597346663475037	0.005988871678709984
29	0.00868199672549963	0.27686214447021484	0.7144559025764465	0.055198732763528824	0.8112570643424988	0.1335442215204239
30	0.65946364402771	0.32802480459213257	0.012511531822383404	0.11633476614952087	0.8795334100723267	0.004131730180233717
31	0.004447328392416239	0.9937565326690674	0.00179612310603261	0.0005104056908749044	0.9989863038063049	0.0005032997578382492
32	0.9851564168930054	0.014483809471130371	0.00035971481702290475	0.9883373379707336	0.011325341649353504	0.0003372859791852534
33	0.004230927210301161	0.028693705797195435	0.9670753479003906	0.07614482939243317	0.010232043452560902	0.913623034954071
34	0.014618408866226673	0.9846999645233154	0.0006816229433752596	0.9617197513580322	0.0379217155277729	0.0003586066304706037
35	0.006630671676248312	0.9835342764854431	0.009835117496550083	0.9638765454292297	0.03487585112452507	0.0012476193951442838
36	0.2932159900665283	0.6902636289596558	0.01652035117149353	0.11604644358158112	0.872680127620697	0.011273342184722424
37	0.9889954328536987	0.010764959268271923	0.00023963458079379052	0.9943376183509827	0.005496901925653219	0.00016552870511077344
38	0.7608888149261475	0.16236327588558197	0.07674796879291534	0.9783202409744263	0.021073780953884125	0.0006059117731638253
39	0.0460079051554203	0.5490440130233765	0.40494808554649353	0.10574042052030563	0.8905972838401794	0.003662253962829709
40	0.06233389675617218	0.8530627489089966	0.08460335433483124	0.014189827255904675	0.9829260110855103	0.0028840622399002314
41	0.12627165019512177	0.8609176874160767	0.012810592539608479	0.9728121757507324	0.026871182024478912	0.00031664478592574596
42	0.9590767621994019	0.04012105241417885	0.0008022312540560961	0.9947413206100464	0.005020123440772295	0.00023850382422097027
43	0.005455833859741688	0.013943684287369251	0.9806005358695984	0.018002936616539955	0.051698219031095505	0.9302988648414612
44	0.5570101141929626	0.4399433135986328	0.003046531928703189	0.8610907196998596	0.13825008273124695	0.0006591911660507321
45	0.03054198808968067	0.967578113079071	0.001879922579973936	0.5218070149421692	0.477500319480896	0.0006926076021045446
46	0.013033045455813408	0.7810675501823425	0.20589931309223175	0.11353390663862228	0.024053484201431274	0.8624125719070435
47	0.8850466012954712	0.10670895129442215	0.008244416676461697	0.8063709735870361	0.1922946274280548	0.0013343456666916609
48	0.9205385446548462	0.07788034528493881	0.0015810707118362188	0.9522382616996765	0.04736977815628052	0.00039196060970425606
49	0.38150522112846375	0.3460443913936615	0.27245035767555237	0.3805186450481415	0.2663189470767975	0.35316237807273865
50	0.03342493250966072	0.9643805027008057	0.0021945261396467686	0.9939427971839905	0.0057675838470458984	0.0002895481593441218
51	0.12150038778781891	0.833982527256012	0.04451711103320122	0.8248394131660461	0.1709919571876526	0.004168573301285505
52	0.15006418526172638	0.41170597076416016	0.4382297992706299	0.16163378953933716	0.5713266134262085	0.26703962683677673
53	0.9616856575012207	0.03471200168132782	0.003602388547733426	0.9470205903053284	0.05204417556524277	0.0009352780180051923
54	0.06532671302556992	0.03359031677246094	0.9010829925537109	0.01260063610970974	0.225427508354187	0.7619718909263611
55	0.5704111456871033	0.33342093229293823	0.0961679220199585	0.012684161774814129	0.6695290207862854	0.3177868723869324
56	0.10212606936693192	0.8909947872161865	0.006879097782075405	0.8413824439048767	0.14759622514247894	0.011021347716450691
57	0.02771684341132641	0.5050247311592102	0.4672584533691406	0.035381365567445755	0.6095659732818604	0.35505273938179016
58	0.0609021820127964	0.9294849038124084	0.00961281731724739	0.9692177772521973	0.0303025022149086	0.00047971404273994267
59	0.9860369563102722	0.012997223995625973	0.0009657832561060786	0.9859364032745361	0.013438388705253601	0.0006252005696296692
60	0.49573567509651184	0.3909284472465515	0.11333591490983963	0.24290505051612854	0.6658996939659119	0.09119530767202377
61	0.13576717674732208	0.8606426119804382	0.003590142587199807	0.7635354399681091	0.23525004088878632	0.0012145715299993753
62	0.40937110781669617	0.5780730247497559	0.01255586463958025	0.9888200163841248	0.009834809228777885	0.0013452420243993402
63	0.04229743406176567	0.937114417552948	0.020588060840964317	0.6956719756126404	0.2848646938800812	0.019463341683149338
64	0.7988128662109375	0.15357007086277008	0.047617074102163315	0.2871342897415161	0.1403556913137436	0.5725100040435791
65	0.038865577429533005	0.45591214299201965	0.5052223205566406	0.011713768355548382	0.9718601703643799	0.016426170244812965
66	0.212309330701828	0.27005937695503235	0.5176312923431396	0.1260537952184677	0.16340497136116028	0.710541307926178
67	0.9636977314949036	0.03533966839313507	0.0009625866659916937	0.9942914247512817	0.0054465895518660545	0.00026204632013104856
68	0.00579780014231801	0.9914474487304688	0.002754803281277418	0.026076311245560646	0.9720733165740967	0.0018504103645682335
69	0.9858021140098572	0.012100793421268463	0.002097066957503557	0.9548276662826538	0.04348384588956833	0.0016885071527212858
70	0.07211379706859589	0.926247239112854	0.001639041700400412	0.9947695136070251	0.004795232322067022	0.0004351955431047827
71	0.23454970121383667	0.7066509127616882	0.058799415826797485	0.010562105104327202	0.9882856607437134	0.0011521866545081139
72	0.7879266142845154	0.14400385320186615	0.06806951761245728	0.01483805850148201	0.9810829162597656	0.004078995436429977
73	0.013422457501292229	0.983940601348877	0.0026369949337095022	0.0008085322915576398	0.994044840335846	0.005146701820194721
74	0.7592852711677551	0.2109106183052063	0.029804125428199768	0.016298752278089523	0.96776282787323	0.015938419848680496
75	0.026716388761997223	0.9714395403862	0.0018440827261656523	0.8172220587730408	0.18222709000110626	0.0005508559988811612
76	0.003878618124872446	0.003021340584382415	0.9931000471115112	0.0036605263594537973	0.0023835860192775726	0.9939559102058411
77	0.5159204006195068	0.4828779399394989	0.001201709732413292	0.8462401032447815	0.15292403101921082	0.0008358524064533412
78	0.9946531057357788	0.005153808277100325	0.00019303451699670404	0.9942700862884521	0.00556487962603569	0.00016506033716723323
79	0.7119916677474976	0.2866821885108948	0.0013261557323858142	0.9815826416015625	0.018155287951231003	0.00026211104704998434
80	0.9691275358200073	0.030216919258236885	0.0006555327563546598	0.9929376244544983	0.006601619068533182	0.00046076730359345675
81	0.007672982290387154	0.983166515827179	0.00916044507175684	0.3358951210975647	0.646977961063385	0.01712694950401783
82	0.24033448100090027	0.6846297383308411	0.07503577321767807	0.3947574198246002	0.5861209034919739	0.01912168227136135
83	0.8485499620437622	0.15057381987571716	0.0008762379293330014	0.9889733195304871	0.010850290767848492	0.0001764650223776698
84	0.10764738917350769	0.8822041749954224	0.010148385539650917	0.06357014179229736	0.8713874220848083	0.0650424212217331
85	0.0042960443533957005	0.08963276445865631	0.9060711860656738	0.005691942293196917	0.1631198674440384	0.8311882019042969
86	0.7626954317092896	0.22206580638885498	0.015238727442920208	0.008192888461053371	0.9888359904289246	0.0029711397364735603
87	0.08854542672634125	0.6406395435333252	0.27081498503685	0.06469915807247162	0.9195209741592407	0.01577983796596527
88	0.9323890209197998	0.04929520934820175	0.018315808847546577	0.27698802947998047	0.019776059314608574	0.7032359838485718
89	0.6644881367683411	0.32824456691741943	0.007267276290804148	0.990607500076294	0.00917300395667553	0.000219457084313035
90	0.023307200521230698	0.28949809074401855	0.6871947050094604	0.0323764830827713	0.7192438244819641	0.24837976694107056
91	0.5845673680305481	0.2862066626548767	0.1292259842157364	0.7975580096244812	0.1742202490568161	0.02822176367044449
92	0.015646543353796005	0.9770839810371399	0.00726946210488677	0.9743898510932922	0.02525949478149414	0.00035064652911387384
93	0.001155062927864492	0.009288027882575989	0.9895568490028381	0.004010832402855158	0.008431526832282543	0.9875576496124268
94	0.5680860280990601	0.43057096004486084	0.0013429953251034021	0.9856200218200684	0.014167442917823792	0.0002124892343999818
95	0.2668687403202057	0.5320010781288147	0.2011302262544632	0.8006192445755005	0.17857347428798676	0.020807309076189995
96	0.9444848299026489	0.053504303097724915	0.0020108914468437433	0.4166663587093353	0.5784311294555664	0.004902563523501158
97	0.03205857053399086	0.9171434044837952	0.05079803615808487	0.873896598815918	0.10849989205598831	0.017603492364287376
98	0.9658615589141846	0.03258635848760605	0.0015521267196163535	0.9913023710250854	0.008246907964348793	0.00045070238411426544
99	0.013243447057902813	0.26705271005630493	0.7197038531303406	0.001478024059906602	0.6310850381851196	0.3674370050430298
100	0.06426739692687988	0.5838075280189514	0.3519250452518463	0.48016971349716187	0.4900808334350586	0.02974938414990902
101	0.33202406764030457	0.6003373861312866	0.06763852387666702	0.9702351093292236	0.029070988297462463	0.0006939643062651157
102	0.9563924670219421	0.031645264476537704	0.01196232344955206	0.9875963926315308	0.011302915401756763	0.0011006926652044058
103	0.0038655304815620184	0.03192155808210373	0.9642128944396973	0.00255568022839725	0.01380874402821064	0.983635663986206
104	0.7560182809829712	0.24010710418224335	0.0038745577912777662	0.9803925156593323	0.018889835104346275	0.0007175937062129378
105	0.47615480422973633	0.4643622636795044	0.059482935816049576	0.05415082350373268	0.9447226524353027	0.001126583432778716
106	0.9934090375900269	0.006296991836279631	0.00029393480508588254	0.9922515749931335	0.007537943311035633	0.00021048275812063366
107	0.3638521432876587	0.6302046179771423	0.005943273659795523	0.9822792410850525	0.01754106394946575	0.00017965506413020194
108	0.43033406138420105	0.56378173828125	0.00588422454893589	0.6565467119216919	0.34142857789993286	0.0020247201900929213
109	0.9163962602615356	0.08057712018489838	0.003026657970622182	0.4055314064025879	0.592635452747345	0.001833117101341486
110	0.2434040606021881	0.44922584295272827	0.30737006664276123	0.09863993525505066	0.8952426314353943	0.006117519456893206
111	0.351481556892395	0.6154757738113403	0.033042654395103455	0.8697317838668823	0.12805743515491486	0.002210862934589386
112	0.06350064277648926	0.9232253432273865	0.013274135999381542	0.7408612370491028	0.2514354884624481	0.007703285664319992
113	0.0010619882959872484	0.9974996447563171	0.0014383801026269794	0.7697063088417053	0.22835130989551544	0.001942417467944324
114	0.6297200918197632	0.30527687072753906	0.06500303745269775	0.7586029171943665	0.2392304390668869	0.0021667014807462692
115	0.28881964087486267	0.5775051712989807	0.13367518782615662	0.0010586357675492764	0.9920600652694702	0.006881264969706535
116	0.011748157441616058	0.9535917043685913	0.034660156816244125	0.574249267578125	0.4016556739807129	0.024095013737678528
117	0.9863182306289673	0.013169791549444199	0.0005119496490806341	0.9930886626243591	0.006594049744307995	0.00031732075149193406
118	0.0068010189570486546	0.9270752668380737	0.06612370163202286	0.7171311378479004	0.27840086817741394	0.004467930644750595
119	0.9942418336868286	0.0055638751946389675	0.00019430529209785163	0.9960454106330872	0.0037572223227471113	0.00019733230874408036
120	0.0511416457593441	0.9470316171646118	0.0018267598934471607	0.9389672875404358	0.06045788899064064	0.0005747780669480562
121	0.6262845396995544	0.3722304403781891	0.0014850195730105042	0.9665004014968872	0.03087441436946392	0.0026251589879393578
122	0.006499803625047207	0.9927103519439697	0.000789750600233674	0.9935966730117798	0.006084511522203684	0.0003187919210176915
123	0.7164801359176636	0.259471595287323	0.024048348888754845	0.3028123080730438	0.6721132397651672	0.025074386969208717
124	0.004095046781003475	0.017742352560162544	0.9781625866889954	0.01697537489235401	0.10908204317092896	0.873942494392395
125	0.9607511162757874	0.038049835711717606	0.0011991140199825168	0.989392876625061	0.009784537367522717	0.0008225454948842525
126	0.985831618309021	0.013916634023189545	0.00025172505411319435	0.9930867552757263	0.006685625296086073	0.0002276454324601218
127	0.8744871616363525	0.09272794425487518	0.032784949988126755	0.01174752414226532	0.9861611127853394	0.0020913605112582445
128	0.7440332174301147	0.24568058550357819	0.010286170989274979	0.0026145740412175655	0.9967886209487915	0.0005968890618532896
129	0.0549093633890152	0.17299692332744598	0.7720937132835388	0.010083469562232494	0.9766162037849426	0.01330030057579279
130	0.37870097160339355	0.3769894242286682	0.2443096786737442	0.666702151298523	0.3161359131336212	0.0171618964523077
131	0.007253782823681831	0.9906556010246277	0.0020906778518110514	0.29300183057785034	0.7019862532615662	0.005011857487261295
132	0.0014092072378844023	0.9979314804077148	0.0006593203288502991	0.5679399371147156	0.41488128900527954	0.017178814858198166
133	0.1664993315935135	0.5836042165756226	0.24989642202854156	0.9399875998497009	0.0554194301366806	0.0045929886400699615
134	0.2686859667301178	0.10141047090291977	0.6299035549163818	0.4221419095993042	0.0987648144364357	0.4790932238101959
135	0.27160903811454773	0.7275955677032471	0.000795388943515718	0.18113122880458832	0.8180572986602783	0.0008114355732686818
136	0.7777504324913025	0.1916053295135498	0.03064425103366375	0.9719128608703613	0.027506399899721146	0.0005807190900668502
137	0.08185920119285583	0.41594216227531433	0.5021986365318298	0.011412983760237694	0.3974917531013489	0.5910952687263489
138	0.8010026812553406	0.1628938466310501	0.03610348701477051	0.745631217956543	0.23886461555957794	0.015504139475524426
139	0.9898841381072998	0.009832515381276608	0.00028337686671875417	0.9713190793991089	0.028351835906505585	0.0003290075110271573
140	0.025741560384631157	0.9643727540969849	0.009885752573609352	0.007859549485147	0.990542471408844	0.0015980324242264032
141	0.0019806877244263887	0.005444858223199844	0.9925744533538818	0.0085153728723526	0.012070107273757458	0.9794145226478577
142	0.8373373746871948	0.09273307025432587	0.06992963701486588	0.01778467185795307	0.9811303019523621	0.0010850349208340049
143	0.535799503326416	0.3990248441696167	0.06517567485570908	0.7954544425010681	0.1881987303495407	0.01634683646261692
144	0.15254652500152588	0.8420990109443665	0.005354483611881733	0.035521041601896286	0.9639158844947815	0.000563063018489629
145	0.4276684522628784	0.2575092613697052	0.31482231616973877	0.8450714945793152	0.14715252816677094	0.007775980047881603
146	0.01987847499549389	0.9754953980445862	0.004626112058758736	0.886754035949707	0.11250588297843933	0.0007400275790132582
147	0.892615556716919	0.09625048190355301	0.011133990250527859	0.03082686848938465	0.948060929775238	0.021112307906150818
148	0.0051858555525541306	0.9859070777893066	0.008907085284590721	0.021623970940709114	0.9727679491043091	0.005608127918094397
149	0.05940315127372742	0.022318951785564423	0.9182778596878052	0.5440062880516052	0.1284017413854599	0.32759198546409607
150	0.01742650754749775	0.9785646200180054	0.004008960910141468	0.6873114109039307	0.31097158789634705	0.0017170744249597192
151	0.4814019501209259	0.39101067185401917	0.12758737802505493	0.00397554412484169	0.9945603013038635	0.001464058761484921
152	0.6299553513526917	0.32280805706977844	0.04723651334643364	0.18007998168468475	0.8124485611915588	0.00747136864811182
153	0.3815120458602905	0.5725846290588379	0.045903280377388	0.5654486417770386	0.41713282465934753	0.017418554052710533
154	0.604817807674408	0.39311107993125916	0.0020710208918899298	0.9945914149284363	0.0052048685029149055	0.00020364100055303425
155	0.2170419842004776	0.7762158513069153	0.00674216914921999	0.40516698360443115	0.5930444002151489	0.0017886413261294365
156	0.004443052224814892	0.9883502721786499	0.007206774316728115	0.7512051463127136	0.2462056428194046	0.0025892043486237526
157	0.960817813873291	0.03302094712853432	0.0061612818390131	0.9803337454795837	0.01878097653388977	0.000885240500792861
158	0.01369992084801197	0.0466652549803257	0.9396348595619202	0.030351193621754646	0.6598973274230957	0.3097514808177948
159	0.0014345754170790315	0.001570626744069159	0.9969948530197144	0.01121529471129179	0.02133690007030964	0.9674478769302368
160	0.03101246803998947	0.9619081020355225	0.007079348899424076	0.03064616583287716	0.9667922854423523	0.002561572240665555
161	0.8767573237419128	0.11945755034685135	0.00378512148745358	0.001679041888564825	0.9972583055496216	0.001062537543475628
162	0.09511159360408783	0.9036813974380493	0.0012069428339600563	0.019535450264811516	0.9798682332038879	0.0005963295698165894
163	0.056531354784965515	0.936168372631073	0.0073003447614610195	0.9337765574455261	0.06579481065273285	0.0004285725299268961
164	0.943045437335968	0.05553523078560829	0.0014193415408954024	0.008836710825562477	0.9901485443115234	0.001014761277474463
165	0.005954822059720755	0.8899850249290466	0.1040600836277008	0.8527896404266357	0.14539167284965515	0.0018186988309025764
166	0.1166069358587265	0.18255043029785156	0.7008426785469055	0.4671442210674286	0.3788328766822815	0.1540229171514511
167	0.9235325455665588	0.07207340747117996	0.004394058138132095	0.02118023671209812	0.9773072004318237	0.0015125522622838616
168	0.9960177540779114	0.0037791915237903595	0.00020306826627347618	0.9961186647415161	0.003652669955044985	0.0002287165989400819
169	0.002461326541379094	0.19389082491397858	0.8036478161811829	0.007258173078298569	0.03929867222905159	0.9534431099891663
170	0.9634358286857605	0.03511491045355797	0.0014492202317342162	0.985663890838623	0.013841341249644756	0.000494734791573137
171	0.45128411054611206	0.33795294165611267	0.2107629030942917	0.1710951030254364	0.3900047838687897	0.43890008330345154
172	0.9284831881523132	0.051211949437856674	0.02030489221215248	0.6394042372703552	0.35472217202186584	0.005873498506844044
173	0.9462706446647644	0.05224444717168808	0.0014848790597170591	0.9898786544799805	0.00943645741790533	0.0006849052151665092
174	0.6036138534545898	0.3731519877910614	0.02323414385318756	0.8959220051765442	0.09717321395874023	0.006904824171215296
175	0.947161078453064	0.051258385181427	0.0015805388102307916	0.75067538022995	0.2468898892402649	0.0024347337894141674
176	0.8142800331115723	0.1808227151632309	0.004897234495729208	0.971583902835846	0.027806416153907776	0.0006096723373048007
177	0.01618289388716221	0.9457929134368896	0.038024213165044785	0.02667316421866417	0.9628342986106873	0.010492472909390926
178	0.00463103037327528	0.11545267701148987	0.8799163103103638	0.28255799412727356	0.6500586867332458	0.06738336384296417
179	0.006875408813357353	0.9914024472236633	0.001722219167277217	0.529001772403717	0.46901240944862366	0.0019858074374496937
180	0.0018253603484481573	0.1261650174856186	0.8720096349716187	0.0018622239585965872	0.06831468641757965	0.9298231601715088
181	0.05626364052295685	0.11145472526550293	0.8322815895080566	0.024602588266134262	0.013473374769091606	0.9619239568710327
182	0.14725789427757263	0.8369890451431274	0.015753058716654778	0.9833072423934937	0.015923000872135162	0.0007697491673752666
183	0.013379212468862534	0.9856900572776794	0.0009306985884904861	0.9843706488609314	0.015301954001188278	0.0003273580514360219
184	0.1728781908750534	0.41451355814933777	0.41260826587677	0.006438099313527346	0.9874459505081177	0.006116013042628765
185	0.04846985265612602	0.9162967801094055	0.03523339331150055	0.05312865599989891	0.9449470639228821	0.0019242119742557406
186	0.0012755905045196414	0.9967172741889954	0.0020070583559572697	0.8447953462600708	0.15222522616386414	0.002979508601129055
187	0.10457182675600052	0.4048358201980591	0.4905923902988434	0.6325926184654236	0.35400426387786865	0.013403126038610935
188	0.0019188998267054558	0.9972938895225525	0.0007871311390772462	0.00890262983739376	0.9903694987297058	0.0007278792327269912
189	0.0005648178630508482	0.9982796907424927	0.0011555164819583297	0.03914773091673851	0.9599906802177429	0.0008616353152319789
190	0.12423918396234512	0.7604942917823792	0.1152665987610817	0.2657284140586853	0.7319430708885193	0.002328497124835849
191	0.002421723445877433	0.9898838996887207	0.00769440783187747	0.030302414670586586	0.9668304920196533	0.00286709307692945
192	0.057731594890356064	0.9374282956123352	0.004840141627937555	0.11791577935218811	0.6599346399307251	0.22214965522289276
193	0.01013714075088501	0.08717098087072372	0.9026919603347778	0.12163478881120682	0.2488836795091629	0.6294814944267273
194	0.009650913998484612	0.018642207607626915	0.9717068076133728	0.0016793747199699283	0.011534514836966991	0.9867861866950989
195	0.006868405267596245	0.991916835308075	0.0012147905072197318	0.7864071130752563	0.2123887538909912	0.0012041314039379358
196	0.010611001402139664	0.9864758849143982	0.0029130722396075726	0.5950432419776917	0.3634479343891144	0.041508812457323074
197	0.7493910193443298	0.24145588278770447	0.009153115563094616	0.9731019735336304	0.025535481050610542	0.001362543785944581
198	0.122482530772686	0.8729438185691833	0.004573529586195946	0.9944116473197937	0.0053461771458387375	0.0002422390243737027
199	0.7003225088119507	0.2951282560825348	0.004549236502498388	0.9912716746330261	0.008429457433521748	0.000298786791972816
