0	0.997116208076477	0.0027186425868421793	0.00016520291683264077	0.9973593354225159	0.002480125753208995	0.00016053368744906038
1	0.9965555667877197	0.003266677726060152	0.00017781964561436325	0.9958023428916931	0.004003211390227079	0.00019440603500697762
2	0.9973251819610596	0.0024846582673490047	0.00019017362501472235	0.997454822063446	0.002325233072042465	0.00021999205637257546
3	0.9925622344017029	0.006483200006186962	0.0009545999928377569	0.992807149887085	0.006476706825196743	0.0007161817047744989
4	0.9973270893096924	0.0025072067510336637	0.00016569593572057784	0.9972383975982666	0.002616389887407422	0.00014516375085804611
5	0.9956738352775574	0.004010929726064205	0.00031518752803094685	0.7652328610420227	0.23035520315170288	0.004411919042468071
6	0.9944165945053101	0.005302775651216507	0.00028062998899258673	0.9837775230407715	0.01597794145345688	0.0002445043355692178
7	0.9972074627876282	0.00258958013728261	0.00020294450223445892	0.9970135688781738	0.002809709869325161	0.00017674517584964633
8	0.9948603510856628	0.004941047169268131	0.00019853997218888253	0.9940125346183777	0.005773794371634722	0.00021369325986597687
9	0.9963892698287964	0.0033716720063239336	0.00023913008044473827	0.995995044708252	0.0037485554348677397	0.0002564290480222553
10	0.9888984560966492	0.010014545172452927	0.0010870399419218302	0.9883900880813599	0.010467142798006535	0.0011427481658756733
11	0.994045078754425	0.005756949540227652	0.00019799132132902741	0.9941693544387817	0.005629672668874264	0.00020102085545659065
12	0.9950658082962036	0.004808648955076933	0.00012554791464935988	0.9959985017776489	0.003872340079396963	0.0001291537337237969
13	0.9969004392623901	0.002943728119134903	0.00015589779650326818	0.996283233165741	0.003575119422748685	0.0001416971063008532
14	0.997314989566803	0.002487462479621172	0.00019752692605834454	0.9974467754364014	0.0023818244226276875	0.00017142390424851328
15	0.9961698651313782	0.0036275985185056925	0.00020254509581718594	0.9962109327316284	0.00358787109144032	0.0002012681361520663
16	0.8575544357299805	0.14119133353233337	0.0012542105978354812	0.9973032474517822	0.0025601021479815245	0.0001366750948363915
17	0.9975964426994324	0.002265405608341098	0.00013818865409120917	0.997657060623169	0.0021928809583187103	0.00015008145419415087
18	0.9973111152648926	0.0024416849482804537	0.0002472800260875374	0.9971852898597717	0.002580305328592658	0.00023442022211384028
19	0.995927631855011	0.003850168315693736	0.00022212389740161598	0.9957030415534973	0.004009542521089315	0.0002873582998290658
20	0.9964991807937622	0.0033397532533854246	0.00016101595247164369	0.9964699745178223	0.003388278419151902	0.00014179830031935126
21	0.9928519129753113	0.006842734292149544	0.0003053189429920167	0.9944633841514587	0.005307037383317947	0.0002295706217410043
22	0.9974486231803894	0.0023733791895210743	0.00017802311049308628	0.9915978908538818	0.008196446113288403	0.00020568340551108122
23	0.9944802522659302	0.0053070662543177605	0.0002126848849002272	0.9932970404624939	0.006507258862257004	0.00019574188627302647
24	0.9965171813964844	0.0031996520701795816	0.0002831982565112412	0.9958387613296509	0.003772609168663621	0.00038868316914886236
25	0.9887105822563171	0.01074530091136694	0.0005441793473437428	0.9880084991455078	0.011391391046345234	0.0006000978173688054
26	0.9956093430519104	0.004224196542054415	0.00016646672156639397	0.994750440120697	0.005068610422313213	0.00018092812388204038
27	0.997186005115509	0.0025831139646470547	0.00023092013725545257	0.9958341121673584	0.003969613928347826	0.0001963109098142013
28	0.9899234175682068	0.009881679899990559	0.0001948911085492	0.9903083443641663	0.009493183344602585	0.00019843230256810784
29	0.9952254295349121	0.004618672654032707	0.00015591485134791583	0.9954889416694641	0.0043625482358038425	0.00014846013800706714
30	0.9905171990394592	0.008187641389667988	0.0012951134704053402	0.9790266752243042	0.015292098745703697	0.005681229755282402
31	0.9971766471862793	0.002673741430044174	0.000149604442412965	0.9971321821212769	0.0027229117695242167	0.00014487335283774883
32	0.996325671672821	0.00346489530056715	0.00020942845731042325	0.9963164329528809	0.003468476701527834	0.0002150625514332205
33	0.9966272115707397	0.003195272758603096	0.00017760209448169917	0.9965108036994934	0.0033070992212742567	0.000182040297659114
34	0.9946826100349426	0.004954769741743803	0.0003625968820415437	0.993051290512085	0.00659705325961113	0.0003516440629027784
35	0.9967592358589172	0.003057935042306781	0.00018290035950485617	0.9934784173965454	0.006306507159024477	0.00021501719311345369
36	0.9965136647224426	0.0033023732248693705	0.00018395092047285289	0.9968507885932922	0.0029736862052232027	0.00017557483806740493
37	0.9956464171409607	0.004145633429288864	0.00020789814880117774	0.9955326318740845	0.0042892214842140675	0.00017809255223255605
38	0.9963741898536682	0.0033779111690819263	0.00024783448316156864	0.9963919520378113	0.0034264547284692526	0.0001816327712731436
39	0.9566353559494019	0.04150482639670372	0.0018598895985633135	0.7947644591331482	0.20075267553329468	0.004482834599912167
40	0.9970249533653259	0.002817433560267091	0.00015757008804939687	0.996417760848999	0.00345067260786891	0.00013150455197319388
41	0.9837065935134888	0.015765849500894547	0.0005275723524391651	0.9913177490234375	0.007910690270364285	0.000771624909248203
42	0.9963808655738831	0.0033617063891142607	0.00025741232093423605	0.9957892298698425	0.003971803467720747	0.00023902709654066712
43	0.9801668524742126	0.014059971086680889	0.005773148033767939	0.9949546456336975	0.004441182594746351	0.0006041617598384619
44	0.9947623610496521	0.005057664588093758	0.000180042305146344	0.9941138625144958	0.0057066138833761215	0.00017950040637515485
45	0.9953582882881165	0.004460636992007494	0.00018110498785972595	0.9951202273368835	0.004700139630585909	0.0001796152937458828
46	0.9622814655303955	0.03561882674694061	0.0020997081883251667	0.985527753829956	0.01412251964211464	0.00034981031785719097
47	0.9906484484672546	0.009035198949277401	0.00031637714710086584	0.9913880228996277	0.008277760818600655	0.0003342547279316932
48	0.9936999082565308	0.006038842722773552	0.0002612867101561278	0.9948563575744629	0.004906832240521908	0.00023684222833253443
49	0.9969748258590698	0.0028173376340419054	0.00020784979278687388	0.9969280362129211	0.002867329865694046	0.00020468063303269446
50	0.9761627912521362	0.02346186898648739	0.00037540632183663547	0.9942345023155212	0.005524477921426296	0.0002409807639196515
51	0.9968691468238831	0.0029298842418938875	0.00020099971152376384	0.9968448877334595	0.002939460100606084	0.00021566722716670483
52	0.9965547323226929	0.003172648837789893	0.0002726020466070622	0.9961729645729065	0.003572084242478013	0.00025499469484202564
53	0.9966707825660706	0.0031031977850943804	0.00022606836864724755	0.9968216419219971	0.002966041211038828	0.00021237414330244064
54	0.995403528213501	0.004427676554769278	0.00016882960335351527	0.9950207471847534	0.004815130960196257	0.00016414803394582123
55	0.9818984866142273	0.016954563558101654	0.0011470280587673187	0.9840397238731384	0.015063195489346981	0.0008970277849584818
56	0.9961463212966919	0.0034708145540207624	0.00038286318886093795	0.9895437955856323	0.010172629728913307	0.00028359759016893804
57	0.9921473860740662	0.007670991122722626	0.00018163755885325372	0.9878227710723877	0.011964196339249611	0.000212971237488091
58	0.9943707585334778	0.005291390232741833	0.0003379222471266985	0.9938580393791199	0.0058217826299369335	0.00032024382380768657
59	0.995267391204834	0.0045035360381007195	0.00022905068180989474	0.9951872825622559	0.004582482390105724	0.0002302481298102066
60	0.9966013431549072	0.0031407352071255445	0.00025795050896704197	0.9958428740501404	0.003920829389244318	0.0002362620725762099
61	0.9947983026504517	0.005038957577198744	0.00016271531058009714	0.995134174823761	0.00469809677451849	0.0001676598039921373
62	0.9958717226982117	0.0039512901566922665	0.00017694526468403637	0.9964709281921387	0.0033066687174141407	0.0002223792689619586
63	0.9966069459915161	0.0032407105900347233	0.00015233382873702794	0.9965367317199707	0.0032621717546135187	0.00020114818471483886
64	0.9961710572242737	0.0036137858405709267	0.00021521477901842445	0.9961048364639282	0.003718302585184574	0.00017689555534161627
65	0.9939205646514893	0.005907481070607901	0.00017192921950481832	0.9954504370689392	0.004392643924802542	0.00015689528663642704
66	0.001921054208651185	0.0014495181385427713	0.9966294169425964	0.001374721177853644	0.0017347726970911026	0.9968904852867126
67	0.9944472312927246	0.005393698811531067	0.0001590108877280727	0.9944491386413574	0.005396304652094841	0.00015452703519258648
68	0.9960272312164307	0.003774314420297742	0.00019850667740684003	0.9960641264915466	0.003751143580302596	0.0001847436069510877
69	0.9809662103652954	0.016529211774468422	0.0025046109221875668	0.9900181293487549	0.009002842009067535	0.0009790128096938133
70	0.9958621263504028	0.003997122868895531	0.00014073911006562412	0.9960845708847046	0.0037662240210920572	0.00014919125533197075
71	0.9964704513549805	0.0033263815566897392	0.0002032239135587588	0.9961192607879639	0.0036785444244742393	0.00020220017177052796
72	0.996877908706665	0.0029792028944939375	0.00014292380365077406	0.9919155240058899	0.007941050454974174	0.00014338939217850566
73	0.9970465302467346	0.0027455450035631657	0.0002079182886518538	0.9968642592430115	0.002941014477983117	0.00019466737285256386
74	0.9894992113113403	0.009358540177345276	0.0011422561947256327	0.9962406158447266	0.003540025558322668	0.0002193463733419776
75	0.9930797219276428	0.006661783903837204	0.0002585393958725035	0.993316650390625	0.006426540203392506	0.0002568131312727928
76	0.9829036593437195	0.015133464708924294	0.001962832408025861	0.9966554641723633	0.0031256277579814196	0.00021887569164391607
77	0.5345618724822998	0.4613741636276245	0.00406390568241477	0.9946057200431824	0.005036288872361183	0.00035801398917101324
78	0.9972257018089294	0.002626745728775859	0.00014754661242477596	0.9969018697738647	0.0029536124784499407	0.00014448810543399304
79	0.996645987033844	0.003185256151482463	0.0001687647309154272	0.9938884377479553	0.005951507017016411	0.0001601386466063559
80	0.9970069527626038	0.002572400961071253	0.0004206179000902921	0.994958221912384	0.004749740473926067	0.00029206430190242827
81	0.9959675073623657	0.003803282743319869	0.00022918579634279013	0.9954221844673157	0.004346115048974752	0.00023163908917922527
82	0.9960880279541016	0.0037694924976676702	0.00014250757521949708	0.9953523874282837	0.004522253759205341	0.00012530747335404158
83	0.9937093257904053	0.0060780965723097324	0.00021257332991808653	0.9947708249092102	0.005063187796622515	0.00016592601605225354
84	0.9947615265846252	0.005094971042126417	0.00014356950123328716	0.994981586933136	0.004875858314335346	0.00014258487499319017
85	0.9877975583076477	0.011932021006941795	0.0002704200451262295	0.0017845561960712075	0.9976063966751099	0.0006089780363254249
86	0.9956685304641724	0.003924738150089979	0.00040676785283721983	0.9954836368560791	0.0041429996490478516	0.00037332859938032925
87	0.9960317015647888	0.00384522951208055	0.00012299524678383023	0.9960464835166931	0.0038182924035936594	0.0001352562685497105
88	0.9951283931732178	0.004709077533334494	0.00016255058289971203	0.9960442781448364	0.0037926204968243837	0.00016315217362716794
89	0.9951177835464478	0.004742770921438932	0.00013943838712293655	0.9951228499412537	0.0047449530102312565	0.00013216453953646123
90	0.9568172097206116	0.03660101443529129	0.006581701338291168	0.09645256400108337	0.8699485659599304	0.03359890729188919
91	0.9903342127799988	0.009318450465798378	0.00034734487417154014	0.9937877655029297	0.005899468902498484	0.00031277790549211204
92	0.9971486926078796	0.002705871593207121	0.00014545985322911292	0.9972215890884399	0.002633488504216075	0.00014495864161290228
93	0.9967073202133179	0.003136833431199193	0.00015586418157909065	0.995030403137207	0.004810427315533161	0.00015910109505057335
94	0.36919671297073364	0.022586094215512276	0.608217179775238	0.0030889404006302357	0.004266648553311825	0.9926444292068481
95	0.997471809387207	0.002303076209500432	0.00022513877775054425	0.9914574027061462	0.008152574300765991	0.0003900455485563725
96	0.9936996698379517	0.006105269305408001	0.00019505892123561352	0.8730413913726807	0.1262085884809494	0.0007499930798076093
97	0.9944378137588501	0.005384872201830149	0.00017733873391989619	0.9062196612358093	0.09231557697057724	0.0014647389762103558
98	0.9320325255393982	0.06439074128866196	0.0035767063964158297	0.9740769863128662	0.02448205091059208	0.0014409652212634683
99	0.9975000023841858	0.002283309819176793	0.00021665608801413327	0.9971127510070801	0.0026718953158706427	0.0002153757232008502
100	0.995448648929596	0.004146057181060314	0.0004052289295941591	0.9957822561264038	0.003886337159201503	0.00033144623739644885
101	0.9966251850128174	0.003185230540111661	0.0001895673485705629	0.9965060949325562	0.0032817593310028315	0.0002121427678503096
102	0.9969883561134338	0.002833627164363861	0.00017804894014261663	0.9955111742019653	0.004311570432037115	0.0001772849791450426
103	0.9905408024787903	0.00914666149765253	0.0003124894283246249	0.9930238723754883	0.0067375958897173405	0.00023846427211537957
104	0.9954696893692017	0.004308870993554592	0.00022139148495625705	0.9957868456840515	0.00398971838876605	0.00022348585480358452
105	0.9680415987968445	0.022661710157990456	0.009296655654907227	0.9963601231575012	0.003354179672896862	0.0002856853825505823
106	0.9968277812004089	0.0029997420497238636	0.00017245447088498622	0.9969984292984009	0.0028310962952673435	0.00017055304488167167
107	0.9931656718254089	0.006544502452015877	0.00028979481430724263	0.9934426546096802	0.0063890740275382996	0.00016827028593979776
108	0.9901446104049683	0.007977589964866638	0.0018778096418827772	0.9941504597663879	0.005046488251537085	0.0008030726457946002
109	0.9905344247817993	0.009257359430193901	0.00020821113139390945	0.9900174736976624	0.009773464873433113	0.00020903533732052892
110	0.9928393363952637	0.007011713460087776	0.00014891111641190946	0.9925277233123779	0.007322251796722412	0.00015001291467342526
111	0.9881321787834167	0.009601105004549026	0.0022666356526315212	0.9916868805885315	0.006742064841091633	0.0015710333827883005
112	0.9961463212966919	0.0036997648421674967	0.00015391065971925855	0.9961212277412415	0.003720575477927923	0.0001582252880325541
113	0.9963440299034119	0.0034649015869945288	0.0001910734863486141	0.9962904453277588	0.0035135268699377775	0.00019608964794315398
114	0.994208812713623	0.005616323556751013	0.0001748351933201775	0.9943965673446655	0.005428943783044815	0.00017452200700063258
115	0.9962427616119385	0.003553681541234255	0.00020355003653094172	0.9960856437683105	0.0036999168805778027	0.00021448804182000458
116	0.9945670366287231	0.005000140983611345	0.000432858825661242	0.9947799444198608	0.004837965127080679	0.0003821605059783906
117	0.9964005947113037	0.003443024819716811	0.0001563974074088037	0.9964140057563782	0.0034220681991428137	0.0001639174879528582
118	0.9947404265403748	0.0050865462981164455	0.0001730127405608073	0.9946480393409729	0.005183962639421225	0.0001679527631495148
119	0.9960747957229614	0.003751167794689536	0.00017408137500751764	0.9962204098701477	0.0035997999366372824	0.00017975797527469695
120	0.9810305833816528	0.015907516703009605	0.0030618752352893353	0.9880659580230713	0.009727868251502514	0.00220615160651505
121	0.9939606189727783	0.005818691570311785	0.00022067334793973714	0.9938068985939026	0.005966839846223593	0.00022625226119998842
122	0.995029628276825	0.004746515769511461	0.00022386584896594286	0.9951139688491821	0.00465962802991271	0.00022633215121459216
123	0.992439866065979	0.007369600236415863	0.00019047784735448658	0.9921063184738159	0.007696063723415136	0.00019765793695114553
124	0.9961141347885132	0.0036856415681540966	0.00020018315990455449	0.9961822628974915	0.0036137851420789957	0.00020393890736158937
125	0.9945092797279358	0.005214984063059092	0.00027576531283557415	0.993977427482605	0.00575351994484663	0.0002690008841454983
126	0.9877920746803284	0.010318326763808727	0.0018896161345764995	0.9836336970329285	0.013094575144350529	0.0032717741560190916
127	0.9953547716140747	0.004477507434785366	0.00016776191478129476	0.9955659508705139	0.0042475126683712006	0.00018647537217475474
128	0.9941043257713318	0.005688376259058714	0.00020736188162118196	0.9937629103660583	0.006018088199198246	0.00021904907771386206
129	0.987251877784729	0.010938308201730251	0.0018097736174240708	0.9898574352264404	0.008906524628400803	0.0012360179098322988
130	0.9905000329017639	0.00927816517651081	0.0002218188310507685	0.991001307964325	0.008782417513430119	0.00021624039800371975
131	0.9970170259475708	0.0027395463548600674	0.00024347759608644992	0.9969668984413147	0.0027819443494081497	0.0002511628554202616
132	0.9890187978744507	0.0092722587287426	0.0017089582979679108	0.9533140659332275	0.03613670915365219	0.010549265891313553
133	0.988624095916748	0.00868711993098259	0.0026887813583016396	0.9713881611824036	0.021907329559326172	0.006704485975205898
134	0.9852472543716431	0.011001409031450748	0.003751383861526847	0.9889686107635498	0.009880587458610535	0.0011508138850331306
135	0.9920163154602051	0.0062308418564498425	0.0017528606113046408	0.9169701337814331	0.048303984105587006	0.03472590446472168
136	0.9962471127510071	0.0033909566700458527	0.00036187382647767663	0.9966082572937012	0.0031078821048140526	0.00028382602613419294
137	0.9973053932189941	0.0024528303183615208	0.0002418115473119542	0.9970399737358093	0.0026281445752829313	0.00033179717138409615
138	0.9946660995483398	0.005000228527933359	0.0003336450026836246	0.9940631985664368	0.0055875275284051895	0.0003492684045340866
139	0.9952432513237	0.004542079754173756	0.000214699815842323	0.9951881170272827	0.004609096795320511	0.00020273875270504504
140	0.9864799380302429	0.00926698837429285	0.004253088962286711	0.9188650846481323	0.029638350009918213	0.051496513187885284
141	0.9904345273971558	0.00824315007776022	0.0013222881825640798	0.9941179752349854	0.005253837909549475	0.0006282101385295391
142	0.9960905909538269	0.0037673835176974535	0.0001419551990693435	0.995792031288147	0.004065095912665129	0.00014282028132583946
143	0.9942599534988403	0.005530497524887323	0.0002095730451401323	0.9939718842506409	0.005807904992252588	0.0002201591560151428
144	0.9726169109344482	0.023761631920933723	0.0036214671563357115	0.9873397350311279	0.01044280081987381	0.0022174587938934565
145	0.9956698417663574	0.0037681167013943195	0.0005620297743007541	0.9952206015586853	0.0041252258233726025	0.0006541752372868359
146	0.9954754710197449	0.004311792086809874	0.0002127814368577674	0.9954628348350525	0.004328600596636534	0.00020855139882769436
147	0.9917877316474915	0.007511751726269722	0.0007004831568337977	0.9960095882415771	0.0036094686947762966	0.00038089259760454297
148	0.9847331643104553	0.014089490287005901	0.0011773135047405958	0.991430938243866	0.008236152119934559	0.00033289138809777796
149	0.9968245029449463	0.0030084860045462847	0.0001670322089921683	0.9969634413719177	0.00288034463301301	0.0001561592798680067
150	0.9963369369506836	0.0034109035041183233	0.00025210774037986994	0.9964925646781921	0.0032685059122741222	0.00023887245333753526
151	0.9805917143821716	0.01589382253587246	0.003514503128826618	0.8998111486434937	0.036469705402851105	0.06371922045946121
152	0.995763897895813	0.003957761451601982	0.00027830826002173126	0.9955180287361145	0.004213999956846237	0.00026804953813552856
153	0.9869491457939148	0.009904061444103718	0.003146743169054389	0.9000218510627747	0.05154383182525635	0.04843428358435631
154	0.9969057440757751	0.0028162021189928055	0.0002780251088552177	0.995086133480072	0.004430025815963745	0.0004838069435209036
155	0.9911133646965027	0.008106336928904057	0.0007803311455063522	0.9919702410697937	0.007534473203122616	0.0004952685558237135
156	0.9933542013168335	0.006047525908797979	0.0005982978036627173	0.9906381368637085	0.008646260015666485	0.000715581641998142
157	0.9928268790245056	0.0055999173782765865	0.0015732242027297616	0.9947258830070496	0.004331049043685198	0.0009430506033822894
158	0.9959942102432251	0.003840862773358822	0.00016495973977725953	0.9961655139923096	0.0036619873717427254	0.00017257344734389335
159	0.995890736579895	0.003909558057785034	0.00019965061801485717	0.9956068396568298	0.0041858428157866	0.00020727698574773967
160	0.9950436353683472	0.0047890436835587025	0.00016730133211240172	0.9954961538314819	0.00434514693915844	0.00015876078396104276
161	0.9948474168777466	0.004374353215098381	0.000778276298660785	0.9954814910888672	0.004040934145450592	0.0004775217385031283
162	0.993691086769104	0.005939377937465906	0.0003695366904139519	0.9937246441841125	0.005888078361749649	0.00038730562664568424
163	0.9963263869285583	0.003471158677712083	0.0002023925189860165	0.9964007139205933	0.0033918465487658978	0.00020746717927977443
164	0.9914329051971436	0.006735235918313265	0.0018318810034543276	0.9577184319496155	0.017404602840542793	0.02487690933048725
165	0.9960342049598694	0.0037023096811026335	0.0002635179553180933	0.9959602952003479	0.0037729579489678144	0.00026679979055188596
166	0.9971987009048462	0.002553923986852169	0.00024740357184782624	0.9970338344573975	0.00273349997587502	0.0002327061811229214
167	0.9884882569313049	0.009518313221633434	0.001993422629311681	0.9933803081512451	0.005832236725836992	0.0007874717703089118
168	0.986918032169342	0.012578338384628296	0.0005036587244831026	0.9941180944442749	0.005581029690802097	0.00030090357176959515
169	0.9908287525177002	0.008271387778222561	0.0008998530684038997	0.9942554831504822	0.005243284162133932	0.0005012690089643002
170	0.994751513004303	0.00502451928332448	0.00022394162078853697	0.9946140646934509	0.005155970808118582	0.00022997159976512194
171	0.9685974717140198	0.024702973663806915	0.00669954065233469	0.8786009550094604	0.056714605540037155	0.06468445062637329
172	0.9907556176185608	0.008530308492481709	0.0007140198140405118	0.989910900592804	0.009218346327543259	0.0008707701927050948
173	0.996434211730957	0.0030289122369140387	0.0005369000718928874	0.996260941028595	0.00328389136120677	0.0004551361780613661
174	0.9951645135879517	0.004673955496400595	0.00016153034812305123	0.9953190684318542	0.004519755020737648	0.00016117733321152627
175	0.9810391664505005	0.012435201555490494	0.006525665987282991	0.8951264023780823	0.05656184256076813	0.048311810940504074
176	0.982819139957428	0.014535926282405853	0.0026449745055288076	0.9912412166595459	0.007683297619223595	0.0010755147086456418
177	0.9952281713485718	0.004432065412402153	0.00033976411214098334	0.9953750967979431	0.004310308955609798	0.00031457081786356866
178	0.9928085803985596	0.006747463718056679	0.0004439574549905956	0.9955658316612244	0.004072386305779219	0.00036170709063299
179	0.9926978945732117	0.007093449588865042	0.00020866589329671115	0.9920843839645386	0.007692994549870491	0.00022266086307354271
180	0.9954063892364502	0.003877064445987344	0.000716586597263813	0.9943802952766418	0.004519795998930931	0.001099927700124681
181	0.9959189295768738	0.0036873959470540285	0.0003936912980861962	0.9946784973144531	0.004820778965950012	0.0005007699364796281
182	0.9961775541305542	0.0034253988415002823	0.00039708218537271023	0.9969547986984253	0.002774669323116541	0.0002705567458178848
183	0.9844740629196167	0.014167046174407005	0.001358882407657802	0.9885045886039734	0.010625200346112251	0.000870224554091692
184	0.9941067695617676	0.005396225024014711	0.0004969604196958244	0.9942876696586609	0.005268018692731857	0.0004443920333869755
185	0.9922581315040588	0.007534011732786894	0.00020781539205927402	0.9920865893363953	0.007696391083300114	0.0002170187799492851
186	0.9503907561302185	0.04698311910033226	0.0026260516606271267	0.9918223023414612	0.007556922268122435	0.0006207774858921766
187	0.996748685836792	0.003050092840567231	0.00020124393631704152	0.9969620108604431	0.002850672695785761	0.00018724008987192065
188	0.9963562488555908	0.003318068804219365	0.0003257542848587036	0.9959694147109985	0.0036488850601017475	0.0003817205142695457
189	0.9959522485733032	0.0038428734987974167	0.0002048544556600973	0.9956920742988586	0.004107499960809946	0.00020043582480866462
190	0.9972952008247375	0.0025241796392947435	0.00018064433243125677	0.9973180890083313	0.0025059902109205723	0.0001758690195856616
191	0.9956232905387878	0.004054914228618145	0.0003218306228518486	0.9955165982246399	0.004157829564064741	0.00032563190325163305
192	0.8808164000511169	0.11327265948057175	0.005910910665988922	0.9492537975311279	0.03602922335267067	0.014716961421072483
193	0.9504813551902771	0.03628351911902428	0.013235146179795265	0.9373956918716431	0.04054455831646919	0.022059760987758636
194	0.9655879139900208	0.025318315252661705	0.009093699045479298	0.8692545294761658	0.08971914649009705	0.04102632775902748
195	0.9939164519309998	0.005905724596232176	0.00017782716895453632	0.9943053126335144	0.005504274275153875	0.00019034874276258051
196	0.9928531050682068	0.006900391541421413	0.0002465315628796816	0.992010235786438	0.007727853488177061	0.00026188205811195076
197	0.9960448145866394	0.003730826312676072	0.0002242868795292452	0.996052086353302	0.003738085040822625	0.00020988153119105846
198	0.9960144758224487	0.003635056084021926	0.0003504740307107568	0.9958204030990601	0.0038303500041365623	0.0003492404066491872
199	0.9970002770423889	0.002805304480716586	0.00019435517606325448	0.9970080256462097	0.0027958552818745375	0.00019609805895015597
