0	0.9950212240219116	0.00472856592386961	0.0002502460847608745	0.9952240586280823	0.00454001734033227	0.0002359365316806361
1	0.9956802129745483	0.0040955995209515095	0.00022412996622733772	0.9958869814872742	0.003903609002009034	0.00020938475790899247
2	0.9930934906005859	0.006584137212485075	0.0003223956155125052	0.9926908612251282	0.006959880236536264	0.0003492432297207415
3	0.9915225505828857	0.008345344103872776	0.0001321020972682163	0.9915336966514587	0.008341734297573566	0.00012456676631700248
4	0.996431827545166	0.003378639928996563	0.0001895173772936687	0.996857762336731	0.0029644633177667856	0.00017779384506866336
5	0.9912856221199036	0.00847399141639471	0.00024035426031332463	0.9920499920845032	0.00772011186927557	0.00022989734134171158
6	0.9952644109725952	0.0045218258164823055	0.00021371195907704532	0.995672345161438	0.004148864187300205	0.00017884127737488598
7	0.9971504807472229	0.0026467591524124146	0.00020282088371459395	0.9972227811813354	0.002578901592642069	0.00019835431885439903
8	0.9944106936454773	0.00530015816912055	0.0002891354961320758	0.9945135116577148	0.005177567712962627	0.0003088853554800153
9	0.9950607419013977	0.0047081648372113705	0.00023104102001525462	0.9950780868530273	0.004690407309681177	0.0002314596640644595
10	0.9949674010276794	0.004826034884899855	0.00020654438412748277	0.9949866533279419	0.004816683940589428	0.00019665462605189532
11	0.9960669875144958	0.003708387492224574	0.00022470744443126023	0.9964855909347534	0.003296267706900835	0.00021818238019477576
12	0.9968876242637634	0.002941337414085865	0.0001710412761894986	0.9967547059059143	0.0030496125109493732	0.0001956802443601191
13	0.9917673468589783	0.007910504937171936	0.00032222497975453734	0.9928187727928162	0.0068949260748922825	0.0002863264817278832
14	0.993966281414032	0.005813391879200935	0.0002203574840677902	0.9944368600845337	0.005369093269109726	0.00019400138990022242
15	0.9963514804840088	0.0034980427008122206	0.00015051157970447093	0.9962406158447266	0.0036178764421492815	0.00014152898802421987
16	0.9959051609039307	0.003912052605301142	0.00018275392358191311	0.9960252046585083	0.0038107079453766346	0.0001641076523810625
17	0.9965959191322327	0.0031352657824754715	0.0002688461681827903	0.9960873126983643	0.003627053927630186	0.00028560662758536637
18	0.9929935336112976	0.0068039679899811745	0.00020243546168785542	0.9936556816101074	0.006172770168632269	0.00017155962996184826
19	0.9957980513572693	0.004025939851999283	0.0001759756705723703	0.995765209197998	0.004064830020070076	0.00016991376469377428
20	0.9968613386154175	0.0029219507705420256	0.0002167206403100863	0.9964556694030762	0.003304020967334509	0.0002402833488304168
21	0.9937310218811035	0.0059955911710858345	0.00027344480622559786	0.9932515025138855	0.00647213589400053	0.0002763993397820741
22	0.9932534098625183	0.006544387899339199	0.0002022346598096192	0.9937765598297119	0.006036055739969015	0.0001874146837508306
23	0.9961286783218384	0.0036865901201963425	0.00018474941316526383	0.9961048364639282	0.0037242043763399124	0.00017103318532463163
24	0.9964061379432678	0.0034145007375627756	0.00017938610108103603	0.9964582324028015	0.0033621517941355705	0.0001796567376004532
25	0.9930758476257324	0.0067159151658415794	0.00020821011275984347	0.9929566383361816	0.006845558062195778	0.00019778548448812217
26	0.9955899715423584	0.004232766106724739	0.0001772449177224189	0.9946197271347046	0.0052084182389080524	0.0001718753483146429
27	0.9939965009689331	0.005789915099740028	0.00021352237672545016	0.994446873664856	0.005357914604246616	0.0001952188031282276
28	0.9970247149467468	0.0026791237760335207	0.0002961067366413772	0.9971083998680115	0.0026001057121902704	0.00029146374436095357
29	0.9945312142372131	0.005245513282716274	0.00022324429301079363	0.9932314157485962	0.006556921638548374	0.00021164052304811776
30	0.9952901601791382	0.004530442412942648	0.00017943776038009673	0.9954364895820618	0.004390936344861984	0.0001725563924992457
31	0.9926139116287231	0.007232867646962404	0.00015326531138271093	0.9934765696525574	0.00637259054929018	0.00015086754865478724
32	0.992010235786438	0.007420044392347336	0.0005697936285287142	0.9924042820930481	0.006997531279921532	0.0005981384892947972
33	0.9963992834091187	0.0033755069598555565	0.0002252137055620551	0.9965997338294983	0.003155183745548129	0.0002451387990731746
34	0.9974728226661682	0.0022542658261954784	0.0002728961408138275	0.9974383115768433	0.00230429507791996	0.0002573996316641569
35	0.9971163272857666	0.0026974810753017664	0.0001861760683823377	0.9972526431083679	0.002566533163189888	0.0001808389788493514
36	0.9964602589607239	0.0032855148892849684	0.0002542599686421454	0.9960481524467468	0.003706105751916766	0.00024578478769399226
37	0.9968704581260681	0.0029549647588282824	0.00017455004854127765	0.9968606233596802	0.0029516557697206736	0.00018777877266984433
38	0.9940383434295654	0.005660662427544594	0.00030103386961854994	0.9945802092552185	0.005149451084434986	0.0002703445788938552
39	0.9945579767227173	0.005154888145625591	0.0002871337637770921	0.9949177503585815	0.004805366508662701	0.00027686433168128133
40	0.9946144223213196	0.005194132216274738	0.0001914737222250551	0.9950816631317139	0.004736772272735834	0.00018158119928557426
41	0.9938536882400513	0.005976452026516199	0.00016984168905764818	0.9941727519035339	0.005662837065756321	0.00016442926425952464
42	0.9939788579940796	0.005762857850641012	0.00025832399842329323	0.9947157502174377	0.005045169964432716	0.0002390987065155059
43	0.9890797734260559	0.010754256509244442	0.00016602524556219578	0.9902241826057434	0.009619972668588161	0.00015581917250528932
44	0.9897626638412476	0.00988952536135912	0.0003478399885352701	0.9904154539108276	0.009262892417609692	0.00032166208256967366
45	0.9936003684997559	0.006230221129953861	0.0001694913225946948	0.9939754605293274	0.005860764998942614	0.00016378633154090494
46	0.9955586194992065	0.004114250652492046	0.0003271578170824796	0.9952861666679382	0.004412305075675249	0.00030161073664203286
47	0.9958622455596924	0.003906372003257275	0.0002314102166565135	0.995736837387085	0.004041176754981279	0.00022202840773388743
48	0.9899184107780457	0.009856533259153366	0.00022510193230118603	0.9912750720977783	0.008519606664776802	0.00020535053045023233
49	0.9930893778800964	0.006780339404940605	0.00013024093641433865	0.9926981329917908	0.007167059928178787	0.00013476893946062773
50	0.9967621564865112	0.0029575065709650517	0.000280285079497844	0.9966657757759094	0.003060832852497697	0.00027332777972333133
51	0.9952314496040344	0.004531250800937414	0.0002373180032009259	0.9958744645118713	0.003928203601390123	0.00019739216077141464
52	0.9966822266578674	0.0031276885420084	0.00019004159548785537	0.9967530369758606	0.0030639306642115116	0.00018295679183211178
53	0.9966058731079102	0.00319691258482635	0.0001972158206626773	0.9968096613883972	0.003002470824867487	0.0001878700131783262
54	0.9953006505966187	0.004516043234616518	0.000183283889782615	0.9959806203842163	0.0038432725705206394	0.00017606651817914099
55	0.992161214351654	0.007652951404452324	0.00018579617608338594	0.9937037825584412	0.006117221899330616	0.0001789302914403379
56	0.9939735531806946	0.005833978299051523	0.0001924731768667698	0.995142936706543	0.0046624308452010155	0.0001946229749592021
57	0.9960163235664368	0.0037869049701839685	0.00019675640214700252	0.996283233165741	0.003508114255964756	0.00020869461877737194
58	0.9940658807754517	0.005754245910793543	0.00017981384007725865	0.9945843815803528	0.005245243664830923	0.0001703453017398715
59	0.9968068599700928	0.002983769867569208	0.0002094163210131228	0.996906578540802	0.0028850489761680365	0.000208373210625723
60	0.9958736300468445	0.0038950336165726185	0.000231316895224154	0.9962987303733826	0.003495466662570834	0.0002057962556136772
61	0.9935492873191833	0.006237769033759832	0.00021295827173162252	0.9936191439628601	0.006171251181513071	0.00020953746570739895
62	0.9957809448242188	0.004041322972625494	0.00017779650806915015	0.995625376701355	0.004196444991976023	0.00017816129548009485
63	0.9948036074638367	0.004942297004163265	0.00025411872775293887	0.9949274063110352	0.00484838243573904	0.00022427320072893053
64	0.9960553646087646	0.0036453756038099527	0.0002992344961967319	0.9960312247276306	0.0036812005564570427	0.000287604343611747
65	0.9959279894828796	0.0038495713379234076	0.00022242202248889953	0.9957085847854614	0.004062215331941843	0.00022923243523109704
66	0.9926922917366028	0.0070506432093679905	0.0002570811193436384	0.9923568964004517	0.007357513532042503	0.0002856471110135317
67	0.9966263771057129	0.0031857036519795656	0.0001879021292552352	0.9966597557067871	0.0031577085610479116	0.00018254772294312716
68	0.9955348968505859	0.004326648078858852	0.00013840255269315094	0.995686948299408	0.004187530837953091	0.00012546381913125515
69	0.9952362179756165	0.004476284608244896	0.00028751432546414435	0.9956867098808289	0.00402276124805212	0.0002904625434894115
70	0.9934091567993164	0.0062903156504035	0.00030059265554882586	0.9924739003181458	0.0072044432163238525	0.0003216038167010993
71	0.9918849468231201	0.007617566268891096	0.0004975401097908616	0.9913766384124756	0.008148159831762314	0.0004751641827169806
72	0.9956070780754089	0.004253967199474573	0.00013898745237383991	0.9958244562149048	0.0040517630986869335	0.00012379094550851732
73	0.994170069694519	0.005564054474234581	0.0002659344463609159	0.993929386138916	0.005822744220495224	0.0002478278474882245
74	0.9966860413551331	0.0031148961279541254	0.00019906448142137378	0.9968283772468567	0.002971575129777193	0.0002000574895646423
75	0.9964126944541931	0.003427939722314477	0.00015942730533424765	0.9967871904373169	0.003050751518458128	0.00016210865578614175
76	0.9917893409729004	0.007946202531456947	0.00026444054674357176	0.992183268070221	0.007552322465926409	0.00026434106985107064
77	0.9926469326019287	0.007182636298239231	0.00017042238323483616	0.9931743741035461	0.0066614276729524136	0.00016418457380495965
78	0.995091438293457	0.004766784142702818	0.0001417120947735384	0.9952084422111511	0.004662588704377413	0.00012900453293696046
79	0.9960352778434753	0.003782356856390834	0.00018242619989905506	0.9961178302764893	0.0037027245853096247	0.0001794614945538342
80	0.9964343309402466	0.003366712247952819	0.00019896790036000311	0.996166467666626	0.003624256234616041	0.0002093233197228983
81	0.995729386806488	0.004098651930689812	0.0001719117717584595	0.9960727691650391	0.0037574097514152527	0.00016984438116196543
82	0.9956814050674438	0.004066918510943651	0.00025163067039102316	0.9956201910972595	0.004126384388655424	0.000253407284617424
83	0.9785903692245483	0.02126532606780529	0.000144325356814079	0.9708157181739807	0.02903309464454651	0.00015122079639695585
84	0.996227502822876	0.003556259674951434	0.00021622292115353048	0.9964343309402466	0.003374217776581645	0.00019139064534101635
85	0.9958011507987976	0.00397001625970006	0.0002287961688125506	0.9956414699554443	0.004136825446039438	0.00022168153373058885
86	0.9963376522064209	0.003481324529275298	0.00018109017401002347	0.9963210821151733	0.0035006175749003887	0.0001783045008778572
87	0.9956877827644348	0.004036103840917349	0.00027603734633885324	0.995784342288971	0.0039437999948859215	0.00027187771047465503
88	0.9949819445610046	0.00479417759925127	0.0002239008026663214	0.9946638345718384	0.005118728149682283	0.0002174373366869986
89	0.9871785640716553	0.011869743466377258	0.0009516740683466196	0.9860448837280273	0.012979776598513126	0.000975412898696959
90	0.9952109456062317	0.004564773291349411	0.00022430546232499182	0.9949920773506165	0.0047910502180457115	0.00021689409913960844
91	0.9932366013526917	0.006620329804718494	0.00014306901721283793	0.9934496283531189	0.006417401600629091	0.00013295013923197985
92	0.9960236549377441	0.0037676352076232433	0.00020865516853518784	0.996289849281311	0.0035055875778198242	0.00020462744578253478
93	0.9961829781532288	0.0036162028554826975	0.000200846407096833	0.9960384368896484	0.003758728038519621	0.00020278527517803013
94	0.9976389408111572	0.002113396767526865	0.00024763273540884256	0.9976574182510376	0.0020920352544635534	0.000250534649239853
95	0.989151120185852	0.01057292241603136	0.0002759974740911275	0.989519476890564	0.010208021849393845	0.0002724773657973856
96	0.9941433072090149	0.005460820626467466	0.00039593095425516367	0.9944905042648315	0.005164613481611013	0.0003449211362749338
97	0.9967711567878723	0.0030150185339152813	0.00021376828954089433	0.9966856837272644	0.00310199405066669	0.00021232453582342714
98	0.9966800212860107	0.0031077933963388205	0.00021220510825514793	0.997260332107544	0.002516912529245019	0.00022272742353379726
99	0.9958890080451965	0.0039045512676239014	0.0002064464642899111	0.9961215853691101	0.003692277939990163	0.00018615518638398498
100	0.9950315952301025	0.004795555491000414	0.00017279111489187926	0.9955077171325684	0.004331829026341438	0.00016042799688875675
101	0.9958904981613159	0.003821229562163353	0.00028828284121118486	0.9960277080535889	0.003690064186230302	0.0002822636452037841
102	0.9892114400863647	0.010569322854280472	0.0002192092506447807	0.9892409443855286	0.01055704616010189	0.0002020450629061088
103	0.9955441355705261	0.004259901586920023	0.0001959345245268196	0.9958233833312988	0.003984678070992231	0.00019191701721865684
104	0.9964631199836731	0.0033228376414626837	0.00021409265173133463	0.996171772480011	0.0036039212718605995	0.00022433750564232469
105	0.9959501028060913	0.003881241427734494	0.0001686444884398952	0.9958998560905457	0.003934701904654503	0.00016538215277250856
106	0.987700343132019	0.01211461704224348	0.00018510410154704005	0.9874166250228882	0.012403595261275768	0.00017976558592636138
107	0.996403694152832	0.003456310136243701	0.00014006455603521317	0.996321439743042	0.0035423440858721733	0.0001362098118988797
108	0.9964404702186584	0.0033950821962207556	0.0001644241128815338	0.9962400197982788	0.003605717094615102	0.00015424091543536633
109	0.9960221648216248	0.0037638533394783735	0.00021395526709966362	0.9962294697761536	0.003581017255783081	0.0001895419554784894
110	0.9959402084350586	0.003862025449052453	0.00019777490524575114	0.9960740804672241	0.003736820537596941	0.0001891413558041677
111	0.9961085915565491	0.003708547679707408	0.00018289501895196736	0.9962659478187561	0.003547814441844821	0.00018622266361489892
112	0.9964696168899536	0.0032893798779696226	0.00024102618044707924	0.9967504739761353	0.00301087717525661	0.00023862799571361393
113	0.9951660633087158	0.004634280689060688	0.00019960752979386598	0.9954705238342285	0.00432630255818367	0.00020321563351899385
114	0.9953758716583252	0.004447446204721928	0.00017663634207565337	0.9955279231071472	0.004303273279219866	0.00016882576164789498
115	0.9946033358573914	0.005193259101361036	0.0002033651398960501	0.9943401217460632	0.005468596704304218	0.0001913176238304004
116	0.9962066411972046	0.003579675452783704	0.0002137077390216291	0.9963392019271851	0.003455803031101823	0.00020502593542914838
117	0.9947304725646973	0.004868641495704651	0.00040087252273224294	0.9944674968719482	0.005122383590787649	0.0004101065278518945
118	0.9925738573074341	0.0072283451445400715	0.00019779163994826376	0.9933345317840576	0.0064780209213495255	0.00018744569388218224
119	0.9971821308135986	0.0026015827897936106	0.00021634838776662946	0.9973769187927246	0.002419067546725273	0.00020405909162946045
120	0.990959644317627	0.008493203669786453	0.0005471327458508313	0.9906504154205322	0.008785267360508442	0.0005642448086291552
121	0.9966859221458435	0.00318862684071064	0.00012549187522381544	0.9967635869979858	0.00311117060482502	0.00012525163765531033
122	0.9958847165107727	0.0039748139679431915	0.00014040205860510468	0.9958772659301758	0.003984768409281969	0.00013799853331875056
123	0.996830403804779	0.0029216078110039234	0.0002480125112924725	0.9969069361686707	0.0028494088910520077	0.00024368299636989832
124	0.9910464882850647	0.008522294461727142	0.0004312185919843614	0.9917945265769958	0.0078020826913416386	0.0004034165758639574
125	0.9967641830444336	0.0030116508714854717	0.00022410557721741498	0.9969505071640015	0.002829695586115122	0.00021971964451950043
126	0.9935012459754944	0.005955560598522425	0.0005431457539089024	0.9938369393348694	0.005675625521689653	0.00048740010242909193
127	0.9973129630088806	0.0025314833037555218	0.00015558229642920196	0.9972608089447021	0.0025774238165467978	0.00016175996279343963
128	0.9928768277168274	0.006918119732290506	0.00020497231162153184	0.9924099445343018	0.007392860483378172	0.00019719342526514083
129	0.9973964691162109	0.002408773871138692	0.00019472728308755904	0.9973865151405334	0.0024173620622605085	0.00019617642101366073
130	0.9964975714683533	0.0032846382819116116	0.00021786022989545017	0.9970207810401917	0.0027484423480927944	0.00023070842144079506
131	0.9952033758163452	0.004603303037583828	0.00019333332602400333	0.9950716495513916	0.0047422004863619804	0.00018614865257404745
132	0.9949671626091003	0.004759484902024269	0.00027336933999322355	0.9947853684425354	0.004929198417812586	0.000285498914308846
133	0.9927725195884705	0.006964324042201042	0.00026321696350350976	0.9933267831802368	0.006416097283363342	0.0002571662189438939
134	0.9947316646575928	0.005087071564048529	0.00018127617659047246	0.9945631623268127	0.005251939408481121	0.0001848738029366359
135	0.994772732257843	0.004962550941854715	0.00026469954173080623	0.9946818947792053	0.005080274771898985	0.00023777490423526615
136	0.9968215227127075	0.0029596732929348946	0.00021878817642573267	0.9970111846923828	0.0027742162346839905	0.00021461998403538018
137	0.9958218336105347	0.0038093358743935823	0.00036878115497529507	0.9957501888275146	0.003903154283761978	0.00034662341931834817
138	0.9915437698364258	0.008239748887717724	0.00021644317894242704	0.9920005798339844	0.007792719639837742	0.00020670412050094455
139	0.9969189167022705	0.0028717422392219305	0.00020930329628754407	0.9969847798347473	0.002813096856698394	0.00020209561625961214
140	0.9954004883766174	0.004450776614248753	0.0001488177658757195	0.99503493309021	0.004825768526643515	0.00013929666602052748
141	0.9958798885345459	0.0038820430636405945	0.00023810486891306937	0.9959405660629272	0.003837060881778598	0.00022243311104830354
142	0.9969245791435242	0.0028580757789313793	0.0002172985696233809	0.997006356716156	0.0027742795646190643	0.00021937683050055057
143	0.9957199692726135	0.00405193492770195	0.0002281354391016066	0.9958977103233337	0.003884645877406001	0.00021760640083812177
144	0.986341655254364	0.013469237834215164	0.00018904094758909196	0.9888449311256409	0.010973630473017693	0.00018144397472497076
145	0.9945277571678162	0.005311031360179186	0.000161257732543163	0.9942559599876404	0.005593996495008469	0.00015011726645752788
146	0.9911041259765625	0.008694306947290897	0.00020158430561423302	0.9924933314323425	0.007313184440135956	0.00019347493071109056
147	0.9942202568054199	0.005472342949360609	0.00030738100758753717	0.9937291145324707	0.005981809925287962	0.00028910243418067694
148	0.9950445890426636	0.0047668577171862125	0.00018854087102226913	0.9952636957168579	0.004552733153104782	0.0001836073788581416
149	0.9940699934959412	0.0057569341734051704	0.00017300070612691343	0.993931770324707	0.0059011513367295265	0.00016712091746740043
150	0.9945119619369507	0.005348238628357649	0.0001398355670971796	0.99538654088974	0.0044738538563251495	0.00013967919221613556
151	0.9958686828613281	0.0039366502314805984	0.00019473314750939608	0.9961018562316895	0.003697444451972842	0.0002007048315135762
152	0.9959184527397156	0.0039238762110471725	0.00015770593017805368	0.9965016841888428	0.0033441008999943733	0.00015422626165673137
153	0.9971165657043457	0.0027289586141705513	0.00015447958139702678	0.9971195459365845	0.0027229238767176867	0.00015750015154480934
154	0.9965253472328186	0.0030996864661574364	0.000374979485059157	0.9966597557067871	0.0029742405749857426	0.0003660547372419387
155	0.994094967842102	0.005605706479400396	0.00029924881528131664	0.9941285848617554	0.005577326752245426	0.00029412246658466756
156	0.9880419969558716	0.011717453598976135	0.00024055680842138827	0.9895999431610107	0.010148467496037483	0.0002516296517569572
157	0.9946789741516113	0.005046174395829439	0.0002748801780398935	0.9948456287384033	0.004895559512078762	0.0002587934723123908
158	0.9954847097396851	0.0042623900808393955	0.000252963334787637	0.9951943755149841	0.0045298077166080475	0.0002757921756710857
159	0.9955443739891052	0.00397988548502326	0.0004758126160595566	0.9954232573509216	0.004101058933883905	0.0004757184360641986
160	0.9971885085105896	0.002641365397721529	0.00017011638556141406	0.9969273209571838	0.002897233935073018	0.00017544772708788514
