0	0.004093675408512354	0.0006003830931149423	0.9953059554100037	0.0025971855502575636	0.001794080133549869	0.9956087470054626
1	0.0019031486008316278	0.0012666034745052457	0.9968301653862	0.0010168220615014434	0.0017933425260707736	0.9971898198127747
2	0.5733883380889893	0.3926091492176056	0.034002553671598434	0.15385372936725616	0.821773111820221	0.024373166263103485
3	0.0031608741264790297	0.0010784162441268563	0.9957607388496399	0.0041787754744291306	0.004563350696116686	0.991257905960083
4	0.001368213095702231	0.0011044973507523537	0.9975273013114929	0.0004842745838686824	0.0011539187980815768	0.9983617663383484
5	0.11546151340007782	0.026349900290369987	0.8581885695457458	0.9763851165771484	0.02054409123957157	0.003070789622142911
6	0.0011085296282544732	0.0004336953570600599	0.9984577894210815	0.0005568733904510736	0.0010502701625227928	0.9983928799629211
7	0.007279898039996624	0.002494413871318102	0.9902257323265076	0.00047065207036212087	0.0015173460124060512	0.9980119466781616
8	0.007250397931784391	0.005561148747801781	0.9871883988380432	0.023666098713874817	0.01915987953543663	0.9571740031242371
9	0.0016058017499744892	0.0007551689050160348	0.9976390600204468	0.0009467114578001201	0.0014763912186026573	0.997576892375946
10	0.0007559373043477535	0.0012549267848953605	0.9979891777038574	0.0017094069626182318	0.011320810765028	0.9869697093963623
11	0.0016533291200175881	0.0008654154953546822	0.9974812865257263	0.005492417141795158	0.0017313737189397216	0.9927762746810913
12	0.005996907129883766	0.002075729425996542	0.9919273853302002	0.0017130081541836262	0.0025070123374462128	0.9957799911499023
13	0.002207741839811206	0.0012565839570015669	0.9965356588363647	0.0010391644900664687	0.0024624930229038	0.9964983463287354
14	0.001447157934308052	0.0007714683888480067	0.9977813363075256	0.0005117286927998066	0.0004892440047115088	0.9989990592002869
15	0.04183270409703255	0.009575779549777508	0.9485914707183838	0.0446632094681263	0.014916891232132912	0.9404198527336121
16	0.004284599795937538	0.0014615905238315463	0.9942536950111389	0.0006409104098565876	0.0018338424852117896	0.997525155544281
17	0.002609241520985961	0.0008016127976588905	0.996589183807373	0.0006283982074819505	0.0006355697405524552	0.9987360835075378
18	0.09608110785484314	0.031897928565740585	0.872020959854126	0.019703537225723267	0.02210291661322117	0.9581935405731201
19	0.005593655165284872	0.0014116078382357955	0.9929947257041931	0.015072361566126347	0.00749074574559927	0.977436900138855
20	0.03315938636660576	0.0045088957995176315	0.9623317122459412	0.008412514813244343	0.005592410918325186	0.9859949946403503
21	0.0065376777201890945	0.007283797953277826	0.9861785173416138	0.005284203216433525	0.05608009546995163	0.9386357069015503
22	0.04482074826955795	0.006634953431785107	0.9485443234443665	0.010089552029967308	0.0028483341448009014	0.9870620369911194
23	0.0009455002145841718	0.0006361547857522964	0.9984183311462402	0.0020373580045998096	0.005240933038294315	0.9927217364311218
24	0.005478749051690102	0.0016651336336508393	0.9928560256958008	0.0037639406509697437	0.0018452334916219115	0.9943909049034119
25	0.0022425337228924036	0.001346699194982648	0.9964107871055603	0.0008829903672449291	0.0020378348417580128	0.9970791339874268
26	0.01774071529507637	0.005471567157655954	0.9767877459526062	0.0026372431311756372	0.005527046974748373	0.9918357133865356
27	0.0019024660577997565	0.0009695157641544938	0.9971280694007874	0.0011272482806816697	0.009692803956568241	0.9891799688339233
28	0.001034416607581079	0.0006169878179207444	0.998348593711853	0.00042836801731027663	0.0005485375295393169	0.9990230798721313
29	0.0003083133779000491	0.0003146888629999012	0.9993770718574524	0.00036874422221444547	0.0008496336522512138	0.9987816214561462
30	0.0374075323343277	0.0045224870555102825	0.9580699801445007	0.10950678586959839	0.01834440976381302	0.8721488118171692
31	0.002203285926952958	0.0009287926368415356	0.996867835521698	0.0009194625890813768	0.00317480624653399	0.9959056377410889
32	0.0038643565494567156	0.001263107405975461	0.994872510433197	0.0011711767874658108	0.0011852433672174811	0.9976435303688049
33	0.001901256968267262	0.0007734368555247784	0.9973253011703491	0.0003296051872894168	0.00031926605151966214	0.9993510842323303
34	0.0018765098648145795	0.0008999695419333875	0.9972234964370728	0.0006148508400656283	0.0006452516536228359	0.9987398982048035
35	0.00513257272541523	0.0028075845912098885	0.9920598268508911	0.0026947036385536194	0.0050006224773824215	0.9923046231269836
36	0.0058529991656541824	0.0018412721110507846	0.9923058152198792	0.016379594802856445	0.007866191677749157	0.9757542610168457
37	0.010196419432759285	0.011247005313634872	0.9785566329956055	0.0030261448118835688	0.005029072053730488	0.9919447302818298
38	0.001492973417043686	0.0007398666930384934	0.9977672100067139	0.0002904969733208418	0.0010888687102124095	0.9986206293106079
39	0.10831887274980545	0.013140188530087471	0.8785408735275269	0.07866132259368896	0.015893273055553436	0.9054454565048218
40	0.001080235349945724	0.0005429255543276668	0.9983768463134766	0.0008163126767612994	0.0008790130377747118	0.9983047246932983
41	0.05089624226093292	0.007195619400590658	0.9419081807136536	0.06929212063550949	0.01485170517116785	0.9158561825752258
42	0.8306277990341187	0.022104812785983086	0.1472674310207367	0.981356143951416	0.012724010273814201	0.0059197936207056046
43	0.0035869725979864597	0.0009359319228678942	0.9954771399497986	0.0015045300824567676	0.0013396046124398708	0.9971559047698975
44	0.0009511852404102683	0.0002867802104447037	0.9987620115280151	0.0006257046479731798	0.0004040276980958879	0.9989702701568604
45	0.05198042467236519	0.04282049834728241	0.9051990509033203	0.003510398091748357	0.07099463045597076	0.9254949688911438
46	0.003811685834079981	0.0018367953598499298	0.9943515062332153	0.002141177887097001	0.00131821574177593	0.9965406060218811
47	0.034028295427560806	0.004562455229461193	0.9614092111587524	0.002240191912278533	0.014621329493820667	0.9831385612487793
48	0.0008920933469198644	0.0009348594467155635	0.9981729984283447	0.0006239294889383018	0.0008307646494358778	0.9985452890396118
49	0.007515213917940855	0.0036435206420719624	0.9888412356376648	0.013591980561614037	0.005182727240025997	0.981225311756134
50	0.1302170753479004	0.008718336001038551	0.8610645532608032	0.06603849679231644	0.007732001133263111	0.9262294173240662
51	0.004720702301710844	0.0029917415231466293	0.9922875165939331	0.010433800518512726	0.28647780418395996	0.7030884027481079
52	0.0057376595214009285	0.0035079095978289843	0.9907544851303101	0.0012137520825490355	0.0026231638621538877	0.9961631298065186
53	0.00124368816614151	0.0006761405966244638	0.9980801343917847	0.0018489889334887266	0.0017652272945269942	0.9963856935501099
54	0.005001372657716274	0.002096929121762514	0.9929017424583435	0.0005753888399340212	0.001594717614352703	0.9978298544883728
55	0.02208026684820652	0.08130878955125809	0.8966109752655029	0.014031239785254002	0.18936769664287567	0.7966010570526123
56	0.003482519183307886	0.006669416557997465	0.9898480772972107	0.0003282272955402732	0.0031840046867728233	0.9964877367019653
57	0.001299148891121149	0.001702572568319738	0.9969983100891113	0.0003878920688293874	0.00046560788177885115	0.9991464614868164
58	0.00257630692794919	0.0011278759920969605	0.9962958693504333	0.0018256056355312467	0.002658612560480833	0.995515763759613
59	0.004896264057606459	0.0012670569121837616	0.9938365817070007	0.001497774152085185	0.0023586172610521317	0.9961435794830322
60	0.0012749579036608338	0.00048345953109674156	0.9982415437698364	0.0025955531746149063	0.002586569869890809	0.9948179125785828
61	0.016910897567868233	0.023875882849097252	0.9592131972312927	0.026572929695248604	0.30365461111068726	0.6697725057601929
62	0.0018552294932305813	0.001172453397884965	0.9969723224639893	0.0012275561457499862	0.0019220062531530857	0.9968504309654236
63	0.0030264416709542274	0.0027057609986513853	0.9942678213119507	0.0016505104722455144	0.00537343742325902	0.9929760694503784
64	0.0020783471409231424	0.0017134685767814517	0.9962081909179688	0.04366591200232506	0.005606979597359896	0.9507271647453308
65	0.0006012352532707155	0.0005573072703555226	0.9988415837287903	0.0007431202684529126	0.0013916216557845473	0.9978652596473694
66	0.0009868934284895658	0.0007953473832458258	0.998217761516571	0.00032499743974767625	0.0006346926093101501	0.9990403056144714
67	0.004233942832797766	0.001455166027881205	0.9943108558654785	0.007491244003176689	0.0021653512958437204	0.990343451499939
68	0.0026783219072967768	0.000948418106418103	0.9963732361793518	0.0011889246525242925	0.0010583584662526846	0.9977527260780334
69	0.9905591011047363	0.007867618463933468	0.001573291840031743	0.7824995517730713	0.10775026679039001	0.10975014418363571
70	0.0068612974137067795	0.007883835583925247	0.9852548837661743	0.0025127395056188107	0.012940279208123684	0.984546959400177
71	0.003837363561615348	0.0014558968832716346	0.9947068095207214	0.0006663431413471699	0.0036770550068467855	0.9956566095352173
72	0.012364092282950878	0.003468652255833149	0.9841672778129578	0.002837360603734851	0.00367731018923223	0.9934852719306946
73	0.008984383195638657	0.003908863756805658	0.9871067404747009	0.005257872864603996	0.012450614012777805	0.982291579246521
74	0.43480464816093445	0.012640693224966526	0.5525546073913574	0.5714830756187439	0.08403929322957993	0.3444775938987732
75	0.0024858531542122364	0.0009423530427739024	0.9965717792510986	0.0014107960741966963	0.0008740272023715079	0.9977151155471802
76	0.0017084935680031776	0.0007983194664120674	0.9974931478500366	0.0011894188355654478	0.0012703653192147613	0.9975402355194092
77	0.0011162670562043786	0.0023033826146274805	0.9965804219245911	0.0012408705661073327	0.0014666017377749085	0.9972925782203674
78	0.003102437127381563	0.0015979012241587043	0.9952996969223022	0.002700307872146368	0.001996705075725913	0.9953029155731201
79	0.004782796371728182	0.0020187306217849255	0.9931984543800354	0.0009575110743753612	0.0016317312838509679	0.9974108338356018
80	0.002695313887670636	0.0016315790126100183	0.9956731200218201	0.0016474251169711351	0.003671349724754691	0.994681179523468
81	0.0009835880482569337	0.0013109749415889382	0.9977053999900818	0.0011993414955213666	0.004444185644388199	0.9943564534187317
82	0.11557887494564056	0.01686636544764042	0.8675547242164612	0.06294471025466919	0.048181574791669846	0.8888736963272095
83	0.012200274504721165	0.007411755155771971	0.9803879261016846	0.036576345562934875	0.13193173706531525	0.8314918875694275
84	0.0006720534292981029	0.0006596363964490592	0.9986683130264282	0.0007930672145448625	0.0037787144538015127	0.995428204536438
85	0.008567290380597115	0.0022527824621647596	0.9891799688339233	0.004712650552392006	0.004309603478759527	0.9909777641296387
86	0.0022824446205049753	0.0010327980853617191	0.996684730052948	0.0013767029158771038	0.0016339307185262442	0.9969894289970398
87	0.0005057774833403528	0.0006009935168549418	0.9988933205604553	0.0005925377481617033	0.0011567502515390515	0.9982506632804871
88	0.0029817179311066866	0.0016973851015791297	0.9953208565711975	0.002170851454138756	0.0025203414261341095	0.9953088164329529
89	0.034456487745046616	0.00708272447809577	0.958460807800293	0.0011395338224247098	0.0022014896385371685	0.9966590404510498
90	0.011560730636119843	0.002623277483507991	0.9858160018920898	0.05305873230099678	0.012854138389229774	0.9340871572494507
91	0.008444934152066708	0.003167197573930025	0.9883877635002136	0.013869493268430233	0.011026574298739433	0.9751039743423462
92	0.9955248832702637	0.00424466235563159	0.00023052973847370595	0.9959968328475952	0.0037876523565500975	0.00021555116109084338
93	0.002753976732492447	0.0018011180218309164	0.9954448938369751	0.0009171362617053092	0.0022658086381852627	0.9968170523643494
94	0.0028492980636656284	0.0008194880210794508	0.9963311553001404	0.0020157985854893923	0.0008981539867818356	0.9970861077308655
95	0.005815708078444004	0.0044597298838198185	0.9897246360778809	0.005779039580374956	0.010575276799499989	0.9836456775665283
96	0.0013576810015365481	0.0010082983644679189	0.9976340532302856	0.0006714727496728301	0.001936470391228795	0.9973920583724976
97	0.20874015986919403	0.019308889284729958	0.7719509601593018	0.10784199088811874	0.017296520993113518	0.8748614192008972
98	0.0010269436752423644	0.0009983211057260633	0.997974693775177	0.000471960665890947	0.0004286091716494411	0.9990993738174438
99	0.01416139118373394	0.003877087961882353	0.9819614291191101	0.004048177041113377	0.004124301485717297	0.9918276071548462
100	0.004587497562170029	0.001572059583850205	0.9938404560089111	0.003198806429281831	0.0016811316600069404	0.9951199889183044
101	0.0021478175185620785	0.0012615462765097618	0.9965906143188477	0.005040169693529606	0.0036705555394291878	0.9912892580032349
102	0.0064863115549087524	0.004973649978637695	0.98853999376297	0.0022917070891708136	0.0036228967364877462	0.9940853118896484
103	0.002607430797070265	0.0013452543644234538	0.9960471987724304	0.0006105211214162409	0.0032190249767154455	0.9961704611778259
104	0.9846273064613342	0.009786704555153847	0.005585956387221813	0.9960112571716309	0.0037129854317754507	0.00027573335682973266
105	0.025838321074843407	0.0043102651834487915	0.9698514342308044	0.007100958377122879	0.003049583174288273	0.9898494482040405
106	0.029039587825536728	0.004999016877263784	0.9659613966941833	0.012875637039542198	0.007544282823801041	0.9795801043510437
107	0.019582102075219154	0.004478699993342161	0.9759392738342285	0.004096339922398329	0.005622522905468941	0.9902811050415039
108	0.001267948537133634	0.0024274932220578194	0.9963045120239258	0.0014468441950157285	0.021053602918982506	0.9774995446205139
109	0.0010486118262633681	0.0012522836914286017	0.9976990818977356	0.0014416092308238149	0.0028968655969947577	0.9956614375114441
110	0.4697791635990143	0.0696292296051979	0.460591584444046	0.42562413215637207	0.04904332011938095	0.525332510471344
111	0.002207757905125618	0.0012145963264629245	0.9965775609016418	0.0011897262884303927	0.001923450967296958	0.9968869090080261
112	0.002576627302914858	0.001037347363308072	0.9963860511779785	0.0029951618053019047	0.005870081018656492	0.991134762763977
113	0.0008079007384367287	0.0006430656649172306	0.9985490441322327	0.0012849409831687808	0.0024131920654326677	0.9963018894195557
114	0.0011598700657486916	0.0003874316462315619	0.9984526634216309	0.0009639729396440089	0.0007681490387767553	0.9982678890228271
115	0.07760398089885712	0.02930569276213646	0.8930903077125549	0.019856341183185577	0.049172982573509216	0.9309706687927246
116	0.0004432772984728217	0.0002551822690293193	0.999301552772522	0.00024440576089546084	0.00037518085446208715	0.9993804693222046
117	0.0038113081827759743	0.0015805186703801155	0.9946081638336182	0.0010240577394142747	0.0011314512230455875	0.9978444576263428
118	0.005035728216171265	0.0017800425412133336	0.9931841492652893	0.000988647574558854	0.002335469936951995	0.9966758489608765
119	0.0009424317395314574	0.00044549047015607357	0.9986120462417603	0.0004397985467221588	0.0006649949937127531	0.9988952279090881
120	0.008602447807788849	0.003645478980615735	0.9877520799636841	0.011646525003015995	0.07488618791103363	0.9134673476219177
121	0.0018680448411032557	0.0009714718908071518	0.9971604347229004	0.0007303604506887496	0.0011021842947229743	0.9981673955917358
122	0.0025158291682600975	0.0023016745690256357	0.9951825737953186	0.009854335337877274	0.03066399320960045	0.9594816565513611
123	0.0010864741634577513	0.0005209153168834746	0.9983925223350525	0.00036126188933849335	0.00029978150269016623	0.9993390440940857
124	0.007120905444025993	0.004846710246056318	0.988032341003418	0.0064838179387152195	0.05363424867391586	0.9398819208145142
125	0.0024463017471134663	0.0009486377821303904	0.9966050386428833	0.0017250498058274388	0.0019646557047963142	0.996310293674469
126	0.008716153912246227	0.007040572352707386	0.9842432737350464	0.017876029014587402	0.020671306177973747	0.9614526629447937
127	0.000852174882311374	0.0005994232487864792	0.9985483288764954	0.0010322771267965436	0.0019939634948968887	0.9969737529754639
128	0.0026782050263136625	0.001216827891767025	0.9961050748825073	0.001146367285400629	0.002387294080108404	0.9964662790298462
129	0.009540998376905918	0.0031279774848371744	0.987330973148346	0.03025146573781967	0.012718693353235722	0.9570297598838806
130	0.004266096279025078	0.0019808593206107616	0.9937530159950256	0.0024901574943214655	0.002719817217439413	0.9947900772094727
131	0.007174591533839703	0.0030040384735912085	0.9898213148117065	0.009055801667273045	0.006373250391334295	0.9845709204673767
132	0.00874396599829197	0.006053321063518524	0.9852027297019958	0.005444751586765051	0.014507765881717205	0.9800474047660828
133	0.0011401519877836108	0.001380624482408166	0.997479259967804	0.001813562004826963	0.0019070329144597054	0.9962794184684753
134	0.0020607775077223778	0.0009560533217154443	0.9969832301139832	0.001566589460708201	0.0015594427241012454	0.9968738555908203
135	0.001821413286961615	0.0006949529051780701	0.9974836707115173	0.0006052431999705732	0.001561539713293314	0.9978331923484802
136	0.0015727500431239605	0.001062850235030055	0.9973644614219666	0.0005351972649805248	0.0006973182316869497	0.9987674951553345
137	0.0023780090268701315	0.0011703044874593616	0.996451735496521	0.002134845592081547	0.002161088865250349	0.9957039952278137
138	0.001270676264539361	0.0005005653947591782	0.9982288479804993	0.00023035549384076148	0.00027870197664014995	0.9994909763336182
139	0.0010554123437032104	0.0005884245620109141	0.9983561635017395	0.0005884168203920126	0.0005618622526526451	0.998849630355835
140	0.0016012184787541628	0.001954004168510437	0.9964447617530823	0.006561995949596167	0.01990344747900963	0.9735345840454102
141	0.0012346900766715407	0.0008669489179737866	0.9978983402252197	0.0011742283822968602	0.00885289628058672	0.9899728298187256
142	0.0014971457421779633	0.0006383272702805698	0.9978645443916321	0.0004652773786801845	0.0003840966382995248	0.9991506338119507
143	0.006213800981640816	0.005351565778255463	0.9884346723556519	0.00042939232662320137	0.004925602115690708	0.9946451187133789
144	0.023238101974129677	0.009424389339983463	0.9673375487327576	0.026466650888323784	0.07076099514961243	0.9027723073959351
145	0.006565284449607134	0.004214626271277666	0.9892200827598572	0.0025700810365378857	0.010057400912046432	0.9873724579811096
146	0.001012431806884706	0.000659014331176877	0.9983286261558533	0.0008883223053999245	0.0014895075000822544	0.9976220726966858
147	0.004245536867529154	0.0014873447362333536	0.9942671656608582	0.0014482609694823623	0.001887858146801591	0.9966637492179871
148	0.002690022112801671	0.001474596792832017	0.9958353042602539	0.003954586107283831	0.0028377326671034098	0.9932077527046204
149	0.005257353186607361	0.001184492721222341	0.9935581088066101	0.0010349089279770851	0.00159391388297081	0.9973711967468262
150	0.0006253048777580261	0.001423583016730845	0.9979512095451355	0.002735005458816886	0.008973713964223862	0.9882912039756775
151	0.0037730508483946323	0.001801016042008996	0.994425892829895	0.0034140474162995815	0.0032219220884144306	0.9933640956878662
152	0.000848893541842699	0.00039838114753365517	0.9987527132034302	0.0008916905499063432	0.0004717168922070414	0.9986366629600525
153	0.0013411223189905286	0.0008691027760505676	0.997789740562439	0.0007940423674881458	0.0009680683724582195	0.9982378482818604
154	0.20585016906261444	0.013664175756275654	0.7804856300354004	0.24301807582378387	0.01972532458603382	0.737256646156311
155	0.0029123739805072546	0.0023101523984223604	0.9947774410247803	0.003736684564501047	0.009682517498731613	0.9865807294845581
156	0.0036649268586188555	0.0027985693886876106	0.9935364127159119	0.001773885334841907	0.001672741025686264	0.9965534210205078
157	0.0017164000310003757	0.0010356014827266335	0.9972479939460754	0.0015854269731789827	0.003197392448782921	0.9952172040939331
158	0.019785409793257713	0.00765489274635911	0.9725596308708191	0.0031177636701613665	0.035543594509363174	0.9613385796546936
159	0.007575220428407192	0.005105484742671251	0.9873192310333252	0.004742748104035854	0.03830795735120773	0.9569492936134338
160	0.019302472472190857	0.005820529069751501	0.9748769998550415	0.0341482013463974	0.010293323546648026	0.9555583596229553
