0	0.9962024092674255	0.0036643308121711016	0.00013329235662240535	0.9967879056930542	0.003077087923884392	0.00013497925829142332
1	0.9943106174468994	0.005503862630575895	0.00018550726235844195	0.9944882988929749	0.0052991085685789585	0.0002126196923200041
2	0.9952580332756042	0.004612259101122618	0.00012970759416930377	0.9955536723136902	0.004317064303904772	0.00012927802163176239
3	0.9775610566139221	0.02102574147284031	0.0014131568605080247	0.9797780513763428	0.019332773983478546	0.0008891057223081589
4	0.9945447444915771	0.0052694035694003105	0.00018585573707241565	0.9931095838546753	0.006660120096057653	0.000230321180424653
5	0.9954915642738342	0.004335935227572918	0.00017253680562134832	0.9950277209281921	0.004780226852744818	0.00019209185848012567
6	0.9937314391136169	0.005925491452217102	0.0003430451615713537	0.7179328799247742	0.2809518277645111	0.0011152600636705756
7	0.9959378242492676	0.0037981346249580383	0.00026402599178254604	0.99617600440979	0.0035539991222321987	0.00026996046653948724
8	0.9934777021408081	0.006250816397368908	0.00027142572798766196	0.9929439425468445	0.0067547098733484745	0.0003012943489011377
9	0.995144248008728	0.004690493922680616	0.00016523869999218732	0.9945759773254395	0.005255371332168579	0.0001686207251623273
10	0.9971621036529541	0.0026439328212291002	0.0001940442598424852	0.9971835017204285	0.0026057278737425804	0.00021073581592645496
11	0.997300922870636	0.002464565448462963	0.00023456437338609248	0.9968917965888977	0.0028644760604947805	0.00024373925407417119
12	0.994823694229126	0.004930337890982628	0.00024595833383500576	0.6897022724151611	0.3089854419231415	0.0013122949749231339
13	0.995862603187561	0.003975614905357361	0.00016171134484466165	0.9961367249488831	0.003686669049784541	0.00017652877431828529
14	0.9965776801109314	0.003266569459810853	0.00015570841787848622	0.9968976974487305	0.002931814407929778	0.00017053337069228292
15	0.9931445121765137	0.006598515901714563	0.0002569964563008398	0.9927182197570801	0.007023255340754986	0.0002584677131380886
16	0.9759984612464905	0.02352038398385048	0.0004812203405890614	0.9857024550437927	0.013896310701966286	0.0004012285207863897
17	0.9904401302337646	0.009087900631129742	0.00047199861728586257	0.9931678175926208	0.006492695305496454	0.0003394806699361652
18	0.9955189228057861	0.0042617726139724255	0.00021932630625087768	0.9956758618354797	0.004118211567401886	0.00020597950788214803
19	0.9952318072319031	0.004563843831419945	0.00020430138101801276	0.9885591864585876	0.011249477043747902	0.00019135831098537892
20	0.9950830936431885	0.004618578590452671	0.0002983613812830299	0.9950137734413147	0.004716053605079651	0.00027019536355510354
21	0.9952261447906494	0.004631109535694122	0.000142717341077514	0.9947260022163391	0.005136111751198769	0.00013793040125165135
22	0.9772168397903442	0.022355513647198677	0.0004276162653695792	0.9933952689170837	0.006224825978279114	0.00037993123987689614
23	0.9971156120300293	0.0027758977375924587	0.00010849878162844107	0.996982753276825	0.00291221565566957	0.00010504988313186914
24	0.997413694858551	0.002397923730313778	0.00018838082905858755	0.9956230521202087	0.004213493783026934	0.00016350115765817463
25	0.9954935312271118	0.004320617765188217	0.000185808923561126	0.9945188164710999	0.005318962037563324	0.00016226968728005886
26	0.9951401948928833	0.0044345250353217125	0.0004252221842762083	0.9969756603240967	0.0028214335907250643	0.00020288937957957387
27	0.9955456256866455	0.004246186930686235	0.0002081371785607189	0.9957291483879089	0.004067013040184975	0.0002038681268459186
28	0.984041690826416	0.015235459432005882	0.0007228493341244757	0.888943076133728	0.10943705588579178	0.0016198476077988744
29	0.9976298809051514	0.002180791925638914	0.00018927425844594836	0.9975503087043762	0.0022617413196712732	0.00018790565081872046
30	0.9964746832847595	0.003331562504172325	0.0001937080960487947	0.99604332447052	0.003823990700766444	0.00013268846669234335
31	0.02157413214445114	0.024027641862630844	0.9543982744216919	0.06865610182285309	0.01032622717320919	0.9210177063941956
32	0.992760419845581	0.0069495695643126965	0.0002900561084970832	0.9926572442054749	0.00707743177190423	0.00026533991331234574
33	0.9964120984077454	0.0033576206769794226	0.00023034230980556458	0.996878981590271	0.0029135877266526222	0.0002074043295579031
34	0.9965555667877197	0.003266677726060152	0.00017781964561436325	0.9958023428916931	0.004003211390227079	0.00019440603500697762
35	0.9963375329971313	0.0034553357400000095	0.0002071616327157244	0.9971144199371338	0.0027016119565814734	0.00018397477106191218
36	0.9977304339408875	0.0020653933752328157	0.00020419314387254417	0.9978687763214111	0.0018863680306822062	0.00024477820261381567
37	0.9956831932067871	0.004169879015535116	0.00014697262668050826	0.9948541522026062	0.004987266846001148	0.00015864371380303055
38	0.9745457172393799	0.020407896488904953	0.005046413280069828	0.9757204055786133	0.02042897418141365	0.0038506118580698967
39	0.995573878288269	0.004273929633200169	0.00015216952306218445	0.9954679012298584	0.004387794993817806	0.00014423485845327377
40	0.9923171997070312	0.007371465675532818	0.0003113610437139869	0.9932096600532532	0.006462836638092995	0.00032749123056419194
41	0.996044397354126	0.0038046862464398146	0.00015095558774191886	0.9945148229598999	0.005303559824824333	0.00018163844652008265
42	0.9975468516349792	0.002296089893206954	0.00015706369595136493	0.9812750220298767	0.01847529597580433	0.000249647069722414
43	0.9946915507316589	0.005121815484017134	0.0001866181701188907	0.9948636889457703	0.004956801421940327	0.0001795311545720324
44	0.9895411133766174	0.01024807058274746	0.00021089018264319748	0.992521345615387	0.007180518936365843	0.00029814892332069576
45	0.9945412278175354	0.00519897835329175	0.00025979673955589533	0.9934803247451782	0.006292620208114386	0.0002270657423650846
46	0.9940326809883118	0.005664305295795202	0.00030303403036668897	0.9942301511764526	0.005466297268867493	0.00030355967464856803
47	0.9949265718460083	0.0048531522043049335	0.0002202382602263242	0.994941234588623	0.004835605621337891	0.00022321240976452827
48	0.9936826229095459	0.006120902486145496	0.00019650741887744516	0.9931147694587708	0.006690578535199165	0.00019470385450404137
49	0.995997428894043	0.0038342620246112347	0.00016826082719489932	0.9775484204292297	0.022184228524565697	0.000267396098934114
50	0.9967361092567444	0.003078529378399253	0.00018531165551394224	0.9966024160385132	0.0032186538446694613	0.00017890543676912785
51	0.993595540523529	0.006202289368957281	0.0002022173284785822	0.9706069231033325	0.028787732124328613	0.0006053982651792467
52	0.9942317605018616	0.005617618095129728	0.0001506294502178207	0.9946478009223938	0.00520380400121212	0.0001484367239754647
53	0.9578321576118469	0.039865877479314804	0.00230194628238678	0.9744212031364441	0.023665741086006165	0.0019130764994770288
54	0.9959035515785217	0.003756948746740818	0.00033949100179597735	0.9968003034591675	0.003000549040734768	0.00019913932192139328
55	0.9947220087051392	0.0049149999395012856	0.0003629832062870264	0.994705855846405	0.005020500160753727	0.0002736702444963157
56	0.9948747754096985	0.0048323022201657295	0.00029297012952156365	0.9458111524581909	0.053793977946043015	0.0003948525700252503
57	0.9966462254524231	0.0031564717646688223	0.00019724262529052794	0.9965829253196716	0.0032246140763163567	0.0001924620009958744
58	0.9940459728240967	0.005794929340481758	0.00015912311209831387	0.9946634769439697	0.0051796273328363895	0.00015684736717958003
59	0.9962112903594971	0.003568198997527361	0.00022054578585084528	0.9967827796936035	0.0029938891530036926	0.000223363604163751
60	0.974425196647644	0.02278802916407585	0.002786761848255992	0.9821511507034302	0.01691252365708351	0.0009362911223433912
61	0.996669590473175	0.003180192783474922	0.0001502830709796399	0.9968000650405884	0.003051543142646551	0.00014839887444395572
62	0.9974175691604614	0.0020979028195142746	0.00048449254245497286	0.9974931478500366	0.002081800950691104	0.0004250285273883492
63	0.9952045679092407	0.00456337071955204	0.00023206578043755144	0.9907404184341431	0.009017168544232845	0.00024237134493887424
64	0.9941891431808472	0.0056192525662481785	0.00019164335390087217	0.9956770539283752	0.004156394395977259	0.0001665094750933349
65	0.9841327667236328	0.015299919992685318	0.0005672708502970636	0.9809665679931641	0.018293306231498718	0.0007401327602565289
66	0.994350790977478	0.0053980667144060135	0.0002511237980797887	0.9948099851608276	0.004929964430630207	0.000259980937698856
67	0.9974468946456909	0.0023461314849555492	0.00020694539125543088	0.9973281621932983	0.0024795017670840025	0.00019233720377087593
68	0.9959092140197754	0.003947039600461721	0.00014378613559529185	0.9970061182975769	0.0028671552427113056	0.0001267127227038145
69	0.9965372085571289	0.003255617106333375	0.00020712471450679004	0.9972569346427917	0.0025489681866019964	0.0001940914080478251
70	0.9560204148292542	0.042500320822000504	0.0014792411820963025	0.9900874495506287	0.009476648643612862	0.00043588943663053215
71	0.9972690939903259	0.0025275193620473146	0.00020332027634140104	0.9970700740814209	0.0027009134646505117	0.0002290307020302862
72	0.9909366965293884	0.008886943571269512	0.00017637846758589149	0.9938533306121826	0.00599175039678812	0.00015489658107981086
73	0.9970575571060181	0.002735575893893838	0.00020689972734544426	0.9967196583747864	0.0031017919536679983	0.00017855742771644145
74	0.00037093902938067913	0.0006052613025531173	0.9990237951278687	0.0004692679503932595	0.0007835119031369686	0.9987472295761108
75	0.9928143620491028	0.007001571357250214	0.0001840541372075677	0.9951699376106262	0.004612925928086042	0.0002170764928450808
76	0.9970020651817322	0.0027277646586298943	0.00027014335501007736	0.9973958730697632	0.002391543472185731	0.0002125637693097815
77	0.9927229285240173	0.007131049409508705	0.0001460637868149206	0.9924595952033997	0.007394841872155666	0.00014556481619365513
78	0.9914892911911011	0.00830761343240738	0.00020312107517383993	0.9951480031013489	0.00461173802614212	0.0002402237878413871
79	0.9970341920852661	0.002726480597630143	0.00023937159858178347	0.9970219731330872	0.0027439016848802567	0.00023414145107381046
80	0.9889334440231323	0.01085235271602869	0.00021418361575342715	0.995078444480896	0.0047330292873084545	0.00018854638619814068
81	0.9965481162071228	0.0033189388923346996	0.00013300219143275172	0.9962950348854065	0.0035837143659591675	0.00012126520596211776
82	0.7923785448074341	0.04076363518834114	0.16685785353183746	0.1468951255083084	0.04458371177315712	0.8085212111473083
83	0.559949517250061	0.28301945328712463	0.15703104436397552	0.02602640725672245	0.9369985461235046	0.03697498142719269
84	0.996331512928009	0.0033718589693307877	0.0002966448082588613	0.8248579502105713	0.17422181367874146	0.0009202923974953592
85	0.9957705140113831	0.003953153733164072	0.00027634689467959106	0.9926415085792542	0.0069534205831587315	0.000405066239181906
86	0.9970121383666992	0.0028000827878713608	0.00018779370293486863	0.9967918992042542	0.00301710469648242	0.0001909702259581536
87	0.9960399866104126	0.0037729162722826004	0.00018710260337684304	0.9960548877716064	0.00378795457072556	0.00015714092296548188
88	0.9971644282341003	0.002632920630276203	0.00020259733719285578	0.9973301887512207	0.0024564319755882025	0.00021334261691663414
89	0.9967932105064392	0.003053212072700262	0.0001535915507702157	0.9967616200447083	0.0030780399683862925	0.00016039541515056044
90	0.9929127097129822	0.006933392956852913	0.00015395272930618376	0.9934686422348022	0.006369356065988541	0.00016198738012462854
91	0.9923495054244995	0.0071245948784053326	0.0005258712917566299	0.9898899793624878	0.00952239241451025	0.0005876257782801986
92	0.9949192404747009	0.0048803468234837055	0.0002004394045798108	0.993881344795227	0.0059197708033025265	0.0001989164884435013
93	0.9960571527481079	0.0037646121345460415	0.00017826593830250204	0.9958051443099976	0.004024193622171879	0.0001706729963188991
94	0.9389880299568176	0.058220233768224716	0.002791736042127013	0.6664328575134277	0.3272544741630554	0.006312674377113581
95	0.9952221512794495	0.0045538307167589664	0.00022402513423003256	0.986562967300415	0.01328175887465477	0.00015518917643930763
96	0.9928134083747864	0.006979943718761206	0.00020665618649218231	0.7517776489257812	0.24702435731887817	0.0011979524279013276
97	0.9962760210037231	0.003501090221107006	0.00022290328342933208	0.9943962097167969	0.005310485605150461	0.0002932872739620507
98	0.989474892616272	0.010174390859901905	0.0003507074434310198	0.9901386499404907	0.009570763446390629	0.00029054979677312076
99	0.995374858379364	0.004337775986641645	0.00028744389419443905	0.9956716299057007	0.004046069923788309	0.0002823325921781361
100	0.9963801503181458	0.0034133391454815865	0.00020655103435274214	0.9835542440414429	0.016102714464068413	0.00034306355519220233
101	0.9909626841545105	0.008428533561527729	0.0006088258814997971	0.5940271615982056	0.35378628969192505	0.052186571061611176
102	0.9968618154525757	0.0029977294616401196	0.0001405233342666179	0.9969559907913208	0.0029090801253914833	0.00013488710101228207
103	0.9955847859382629	0.00424211798235774	0.00017308068345300853	0.9958280920982361	0.003993193618953228	0.00017866790585685521
104	0.9962431192398071	0.003525590756908059	0.00023127297754399478	0.9950258135795593	0.004736508708447218	0.00023770154803059995
105	0.9938353300094604	0.005956932902336121	0.0002077845565509051	0.9936655163764954	0.006120198871940374	0.00021420618577394634
106	0.9941542744636536	0.005639337468892336	0.00020637853594962507	0.9938516616821289	0.005918818060308695	0.00022950097627472132
107	0.99187171459198	0.00795019045472145	0.00017815674073062837	0.9474624395370483	0.051611848175525665	0.0009257452329620719
108	0.9965303540229797	0.003316259942948818	0.0001533624017611146	0.9960513710975647	0.003786348504945636	0.0001622652926016599
109	0.995412290096283	0.00443938747048378	0.00014832998567726463	0.9953136444091797	0.004532370716333389	0.0001539558870717883
110	0.9938596487045288	0.005951749160885811	0.0001886163227027282	0.9933683276176453	0.006451696157455444	0.0001800023892428726
111	0.9907955527305603	0.008974759839475155	0.00022974594321567565	0.9913574457168579	0.008377456106245518	0.0002651507093105465
112	0.9954460859298706	0.0044142077676951885	0.00013968246639706194	0.9957767128944397	0.004083452746272087	0.00013983630924485624
113	0.9948455095291138	0.005019809119403362	0.0001346814096905291	0.997040331363678	0.002784044248983264	0.00017565229791216552
114	0.9965116381645203	0.003295457921922207	0.00019287395116407424	0.9962183833122253	0.0035577467642724514	0.0002239230670966208
115	0.9938713312149048	0.005939916707575321	0.00018875548266805708	0.9888933300971985	0.010877971537411213	0.00022867241932544857
116	0.9952750205993652	0.004490578081458807	0.0002344368549529463	0.9901171326637268	0.009617566131055355	0.00026530027389526367
117	0.9950515627861023	0.004739351570606232	0.00020903738914057612	0.9858893156051636	0.01391539815813303	0.0001953019673237577
118	0.9973270893096924	0.0025072067510336637	0.00016569593572057784	0.9972383975982666	0.002616389887407422	0.00014516375085804611
119	0.984863817691803	0.010279593989253044	0.004856574349105358	0.9947206974029541	0.004550175275653601	0.0007291213260032237
120	0.9955605268478394	0.00422298489138484	0.00021652126451954246	0.995757520198822	0.004005072638392448	0.00023739272728562355
121	0.5513451099395752	0.431895911693573	0.016758978366851807	0.034214578568935394	0.703737199306488	0.2620481848716736
122	0.9962266683578491	0.003571132430806756	0.00020219266298227012	0.9960046410560608	0.003814643481746316	0.00018069709767587483
123	0.9967700242996216	0.0030395141802728176	0.00019053927098866552	0.9966997504234314	0.003137767082080245	0.00016247501480393112
124	0.9976484179496765	0.0021822326816618443	0.00016936034080572426	0.9973400235176086	0.002499245572835207	0.00016076421889010817
125	0.9956738352775574	0.004010929726064205	0.00031518752803094685	0.7652328610420227	0.23035520315170288	0.004411919042468071
126	0.9948683977127075	0.004934428725391626	0.00019711547065526247	0.9905422329902649	0.009243224747478962	0.00021451956126838923
127	0.9918338060379028	0.008012475445866585	0.00015366099250968546	0.992448091506958	0.007393278647214174	0.00015866065223235637
128	0.996513307094574	0.0032977978698909283	0.00018895840912591666	0.9959585070610046	0.003851955058053136	0.00018955890845973045
129	0.9915002584457397	0.008035499602556229	0.00046420737635344267	0.9824348092079163	0.017109088599681854	0.0004561568784993142
130	0.995571494102478	0.004236918408423662	0.00019160790543537587	0.9961351156234741	0.003685107920318842	0.00017981442215386778
131	0.996364176273346	0.003418413456529379	0.00021738966461271048	0.9963905215263367	0.0033724706154316664	0.00023703651095274836
132	0.9804961085319519	0.018782269209623337	0.0007216071244329214	0.5017663836479187	0.4914199411869049	0.0068136174231767654
133	0.9925583600997925	0.007163218688219786	0.0002783849777188152	0.9934685230255127	0.006238419096916914	0.00029301256290636957
134	0.9776847958564758	0.018813831731677055	0.0035013321321457624	0.9833917617797852	0.014049828983843327	0.0025583626702427864
135	0.9954622387886047	0.004379285965114832	0.0001584787096362561	0.9959807395935059	0.0038843287620693445	0.0001348747027805075
136	0.9942716360092163	0.0055113257840275764	0.00021705354447476566	0.9941521286964417	0.005649116355925798	0.00019876717124134302
137	0.9968242645263672	0.002995964838191867	0.00017977810057345778	0.9967825412750244	0.002999494317919016	0.0002179848961532116
138	0.9942623376846313	0.00558840949088335	0.000149259707541205	0.9940031170845032	0.005856801755726337	0.00014007558638695627
139	0.996358335018158	0.0034508847165852785	0.00019075996533501893	0.9965897798538208	0.0032211109064519405	0.00018911153892986476
140	0.9936457872390747	0.006146682426333427	0.00020754095748998225	0.9946991205215454	0.0051094768568873405	0.0001913596788654104
141	0.9948911666870117	0.004935454111546278	0.0001733632234390825	0.9951547384262085	0.004665744490921497	0.00017953419592231512
142	0.9940599799156189	0.005779201630502939	0.00016084684466477484	0.9950342178344727	0.004814863204956055	0.00015090161468833685
143	0.994288444519043	0.005451561417430639	0.000259925436694175	0.8506636023521423	0.1472364217042923	0.002100012032315135
144	0.9954838752746582	0.004379886668175459	0.00013623244012705982	0.9953060746192932	0.004550752229988575	0.00014316668966785073
145	0.9927915334701538	0.006959487218409777	0.00024894444504752755	0.9931827187538147	0.006607381161302328	0.00020993217185605317
146	0.9963281750679016	0.003493680153042078	0.0001781595783540979	0.9949272871017456	0.0048987846821546555	0.00017398483760189265
147	0.997336208820343	0.0024705820251256227	0.00019319304556120187	0.9969891905784607	0.002829961711540818	0.00018093334801960737
148	0.995886504650116	0.0037569201085716486	0.0003565266961231828	0.996599018573761	0.003149601863697171	0.000251387624302879
149	0.9967484474182129	0.0030373174231499434	0.000214285115362145	0.9966487288475037	0.0031505730003118515	0.00020068598678335547
150	0.9556571841239929	0.04354676976799965	0.000796055537648499	0.6673803925514221	0.3316848874092102	0.0009346833685413003
151	0.9933795928955078	0.006284635979682207	0.00033574007102288306	0.9920507073402405	0.007501153275370598	0.00044821063056588173
152	0.9950013756752014	0.004785261582583189	0.00021336329518817365	0.9527097940444946	0.046414464712142944	0.000875677855219692
153	0.9969895482063293	0.002835421357303858	0.00017500363173894584	0.9972149133682251	0.0026144948787987232	0.0001705324975773692
154	0.9934070110321045	0.006417820695787668	0.00017518318782094866	0.9934754967689514	0.006344843655824661	0.00017963525897357613
155	0.9830090403556824	0.01622900925576687	0.0007619270472787321	0.8580764532089233	0.1377471685409546	0.0041763270273804665
156	0.9959301352500916	0.0038508076686412096	0.00021909635688643903	0.9896332025527954	0.010027158074080944	0.00033960226573981345
157	0.9945003986358643	0.005185108631849289	0.000314456585329026	0.9936164617538452	0.005985913798213005	0.0003976126026827842
158	0.9968317151069641	0.0029531989712268114	0.0002150601358152926	0.9946516752243042	0.005113393999636173	0.00023493329354096204
159	0.9956215023994446	0.0042107379995286465	0.00016777182463556528	0.9953030347824097	0.004522876814007759	0.00017407526320312172
160	0.9926389455795288	0.007024927996098995	0.0003361738636158407	0.9214949607849121	0.07807320356369019	0.0004319039871916175
161	0.9962762594223022	0.0035615419037640095	0.00016224280989263207	0.9893919229507446	0.01040174812078476	0.00020634860266000032
162	0.9970746040344238	0.0027140371967107058	0.0002113749651471153	0.997054934501648	0.002733723260462284	0.00021138048032298684
163	0.9926549196243286	0.0071230740286409855	0.00022199589875526726	0.9929185509681702	0.006866928189992905	0.00021451353677548468
164	0.9921741485595703	0.00752416905015707	0.000301691354252398	0.991765558719635	0.007923576049506664	0.00031086819944903255
165	0.9931274652481079	0.006681794300675392	0.00019069272093474865	0.9974562525749207	0.002422291086986661	0.00012141813203925267
166	0.9976352453231812	0.0021091133821755648	0.0002556858235038817	0.9976250529289246	0.0021568890661001205	0.00021802957053296268
167	0.9961559176445007	0.003619894850999117	0.00022419491142500192	0.9964892864227295	0.003281994955614209	0.00022878925665281713
168	0.9952594637870789	0.00451980484649539	0.00022075403830967844	0.9948031306266785	0.004978523589670658	0.00021832602214999497
169	0.9956529140472412	0.004182377364486456	0.00016470454283989966	0.9931122660636902	0.006696574855595827	0.00019113003509119153
170	0.990382969379425	0.009383139200508595	0.00023386793327517807	0.9916970729827881	0.008076376281678677	0.0002265697839902714
171	0.97797030210495	0.020381473004817963	0.0016481669154018164	0.6646111607551575	0.33314627408981323	0.002242579124867916
172	0.9931303858757019	0.006612539291381836	0.00025711144553497434	0.9854932427406311	0.014104479923844337	0.0004023521614726633
173	0.9878208041191101	0.011653129011392593	0.000526062271092087	0.9900956153869629	0.009446629323065281	0.00045770592987537384
174	0.9973580241203308	0.002427435712888837	0.0002145184262190014	0.9973822236061096	0.0024315749760717154	0.00018619978800415993
175	0.9964768290519714	0.003316554706543684	0.00020655826665461063	0.9967125654220581	0.003071657381951809	0.00021573052799794823
176	0.9966102242469788	0.003152570454403758	0.00023718646843917668	0.9964391589164734	0.00333226821385324	0.00022853155678603798
177	0.9960315823554993	0.0037762753199785948	0.00019217767112422734	0.9955345392227173	0.004284696187824011	0.00018070553778670728
178	0.9959408044815063	0.003910312429070473	0.00014892140461597592	0.9956223368644714	0.004229086916893721	0.0001486265246057883
179	0.99598628282547	0.0037584127858281136	0.0002552458900026977	0.9963900446891785	0.003397704102098942	0.00021227571414783597
180	0.9919554591178894	0.007769084069877863	0.00027545171906240284	0.009778279811143875	0.9889516234397888	0.0012700072256848216
181	0.9972074627876282	0.00258958013728261	0.00020294450223445892	0.9970135688781738	0.002809709869325161	0.00017674517584964633
182	0.9937196969985962	0.0057889842428267	0.0004913738230243325	0.989704430103302	0.00796428881585598	0.0023312971461564302
183	0.9963579773902893	0.0034355372190475464	0.00020650152873713523	0.9960297346115112	0.003800789825618267	0.00016955674800556153
184	0.9893535375595093	0.010346604511141777	0.0002998609852511436	0.9953060746192932	0.0044997138902544975	0.00019422505283728242
185	0.9926465749740601	0.00693682162091136	0.0004166254657320678	0.9506256580352783	0.04838733747601509	0.0009869601344689727
186	0.997230589389801	0.0025281005073338747	0.00024128526274580508	0.997276246547699	0.002478973474353552	0.00024479295825585723
187	0.9943513870239258	0.005398113280534744	0.00025050013209693134	0.9945019483566284	0.005242361221462488	0.0002556398685555905
188	0.9959483742713928	0.0038067910354584455	0.0002449003513902426	0.9962378740310669	0.0035294408444315195	0.00023264260380528867
189	0.9941937327384949	0.005627559032291174	0.00017868659051600844	0.9947079420089722	0.005122845061123371	0.00016922081704251468
190	0.9939466118812561	0.005852979142218828	0.00020042152027599514	0.9937891364097595	0.005995601881295443	0.00021530609228648245
191	0.9968848824501038	0.002950663911178708	0.00016438515740446746	0.9967173933982849	0.0031017418950796127	0.0001808560627978295
192	0.9944638609886169	0.005342204589396715	0.00019398519361857325	0.9958565831184387	0.003927294164896011	0.00021605462825391442
193	0.996453046798706	0.0033467707689851522	0.00020017985661979765	0.9846298098564148	0.015115066431462765	0.000255074177403003
194	0.9961509704589844	0.003623850643634796	0.00022526583052240312	0.9965505599975586	0.0032315021380782127	0.00021786225261166692
195	0.9910451769828796	0.00835410039871931	0.0006006640032865107	0.9877277612686157	0.01130205299705267	0.0009701209492050111
196	0.9960278272628784	0.0037688100710511208	0.00020340096671134233	0.9966698288917542	0.003159544663503766	0.00017061525431927294
197	0.9957946538925171	0.0038992082700133324	0.00030614211573265493	0.9959492683410645	0.0037435211706906557	0.0003071626997552812
198	0.9960386753082275	0.0037048037629574537	0.00025655768695287406	0.9955859184265137	0.004032430239021778	0.00038161317934282124
199	0.9971344470977783	0.0027205520309507847	0.00014495037612505257	0.9969761371612549	0.002873542718589306	0.00015037359844427556
