0	0.5600049495697021	0.39063718914985657	0.049357783049345016	0.004851663019508123	0.9902278184890747	0.004920607898384333
1	0.9633275270462036	0.034596964716911316	0.0020755361765623093	0.9901852607727051	0.00794939510524273	0.0018653584411367774
2	0.14974766969680786	0.0512097142636776	0.7990425825119019	0.7873954772949219	0.13909399509429932	0.0735105574131012
3	0.6196078658103943	0.3589504659175873	0.021441703662276268	0.006743353325873613	0.9767991900444031	0.01645738072693348
4	0.5078223943710327	0.15370948612689972	0.33846819400787354	0.02661101147532463	0.1418105810880661	0.8315784931182861
5	0.9894378185272217	0.010276821441948414	0.0002853533369489014	0.9948427081108093	0.004968082997947931	0.00018925753829535097
6	0.7109180092811584	0.2786879539489746	0.010394053533673286	0.9908705353736877	0.008843129500746727	0.0002863314875867218
7	0.995415210723877	0.004283730871975422	0.0003010015352629125	0.9951826930046082	0.004533929284662008	0.00028336167451925576
8	0.007559558842331171	0.9836739301681519	0.008766477927565575	0.9704297184944153	0.028454585000872612	0.00111572805326432
9	0.8709956407546997	0.12764756381511688	0.0013568063732236624	0.9896570444107056	0.010011857375502586	0.0003310956235509366
10	0.9301633834838867	0.0646313726902008	0.005205204244703054	0.9886170029640198	0.011036057956516743	0.0003469774383120239
11	0.010280296206474304	0.023281456902623177	0.9664382934570312	0.6685877442359924	0.06896656006574631	0.2624456584453583
12	0.15643247961997986	0.8374651074409485	0.006102468818426132	0.20906510949134827	0.788571834564209	0.00236302288249135
13	0.16208437085151672	0.7526484727859497	0.08526712656021118	0.47570276260375977	0.5197939872741699	0.004503309261053801
14	0.7792934775352478	0.21804998815059662	0.0026565161533653736	0.9945908784866333	0.005091418046504259	0.000317705562338233
15	0.04334608092904091	0.9545701742172241	0.002083835657685995	0.796022355556488	0.20124684274196625	0.0027307115960866213
16	0.022653112187981606	0.2595934271812439	0.7177534699440002	0.019541941583156586	0.4385441839694977	0.5419138669967651
17	0.2973976731300354	0.4473848044872284	0.2552175223827362	0.8865989446640015	0.09943598508834839	0.01396507490426302
18	0.08932562917470932	0.01916482299566269	0.8915095925331116	0.6802881956100464	0.052448853850364685	0.2672629952430725
19	0.1388399302959442	0.6328076124191284	0.22835242748260498	0.0016876079607754946	0.1600194275379181	0.8382929563522339
20	0.0367540642619133	0.7861195206642151	0.17712649703025818	0.009226381778717041	0.1604597270488739	0.8303138613700867
21	0.6366413235664368	0.2789607346057892	0.08439795672893524	0.1424405723810196	0.8477804660797119	0.009778988547623158
22	0.8555850982666016	0.13681110739707947	0.007603839971125126	0.9297497868537903	0.06914598494768143	0.0011042667319998145
23	0.004515096545219421	0.021906886249780655	0.9735779762268066	0.028087560087442398	0.5437008142471313	0.42821168899536133
24	0.06515812873840332	0.44315263628959656	0.4916892349720001	0.03884232044219971	0.4280202388763428	0.5331375002861023
25	0.6436944007873535	0.3491537272930145	0.0071518560871481895	0.9836403727531433	0.016006534919142723	0.0003531141555868089
26	0.04870785027742386	0.24474354088306427	0.7065486907958984	0.0038512740284204483	0.47075754404067993	0.525391161441803
27	0.09298556298017502	0.8865261077880859	0.020488331094384193	0.8403775095939636	0.1547899693250656	0.004832564387470484
28	0.8815760612487793	0.07190148532390594	0.04652240872383118	0.25262948870658875	0.7415385246276855	0.0058320206589996815
29	0.9945637583732605	0.004921158775687218	0.000515060150064528	0.9416310787200928	0.056850407272577286	0.001518563600257039
30	0.9890689253807068	0.010714157484471798	0.00021691876463592052	0.9966374635696411	0.0032128524035215378	0.00014963567082304507
31	0.9122921228408813	0.07995903491973877	0.007748867385089397	0.8003931641578674	0.19862690567970276	0.0009799146791920066
32	0.05345949903130531	0.08305937796831131	0.8634811639785767	0.12992405891418457	0.1492125540971756	0.720863401889801
33	0.9545010924339294	0.04030705988407135	0.00519180903211236	0.9355303645133972	0.05851837247610092	0.00595127884298563
34	0.5421218872070312	0.4211297631263733	0.03674836456775665	0.9868360757827759	0.011789279989898205	0.0013746340991929173
35	0.9830599427223206	0.016566740348935127	0.0003733212361112237	0.9899175763130188	0.009856214746832848	0.00022626806457992643
36	0.9554625749588013	0.043130312114953995	0.001407147734425962	0.0031423780601471663	0.996385931968689	0.00047168947639875114
37	0.9864669442176819	0.013272825628519058	0.00026027343119494617	0.9953200221061707	0.004520284943282604	0.00015973144036252052
38	0.957053005695343	0.03500931337475777	0.007937709800899029	0.9749509692192078	0.02443179115653038	0.0006172030116431415
39	0.13846081495285034	0.45677658915519714	0.4047625660896301	0.3721102774143219	0.5203027129173279	0.10758696496486664
40	0.9283956289291382	0.06870537251234055	0.0028989571146667004	0.9573787450790405	0.04102088883519173	0.001600411836989224
41	0.003005997510626912	0.09566798061132431	0.9013260006904602	0.03480992838740349	0.5100165605545044	0.455173522233963
42	0.7430838346481323	0.2542904019355774	0.002625785768032074	0.995997428894043	0.003833272960036993	0.00016932081780396402
43	0.016589296981692314	0.2539288401603699	0.7294818758964539	0.3028615117073059	0.4388201832771301	0.2583182454109192
44	0.9747118353843689	0.024970093742012978	0.0003180441271979362	0.9910550117492676	0.008769093081355095	0.00017590094648767263
45	0.7287576794624329	0.21077890694141388	0.06046339496970177	0.0610155314207077	0.9351593255996704	0.0038252209778875113
46	0.8589953184127808	0.13077400624752045	0.01023070141673088	0.9867367148399353	0.01125442422926426	0.0020088281016796827
47	0.8615897297859192	0.13116006553173065	0.007250238675624132	0.9907498955726624	0.008816997520625591	0.00043310585897415876
48	0.8564720153808594	0.12518173456192017	0.018346263095736504	0.3711386024951935	0.6173486113548279	0.01151277031749487
49	0.7956936955451965	0.19422750174999237	0.010078809224069118	0.9920369386672974	0.007686463184654713	0.00027653801953420043
50	0.13624808192253113	0.30425429344177246	0.5594976544380188	0.8205569386482239	0.15116488933563232	0.028278140351176262
51	0.008286336436867714	0.0516323484480381	0.9400813579559326	0.18740615248680115	0.7002509832382202	0.11234286427497864
52	0.723361074924469	0.21633708477020264	0.06030182167887688	0.9329385161399841	0.06131016090512276	0.005751373711973429
53	0.8481715321540833	0.14687708020210266	0.004951409064233303	0.9846981167793274	0.014945514500141144	0.0003563333011697978
54	0.5368331670761108	0.019877931103110313	0.4432888329029083	0.05219108983874321	0.009998263791203499	0.9378107190132141
55	0.02797752246260643	0.9651697874069214	0.006852735299617052	0.9779264330863953	0.02121175453066826	0.0008618371211923659
56	0.041916489601135254	0.03223680704832077	0.9258466958999634	0.6858729720115662	0.11682768911123276	0.19729925692081451
57	0.5724793672561646	0.41069215536117554	0.0168283823877573	0.9859663844108582	0.012798863463103771	0.0012347878655418754
58	0.9365858435630798	0.06225444748997688	0.0011597569100558758	0.30930081009864807	0.6892696022987366	0.0014296392910182476
59	0.7860304117202759	0.17521582543849945	0.03875371068716049	0.9893696308135986	0.009598543867468834	0.0010318388231098652
60	0.9562988877296448	0.035560064017772675	0.008140994235873222	0.956041157245636	0.03648587316274643	0.00747302221134305
61	0.8573183417320251	0.13278818130493164	0.009893453679978848	0.9957510232925415	0.004051408730447292	0.000197546964045614
62	0.9916595816612244	0.007782329339534044	0.0005580417928285897	0.9969310164451599	0.002710550557821989	0.00035843008663505316
63	0.9783692955970764	0.020746765658259392	0.0008839406655170023	0.9463946223258972	0.05309293791651726	0.0005124085582792759
64	0.768140435218811	0.23005560040473938	0.0018040355062112212	0.9901138544082642	0.009616254828870296	0.00026990676997229457
65	0.5920260548591614	0.3148667514324188	0.09310722351074219	0.8289767503738403	0.1658860743045807	0.005137150641530752
66	0.9182301163673401	0.04387251287698746	0.03789732605218887	0.7251542806625366	0.025446532294154167	0.24939918518066406
67	0.11859504878520966	0.8019589185714722	0.07944602519273758	0.9688311219215393	0.02889763005077839	0.0022712533827871084
68	0.7397937774658203	0.25871753692626953	0.001488703303039074	0.03594779595732689	0.9622648358345032	0.0017873782198876143
69	0.9295325875282288	0.06837580353021622	0.0020915258210152388	0.916231632232666	0.08052688837051392	0.0032415580935776234
70	0.9909536838531494	0.008685060776770115	0.0003612885484471917	0.9954302310943604	0.004198962356895208	0.00037079735193401575
71	0.21115995943546295	0.24675914645195007	0.5420808792114258	0.0022994554601609707	0.9774013757705688	0.020299214869737625
72	0.37176820635795593	0.586624026298523	0.04160777106881142	0.892937183380127	0.1006944328546524	0.006368432193994522
73	0.9924798011779785	0.007126414217054844	0.0003938186855521053	0.9944131970405579	0.005312506575137377	0.0002743453369475901
74	0.7225123643875122	0.2637467384338379	0.013740872964262962	0.9761189222335815	0.02306698076426983	0.0008140287827700377
75	0.14179842174053192	0.843265175819397	0.014936366118490696	0.9766939878463745	0.02293674647808075	0.00036925324820913374
76	0.9956961870193481	0.004034235142171383	0.00026953956694342196	0.9957577586174011	0.003993888385593891	0.00024836589000187814
77	0.011855856515467167	0.9858642816543579	0.002279797103255987	0.932574987411499	0.06517856568098068	0.0022464320063591003
78	0.9925342798233032	0.007211844902485609	0.0002538721892051399	0.9740337133407593	0.025719614699482918	0.00024664762895554304
79	0.9934949278831482	0.006203418597579002	0.0003017198177985847	0.9962336421012878	0.003473370335996151	0.00029300429741851985
80	0.08945249021053314	0.2628394663333893	0.647707998752594	0.012811647728085518	0.5089091658592224	0.47827911376953125
81	0.8021010756492615	0.18061530590057373	0.017283625900745392	0.9378830790519714	0.06093158945441246	0.001185318804346025
82	0.877677857875824	0.1180141344666481	0.004308008588850498	0.7813214063644409	0.21541042625904083	0.0032681867014616728
83	0.9291516542434692	0.06665083020925522	0.00419753510504961	0.008634977973997593	0.9903857707977295	0.0009792604250833392
84	0.23469339311122894	0.04360788315534592	0.7216987013816833	0.05741075053811073	0.050439342856407166	0.892149806022644
85	0.39245885610580444	0.6044187545776367	0.0031224738340824842	0.9422712922096252	0.0555209256708622	0.002207791432738304
86	0.9948071837425232	0.004977573174983263	0.0002152953384211287	0.9959290623664856	0.0038895278703421354	0.0001813848502933979
87	0.9021373391151428	0.07844231277704239	0.019420361146330833	0.873913586139679	0.1209612488746643	0.005125155206769705
88	0.23014427721500397	0.06344065815210342	0.7064151167869568	0.02221854031085968	0.02185213938355446	0.9559293389320374
89	0.9620146155357361	0.03317537158727646	0.004809978883713484	0.8897796869277954	0.10823026299476624	0.0019900735933333635
90	0.6091655492782593	0.37048131227493286	0.02035313844680786	0.3090521991252899	0.689242422580719	0.0017054089112207294
91	0.9933215975761414	0.006051149219274521	0.0006271806196309626	0.9790779948234558	0.020254798233509064	0.0006672717281617224
92	0.913883626461029	0.07658661156892776	0.009529821574687958	0.01917143166065216	0.9781352281570435	0.0026933024637401104
93	0.9939407110214233	0.00566225778311491	0.00039702325011603534	0.09759200364351273	0.9011239409446716	0.0012840040726587176
94	0.01667191833257675	0.8042351603507996	0.17909292876720428	0.727827250957489	0.12461943924427032	0.1475532501935959
95	0.6049542427062988	0.3923755884170532	0.002670172369107604	0.9947795867919922	0.005013410467654467	0.0002070721675409004
96	0.959218442440033	0.03890829160809517	0.0018732600146904588	0.9115204811096191	0.08728700876235962	0.0011925615835934877
97	0.1878788024187088	0.8063808083534241	0.005740410182625055	0.9812001585960388	0.01811756193637848	0.0006822143914178014
98	0.01218988187611103	0.9855610728263855	0.0022490299306809902	0.9828192591667175	0.016800332814455032	0.00038042510277591646
99	0.8665862679481506	0.09706240147352219	0.036351293325424194	0.7751837968826294	0.22152388095855713	0.0032923792023211718
100	0.005827154032886028	0.9913963675498962	0.0027765072882175446	0.9725946187973022	0.026991497725248337	0.0004138885415159166
101	0.9830352067947388	0.016514671966433525	0.0004501008370425552	0.9944779872894287	0.0052214814350008965	0.00030051401699893177
102	0.9099477529525757	0.08938627690076828	0.0006659481441602111	0.9963628649711609	0.00347752682864666	0.0001596798247192055
103	0.18775944411754608	0.6446237564086914	0.16761687397956848	0.019928665831685066	0.9727296829223633	0.007341680116951466
104	0.9905077219009399	0.009034458547830582	0.00045780258369632065	0.9959232807159424	0.003757467493414879	0.00031924841459840536
105	0.8325625658035278	0.1412660777568817	0.026171397417783737	0.7471188902854919	0.25054749846458435	0.0023336377926170826
106	0.9911495447158813	0.007043167948722839	0.0018072616076096892	0.9563528895378113	0.04267173260450363	0.0009753988706506789
107	0.9603942632675171	0.038832440972328186	0.0007732233498245478	0.9819980263710022	0.01769600249826908	0.00030599485035054386
108	0.9780480861663818	0.021720854565501213	0.0002310263371327892	0.9946245551109314	0.005094531923532486	0.00028084826772101223
109	0.6115701198577881	0.17102502286434174	0.2174048125743866	0.46105584502220154	0.5322054624557495	0.006738623138517141
110	0.9662350416183472	0.026652619242668152	0.007112381048500538	0.9028975367546082	0.08900406956672668	0.008098427206277847
111	0.4771326780319214	0.36181291937828064	0.1610543578863144	0.02622278593480587	0.2405269891023636	0.7332502007484436
112	0.9893794655799866	0.01003066822886467	0.0005899411626160145	0.6460967063903809	0.3530789911746979	0.000824316986836493
113	0.8865416646003723	0.09406911581754684	0.019389154389500618	0.9858274459838867	0.013275180011987686	0.0008973873336799443
114	0.10402609407901764	0.7369745969772339	0.15899938344955444	0.8345094919204712	0.16247761249542236	0.0030128557700663805
115	0.7976112365722656	0.17817939817905426	0.024209333583712578	0.9071868658065796	0.087460957467556	0.005352185573428869
116	0.6005145311355591	0.25247886776924133	0.1470065861940384	0.3143351078033447	0.553665041923523	0.13199986517429352
117	0.0015252255834639072	0.010898752138018608	0.9875760078430176	0.06744268536567688	0.20160923898220062	0.7309480905532837
118	0.9914109706878662	0.008233815431594849	0.0003552309062797576	0.9960219264030457	0.0038075242191553116	0.00017060777463484555
119	0.9906294941902161	0.009084030985832214	0.0002864183043129742	0.995369017124176	0.004436109680682421	0.00019479847105685622
120	0.983644962310791	0.01598968915641308	0.00036531471414491534	0.9924484491348267	0.007353562396019697	0.0001980042434297502
121	0.4524987041950226	0.5410353541374207	0.006465940270572901	0.9961754083633423	0.0036014090292155743	0.00022310575877781957
122	0.2088833600282669	0.14420311152935028	0.646913468837738	0.02424604259431362	0.8055849075317383	0.17016904056072235
123	0.8722113966941833	0.11787150800228119	0.009917071089148521	0.9739320278167725	0.0246370080858469	0.0014309640973806381
124	0.6627662777900696	0.20047849416732788	0.13675527274608612	0.05391329526901245	0.9433912038803101	0.00269544986076653
125	0.9374215006828308	0.043417129665613174	0.01916138269007206	0.9843885898590088	0.014747505076229572	0.000863925029989332
126	0.9327046871185303	0.06211468577384949	0.005180595442652702	0.9758777618408203	0.023453155532479286	0.000669068715069443
127	0.03476526588201523	0.9572874903678894	0.007947264239192009	0.8986783623695374	0.09681212157011032	0.004509479273110628
128	0.0008772208821028471	0.056161146610975266	0.942961573600769	0.010792972519993782	0.25863271951675415	0.730574369430542
129	0.041222382336854935	0.9481635689735413	0.010614042170345783	0.9866986274719238	0.01238244865089655	0.0009189059492200613
130	0.016882816329598427	0.9744894504547119	0.008627699688076973	0.9775325059890747	0.022060943767428398	0.000406610663048923
131	0.023429708555340767	0.2713645398616791	0.7052057385444641	0.0021293426398187876	0.4378640055656433	0.5600066781044006
132	0.9890071153640747	0.01032683253288269	0.0006660379585810006	0.9927496910095215	0.006236887536942959	0.001013340661302209
133	0.8014816045761108	0.18662023544311523	0.011898137629032135	0.8262794613838196	0.16685491800308228	0.0068656099028885365
134	0.7722952365875244	0.18760883808135986	0.04009596258401871	0.9929881691932678	0.006383745931088924	0.0006280835368670523
135	0.9291086792945862	0.051504962146282196	0.01938636228442192	0.07185667008161545	0.924211859703064	0.003931439481675625
136	0.976059079170227	0.023337477818131447	0.0006033852696418762	0.9914541244506836	0.008256182074546814	0.00028969047707505524
137	0.9926607608795166	0.007113245781511068	0.00022598722716793418	0.9968024492263794	0.0030122664757072926	0.0001853360008681193
138	0.4983450174331665	0.4792416989803314	0.022413291037082672	0.9850864410400391	0.01462517213076353	0.00028840667800977826
139	0.9834175705909729	0.015654707327485085	0.0009276566561311483	0.9751176834106445	0.024594949558377266	0.00028739371919073164
140	0.9888155460357666	0.010946364142000675	0.00023808132391422987	0.9949954748153687	0.004800749011337757	0.00020377853070385754
141	0.9880616664886475	0.011489419266581535	0.00044885234092362225	0.7338467240333557	0.26293689012527466	0.0032163539435714483
142	0.9249417185783386	0.0730598196387291	0.0019985190592706203	0.9500054717063904	0.048567093908786774	0.0014274884015321732
143	0.6550753712654114	0.25166913866996765	0.09325546771287918	0.6548104882240295	0.3235974609851837	0.021592019125819206
144	0.9888502955436707	0.010891646146774292	0.0002580161381047219	0.990308940410614	0.009466275572776794	0.0002247491938760504
145	0.976116418838501	0.019537851214408875	0.004345748573541641	0.8846867084503174	0.09672997146844864	0.018583351746201515
146	0.9489530324935913	0.04634544253349304	0.004701599944382906	0.8939834833145142	0.10468591749668121	0.0013305656611919403
147	0.9058350920677185	0.09230116009712219	0.0018637628527358174	0.992997407913208	0.006698192097246647	0.00030440243426710367
148	0.9836211204528809	0.01595507562160492	0.0004238476976752281	0.9947503209114075	0.004950419068336487	0.000299222010653466
149	0.5923981070518494	0.23119015991687775	0.17641176283359528	0.8887107372283936	0.10746844112873077	0.003820839338004589
150	0.7060002088546753	0.28496041893959045	0.009039374999701977	0.9792436957359314	0.01978287473320961	0.0009733629995025694
151	0.9374278783798218	0.06045491620898247	0.002117160940542817	0.9885671138763428	0.011081403121352196	0.0003514527634251863
152	0.8814399242401123	0.09081672132015228	0.027743393555283546	0.9468957185745239	0.04657116159796715	0.006533078383654356
153	0.9702760577201843	0.02854732982814312	0.0011766002280637622	0.9867312908172607	0.012358678504824638	0.0009100406896322966
154	0.21642105281352997	0.7187795042991638	0.06479941308498383	0.9812687039375305	0.018257757648825645	0.0004735764814540744
155	0.4531508982181549	0.2821841835975647	0.26466497778892517	0.756862998008728	0.17337635159492493	0.06976062059402466
156	0.0019498630426824093	0.022015303373336792	0.9760348796844482	0.00457356870174408	0.21947632730007172	0.775950014591217
157	0.6147052049636841	0.19964207708835602	0.18565265834331512	0.607860267162323	0.3669430613517761	0.02519669197499752
158	0.6120850443840027	0.3510296940803528	0.036885228008031845	0.5855575203895569	0.4118647575378418	0.0025777320843189955
159	0.9809807538986206	0.01866064965724945	0.00035860680509358644	0.9879850745201111	0.011708301492035389	0.00030661781784147024
160	0.9830378293991089	0.016616875305771828	0.00034524494549259543	0.992429792881012	0.007275014650076628	0.0002952197683043778
161	0.9869182705879211	0.01231883093714714	0.0007628545863553882	0.9948155283927917	0.004932975862175226	0.0002514401276130229
162	0.008341147564351559	0.03885265812277794	0.9528062343597412	0.03762977197766304	0.6679962873458862	0.29437389969825745
163	0.9922735095024109	0.007413800805807114	0.00031265802681446075	0.991107165813446	0.008670817129313946	0.0002219941670773551
164	0.9684672951698303	0.02949712425470352	0.002035536803305149	0.9666528105735779	0.0323721207678318	0.0009750810568220913
165	0.973375678062439	0.02618630975484848	0.0004379824677016586	0.9918678402900696	0.007968061603605747	0.0001641641865717247
166	0.8062694668769836	0.0708017572760582	0.12292882055044174	0.10301859676837921	0.7260611057281494	0.17092028260231018
167	0.9894040822982788	0.010186142288148403	0.00040981778874993324	0.990911602973938	0.008864330127835274	0.0002240912726847455
168	0.08977881819009781	0.5166938900947571	0.39352723956108093	0.30030277371406555	0.6259639263153076	0.07373326271772385
169	0.023813117295503616	0.023378852754831314	0.9528079628944397	0.0238986536860466	0.030607163906097412	0.9454941153526306
170	0.7911621332168579	0.18242914974689484	0.026408689096570015	0.830219566822052	0.16683083772659302	0.002949640154838562
171	0.6477343440055847	0.327984482049942	0.02428116649389267	0.2612176537513733	0.6860270500183105	0.0527552030980587
172	0.9488587975502014	0.04603344574570656	0.005107841920107603	0.9556071162223816	0.04071579501032829	0.0036770852748304605
173	0.9834536910057068	0.015803668648004532	0.0007426949450746179	0.9897833466529846	0.00955943949520588	0.0006571663543581963
174	0.9597766399383545	0.03843415156006813	0.0017892116447910666	0.9672929048538208	0.03094928152859211	0.0017577969701960683
175	0.990713357925415	0.008925607427954674	0.00036097707925364375	0.9903732538223267	0.009274784475564957	0.0003519981983117759
176	0.0571717768907547	0.6444909572601318	0.29833728075027466	0.006831956561654806	0.9568473696708679	0.03632073849439621
177	0.9611499309539795	0.03715738654136658	0.0016927445540204644	0.9884932637214661	0.011175413616001606	0.00033133733086287975
178	0.4070655107498169	0.5645142197608948	0.02842026762664318	0.47411951422691345	0.5182309746742249	0.007649503648281097
179	0.23288892209529877	0.07259781658649445	0.6945133209228516	0.641431987285614	0.33956506848335266	0.01900293491780758
180	0.7620142698287964	0.20217326283454895	0.03581244498491287	0.9559747576713562	0.04342183843255043	0.0006034229299984872
181	0.0026634270325303078	0.006568653509020805	0.9907678961753845	0.004743572790175676	0.006420949473977089	0.9888355135917664
182	0.24199791252613068	0.4465599060058594	0.3114422559738159	0.1141878142952919	0.4499497711658478	0.4358624815940857
183	0.0682251900434494	0.40624329447746277	0.525531530380249	0.12878121435642242	0.5956462621688843	0.2755725383758545
184	0.9605311751365662	0.03874600678682327	0.0007228048634715378	0.9916472434997559	0.00805930607020855	0.00029345802613534033
185	0.9666973352432251	0.01680065132677555	0.016502035781741142	0.9698107838630676	0.025435935705900192	0.004753362387418747
186	0.9013453722000122	0.09346924722194672	0.005185323301702738	0.7430489659309387	0.25575417280197144	0.001196851721033454
187	0.981372594833374	0.018112557008862495	0.0005148182390257716	0.9944674968719482	0.005312735680490732	0.00021973832917865366
188	0.985260546207428	0.014460702426731586	0.0002787472913041711	0.9950382113456726	0.0046200682409107685	0.0003416741674300283
189	0.9700703620910645	0.02951279655098915	0.00041683902963995934	0.992591142654419	0.0072284541092813015	0.00018038926646113396
190	0.13413408398628235	0.8142977356910706	0.05156815052032471	0.8912051916122437	0.10473664104938507	0.0040581803768873215
191	0.9291068911552429	0.06574372202157974	0.005149358417838812	0.6875726580619812	0.3097465932369232	0.0026807484682649374
192	0.7887771129608154	0.20451459288597107	0.006708358880132437	0.34028464555740356	0.6448917984962463	0.014823537319898605
193	0.9887194037437439	0.01083469484001398	0.00044588642776943743	0.9926591515541077	0.0070405276492238045	0.0003003193123731762
194	0.7693758010864258	0.18446655571460724	0.04615766182541847	0.9754952192306519	0.02252546325325966	0.0019793955143541098
195	0.9811695218086243	0.018188653513789177	0.0006418647826649249	0.9923417568206787	0.007262024097144604	0.0003962505725212395
196	0.991998016834259	0.007702481001615524	0.00029949829331599176	0.9960530996322632	0.0037164611276239157	0.00023045811394695193
197	0.8832787871360779	0.10132895410060883	0.015392230823636055	0.018100282177329063	0.9793341159820557	0.0025656460784375668
198	0.7616890668869019	0.216536283493042	0.021774712949991226	0.0754181444644928	0.189358189702034	0.7352235913276672
199	0.8420654535293579	0.13418154418468475	0.02375301904976368	0.0033200765028595924	0.9885697960853577	0.008110075257718563
