0	0.9954696893692017	0.004308870993554592	0.00022139148495625705	0.9957868456840515	0.00398971838876605	0.00022348585480358452
1	0.9680415987968445	0.022661710157990456	0.009296655654907227	0.9963601231575012	0.003354179672896862	0.0002856853825505823
2	0.9968277812004089	0.0029997420497238636	0.00017245447088498622	0.9969984292984009	0.0028310962952673435	0.00017055304488167167
3	0.9931656718254089	0.006544502452015877	0.00028979481430724263	0.9934426546096802	0.0063890740275382996	0.00016827028593979776
4	0.9901446104049683	0.007977589964866638	0.0018778096418827772	0.9941504597663879	0.005046488251537085	0.0008030726457946002
5	0.9905344247817993	0.009257359430193901	0.00020821113139390945	0.9900174736976624	0.009773464873433113	0.00020903533732052892
6	0.9928393363952637	0.007011713460087776	0.00014891111641190946	0.9925277233123779	0.007322251796722412	0.00015001291467342526
7	0.9881321787834167	0.009601105004549026	0.0022666356526315212	0.9916868805885315	0.006742064841091633	0.0015710333827883005
8	0.9961463212966919	0.0036997648421674967	0.00015391065971925855	0.9961212277412415	0.003720575477927923	0.0001582252880325541
9	0.9963440299034119	0.0034649015869945288	0.0001910734863486141	0.9962904453277588	0.0035135268699377775	0.00019608964794315398
10	0.994208812713623	0.005616323556751013	0.0001748351933201775	0.9943965673446655	0.005428943783044815	0.00017452200700063258
11	0.9962427616119385	0.003553681541234255	0.00020355003653094172	0.9960856437683105	0.0036999168805778027	0.00021448804182000458
12	0.9945670366287231	0.005000140983611345	0.000432858825661242	0.9947799444198608	0.004837965127080679	0.0003821605059783906
13	0.9964005947113037	0.003443024819716811	0.0001563974074088037	0.9964140057563782	0.0034220681991428137	0.0001639174879528582
14	0.9947404265403748	0.0050865462981164455	0.0001730127405608073	0.9946480393409729	0.005183962639421225	0.0001679527631495148
15	0.9960747957229614	0.003751167794689536	0.00017408137500751764	0.9962204098701477	0.0035997999366372824	0.00017975797527469695
16	0.9810305833816528	0.015907516703009605	0.0030618752352893353	0.9880659580230713	0.009727868251502514	0.00220615160651505
17	0.9939606189727783	0.005818691570311785	0.00022067334793973714	0.9938068985939026	0.005966839846223593	0.00022625226119998842
18	0.995029628276825	0.004746515769511461	0.00022386584896594286	0.9951139688491821	0.00465962802991271	0.00022633215121459216
19	0.992439866065979	0.007369600236415863	0.00019047784735448658	0.9921063184738159	0.007696063723415136	0.00019765793695114553
20	0.9961141347885132	0.0036856415681540966	0.00020018315990455449	0.9961822628974915	0.0036137851420789957	0.00020393890736158937
21	0.9945092797279358	0.005214984063059092	0.00027576531283557415	0.993977427482605	0.00575351994484663	0.0002690008841454983
22	0.9877920746803284	0.010318326763808727	0.0018896161345764995	0.9836336970329285	0.013094575144350529	0.0032717741560190916
23	0.9953547716140747	0.004477507434785366	0.00016776191478129476	0.9955659508705139	0.0042475126683712006	0.00018647537217475474
24	0.9941043257713318	0.005688376259058714	0.00020736188162118196	0.9937629103660583	0.006018088199198246	0.00021904907771386206
25	0.987251877784729	0.010938308201730251	0.0018097736174240708	0.9898574352264404	0.008906524628400803	0.0012360179098322988
26	0.9905000329017639	0.00927816517651081	0.0002218188310507685	0.991001307964325	0.008782417513430119	0.00021624039800371975
27	0.9970170259475708	0.0027395463548600674	0.00024347759608644992	0.9969668984413147	0.0027819443494081497	0.0002511628554202616
28	0.9890187978744507	0.0092722587287426	0.0017089582979679108	0.9533140659332275	0.03613670915365219	0.010549265891313553
29	0.988624095916748	0.00868711993098259	0.0026887813583016396	0.9713881611824036	0.021907329559326172	0.006704485975205898
30	0.9852472543716431	0.011001409031450748	0.003751383861526847	0.9889686107635498	0.009880587458610535	0.0011508138850331306
31	0.9920163154602051	0.0062308418564498425	0.0017528606113046408	0.9169701337814331	0.048303984105587006	0.03472590446472168
32	0.9962471127510071	0.0033909566700458527	0.00036187382647767663	0.9966082572937012	0.0031078821048140526	0.00028382602613419294
33	0.9973053932189941	0.0024528303183615208	0.0002418115473119542	0.9970399737358093	0.0026281445752829313	0.00033179717138409615
34	0.9946660995483398	0.005000228527933359	0.0003336450026836246	0.9940631985664368	0.0055875275284051895	0.0003492684045340866
35	0.9952432513237	0.004542079754173756	0.000214699815842323	0.9951881170272827	0.004609096795320511	0.00020273875270504504
36	0.9864799380302429	0.00926698837429285	0.004253088962286711	0.9188650846481323	0.029638350009918213	0.051496513187885284
37	0.9904345273971558	0.00824315007776022	0.0013222881825640798	0.9941179752349854	0.005253837909549475	0.0006282101385295391
38	0.9960905909538269	0.0037673835176974535	0.0001419551990693435	0.995792031288147	0.004065095912665129	0.00014282028132583946
39	0.9942599534988403	0.005530497524887323	0.0002095730451401323	0.9939718842506409	0.005807904992252588	0.0002201591560151428
40	0.9726169109344482	0.023761631920933723	0.0036214671563357115	0.9873397350311279	0.01044280081987381	0.0022174587938934565
41	0.9956698417663574	0.0037681167013943195	0.0005620297743007541	0.9952206015586853	0.0041252258233726025	0.0006541752372868359
42	0.9954754710197449	0.004311792086809874	0.0002127814368577674	0.9954628348350525	0.004328600596636534	0.00020855139882769436
43	0.9917877316474915	0.007511751726269722	0.0007004831568337977	0.9960095882415771	0.0036094686947762966	0.00038089259760454297
44	0.9847331643104553	0.014089490287005901	0.0011773135047405958	0.991430938243866	0.008236152119934559	0.00033289138809777796
45	0.9968245029449463	0.0030084860045462847	0.0001670322089921683	0.9969634413719177	0.00288034463301301	0.0001561592798680067
46	0.9963369369506836	0.0034109035041183233	0.00025210774037986994	0.9964925646781921	0.0032685059122741222	0.00023887245333753526
47	0.9805917143821716	0.01589382253587246	0.003514503128826618	0.8998111486434937	0.036469705402851105	0.06371922045946121
48	0.995763897895813	0.003957761451601982	0.00027830826002173126	0.9955180287361145	0.004213999956846237	0.00026804953813552856
49	0.9869491457939148	0.009904061444103718	0.003146743169054389	0.9000218510627747	0.05154383182525635	0.04843428358435631
50	0.9969057440757751	0.0028162021189928055	0.0002780251088552177	0.995086133480072	0.004430025815963745	0.0004838069435209036
51	0.9911133646965027	0.008106336928904057	0.0007803311455063522	0.9919702410697937	0.007534473203122616	0.0004952685558237135
52	0.9933542013168335	0.006047525908797979	0.0005982978036627173	0.9906381368637085	0.008646260015666485	0.000715581641998142
53	0.9928268790245056	0.0055999173782765865	0.0015732242027297616	0.9947258830070496	0.004331049043685198	0.0009430506033822894
54	0.9959942102432251	0.003840862773358822	0.00016495973977725953	0.9961655139923096	0.0036619873717427254	0.00017257344734389335
55	0.995890736579895	0.003909558057785034	0.00019965061801485717	0.9956068396568298	0.0041858428157866	0.00020727698574773967
56	0.9950436353683472	0.0047890436835587025	0.00016730133211240172	0.9954961538314819	0.00434514693915844	0.00015876078396104276
57	0.9948474168777466	0.004374353215098381	0.000778276298660785	0.9954814910888672	0.004040934145450592	0.0004775217385031283
58	0.993691086769104	0.005939377937465906	0.0003695366904139519	0.9937246441841125	0.005888078361749649	0.00038730562664568424
59	0.9963263869285583	0.003471158677712083	0.0002023925189860165	0.9964007139205933	0.0033918465487658978	0.00020746717927977443
60	0.9914329051971436	0.006735235918313265	0.0018318810034543276	0.9577184319496155	0.017404602840542793	0.02487690933048725
61	0.9960342049598694	0.0037023096811026335	0.0002635179553180933	0.9959602952003479	0.0037729579489678144	0.00026679979055188596
62	0.9971987009048462	0.002553923986852169	0.00024740357184782624	0.9970338344573975	0.00273349997587502	0.0002327061811229214
63	0.9884882569313049	0.009518313221633434	0.001993422629311681	0.9933803081512451	0.005832236725836992	0.0007874717703089118
64	0.986918032169342	0.012578338384628296	0.0005036587244831026	0.9941180944442749	0.005581029690802097	0.00030090357176959515
65	0.9908287525177002	0.008271387778222561	0.0008998530684038997	0.9942554831504822	0.005243284162133932	0.0005012690089643002
66	0.994751513004303	0.00502451928332448	0.00022394162078853697	0.9946140646934509	0.005155970808118582	0.00022997159976512194
67	0.9685974717140198	0.024702973663806915	0.00669954065233469	0.8786009550094604	0.056714605540037155	0.06468445062637329
68	0.9907556176185608	0.008530308492481709	0.0007140198140405118	0.989910900592804	0.009218346327543259	0.0008707701927050948
69	0.996434211730957	0.0030289122369140387	0.0005369000718928874	0.996260941028595	0.00328389136120677	0.0004551361780613661
70	0.9951645135879517	0.004673955496400595	0.00016153034812305123	0.9953190684318542	0.004519755020737648	0.00016117733321152627
71	0.9810391664505005	0.012435201555490494	0.006525665987282991	0.8951264023780823	0.05656184256076813	0.048311810940504074
72	0.982819139957428	0.014535926282405853	0.0026449745055288076	0.9912412166595459	0.007683297619223595	0.0010755147086456418
73	0.9952281713485718	0.004432065412402153	0.00033976411214098334	0.9953750967979431	0.004310308955609798	0.00031457081786356866
74	0.9928085803985596	0.006747463718056679	0.0004439574549905956	0.9955658316612244	0.004072386305779219	0.00036170709063299
75	0.9926978945732117	0.007093449588865042	0.00020866589329671115	0.9920843839645386	0.007692994549870491	0.00022266086307354271
76	0.9954063892364502	0.003877064445987344	0.000716586597263813	0.9943802952766418	0.004519795998930931	0.001099927700124681
77	0.9959189295768738	0.0036873959470540285	0.0003936912980861962	0.9946784973144531	0.004820778965950012	0.0005007699364796281
78	0.9961775541305542	0.0034253988415002823	0.00039708218537271023	0.9969547986984253	0.002774669323116541	0.0002705567458178848
79	0.9844740629196167	0.014167046174407005	0.001358882407657802	0.9885045886039734	0.010625200346112251	0.000870224554091692
80	0.9941067695617676	0.005396225024014711	0.0004969604196958244	0.9942876696586609	0.005268018692731857	0.0004443920333869755
81	0.9922581315040588	0.007534011732786894	0.00020781539205927402	0.9920865893363953	0.007696391083300114	0.0002170187799492851
82	0.9503907561302185	0.04698311910033226	0.0026260516606271267	0.9918223023414612	0.007556922268122435	0.0006207774858921766
83	0.996748685836792	0.003050092840567231	0.00020124393631704152	0.9969620108604431	0.002850672695785761	0.00018724008987192065
84	0.9963562488555908	0.003318068804219365	0.0003257542848587036	0.9959694147109985	0.0036488850601017475	0.0003817205142695457
85	0.9959522485733032	0.0038428734987974167	0.0002048544556600973	0.9956920742988586	0.004107499960809946	0.00020043582480866462
86	0.9972952008247375	0.0025241796392947435	0.00018064433243125677	0.9973180890083313	0.0025059902109205723	0.0001758690195856616
87	0.9956232905387878	0.004054914228618145	0.0003218306228518486	0.9955165982246399	0.004157829564064741	0.00032563190325163305
88	0.8808164000511169	0.11327265948057175	0.005910910665988922	0.9492537975311279	0.03602922335267067	0.014716961421072483
89	0.9504813551902771	0.03628351911902428	0.013235146179795265	0.9373956918716431	0.04054455831646919	0.022059760987758636
90	0.9655879139900208	0.025318315252661705	0.009093699045479298	0.8692545294761658	0.08971914649009705	0.04102632775902748
91	0.9939164519309998	0.005905724596232176	0.00017782716895453632	0.9943053126335144	0.005504274275153875	0.00019034874276258051
92	0.9928531050682068	0.006900391541421413	0.0002465315628796816	0.992010235786438	0.007727853488177061	0.00026188205811195076
93	0.9960448145866394	0.003730826312676072	0.0002242868795292452	0.996052086353302	0.003738085040822625	0.00020988153119105846
94	0.9960144758224487	0.003635056084021926	0.0003504740307107568	0.9958204030990601	0.0038303500041365623	0.0003492404066491872
95	0.9970002770423889	0.002805304480716586	0.00019435517606325448	0.9970080256462097	0.0027958552818745375	0.00019609805895015597
96	0.9935970306396484	0.006202854681760073	0.0002000898093683645	0.9932523369789124	0.006548879202455282	0.00019876706937793642
97	0.9952900409698486	0.004416789393872023	0.0002931282215286046	0.9952272176742554	0.004477452486753464	0.00029536380316130817
98	0.976342499256134	0.021570144221186638	0.0020873169414699078	0.9654306769371033	0.03027397207915783	0.0042953756637871265
99	0.9952836632728577	0.004172503482550383	0.0005438919179141521	0.9965086579322815	0.0031969055999070406	0.00029436644399538636
100	0.9957687854766846	0.003998936619609594	0.0002323535009054467	0.99407958984375	0.005623567849397659	0.0002968407061416656
101	0.9957156777381897	0.004145010840147734	0.00013932405272498727	0.9953358769416809	0.004509716760367155	0.0001544793922221288
102	0.9960957169532776	0.0036532024387270212	0.00025105781969614327	0.9954209923744202	0.004251850303262472	0.0003271019959356636
103	0.9963319897651672	0.003364098956808448	0.0003039946313947439	0.9959641695022583	0.003672013757750392	0.0003637846384663135
104	0.9963319897651672	0.0034284139983356	0.000239666536799632	0.9965176582336426	0.0032567938324064016	0.00022554353927262127
105	0.9919244647026062	0.007806078530848026	0.0002694602299015969	0.991921067237854	0.007807317655533552	0.0002716665039770305
106	0.997204065322876	0.0025888478849083185	0.00020713111734949052	0.9972547888755798	0.002550365636125207	0.00019489653641358018
107	0.9958282113075256	0.0038774407003074884	0.00029436300974339247	0.9956568479537964	0.00409077201038599	0.0002523489820305258
108	0.9954243302345276	0.004357443656772375	0.00021824495343025774	0.9948045611381531	0.0049711959436535835	0.00022423095651902258
109	0.9884031414985657	0.010045284405350685	0.0015515625709667802	0.9956271648406982	0.004046402405947447	0.00032645478495396674
110	0.9037002325057983	0.0776447132229805	0.018655061721801758	0.7576449513435364	0.027642104774713516	0.21471291780471802
111	0.99505615234375	0.004657762590795755	0.0002860983950085938	0.9948403239250183	0.00489847781136632	0.00026118772802874446
112	0.9909148216247559	0.0063401274383068085	0.0027450278867036104	0.9479480981826782	0.02784244529902935	0.02420947141945362
113	0.9612877368927002	0.028196467086672783	0.010515866801142693	0.9900807738304138	0.008024726063013077	0.001894475775770843
114	0.9967857599258423	0.0030459477566182613	0.00016835483256727457	0.9968069791793823	0.0030148120131343603	0.0001782861800165847
115	0.9957098960876465	0.00376708060503006	0.0005229719099588692	0.9934344291687012	0.005566807929426432	0.000998806906864047
116	0.9960165619850159	0.0038046562112867832	0.00017879751976579428	0.9959967136383057	0.0038164379075169563	0.0001868072577053681
117	0.9929185509681702	0.00691593624651432	0.0001654421357670799	0.9934822916984558	0.0063478983938694	0.00016980170039460063
118	0.9936389327049255	0.0062312176451087	0.00012986081128474325	0.993451714515686	0.006416690070182085	0.00013155372289475054
119	0.9950645565986633	0.0046991463750600815	0.0002363310632063076	0.9951464533805847	0.004632876720279455	0.00022061490744818002
120	0.9742252230644226	0.018145982176065445	0.007628859020769596	0.9400814175605774	0.04666537418961525	0.01325318869203329
121	0.9965607523918152	0.003247634507715702	0.00019160193915013224	0.9962737560272217	0.0035362103953957558	0.00019008821982424706
122	0.9954515099525452	0.004298998974263668	0.0002495426742825657	0.994986891746521	0.004755838308483362	0.000257323234109208
123	0.9858593344688416	0.013811764307320118	0.0003289357991889119	0.9861583113670349	0.013521408662199974	0.0003202715306542814
124	0.9964475631713867	0.0031870342791080475	0.0003654055471997708	0.996222734451294	0.0033695800229907036	0.0004076853801961988
125	0.9921445250511169	0.007647416088730097	0.00020803746883757412	0.9919697642326355	0.007816413417458534	0.00021381350234150887
126	0.99440598487854	0.005150110460817814	0.0004438904288690537	0.9943969249725342	0.005152338184416294	0.0004507269768510014
127	0.9920209050178528	0.00689714914187789	0.0010819871677085757	0.9936612844467163	0.005608716979622841	0.0007300120196305215
128	0.9964553117752075	0.0033290761057287455	0.0002155810798285529	0.9965531826019287	0.003230179427191615	0.0002165908517781645
129	0.9962608218193054	0.0034038012381643057	0.00033535511465743184	0.9962257146835327	0.0033698182087391615	0.0004044292727485299
130	0.9960631728172302	0.003813383635133505	0.00012342591071501374	0.9961318969726562	0.0037395809777081013	0.00012846953177358955
131	0.9868735671043396	0.009769014082849026	0.003357395762577653	0.9840355515480042	0.010741951875388622	0.005222470965236425
132	0.9865472316741943	0.011991459876298904	0.0014613596722483635	0.9836191534996033	0.014407597482204437	0.0019732913933694363
133	0.9928601384162903	0.006082643289119005	0.001057194429449737	0.9930726885795593	0.005882590543478727	0.0010447262320667505
134	0.9924249649047852	0.007387809921056032	0.00018720352090895176	0.992580235004425	0.007230635732412338	0.00018920350703410804
135	0.9399512410163879	0.03929419070482254	0.020754626020789146	0.9964897036552429	0.0032462712842971087	0.00026405591052025557
136	0.9963595271110535	0.003473802702501416	0.0001666927564656362	0.9962059259414673	0.0036304881796240807	0.0001635070366319269
137	0.9972027540206909	0.0024778901133686304	0.00031935295555740595	0.996639609336853	0.00305972364731133	0.0003006896877195686
138	0.9874415397644043	0.010049705393612385	0.0025087199173867702	0.9730356931686401	0.021312780678272247	0.00565148564055562
139	0.995501697063446	0.004049430601298809	0.0004488406120799482	0.9964820146560669	0.0032008164562284946	0.0003171352145727724
140	0.9957290291786194	0.004104770254343748	0.00016618550580460578	0.9955612421035767	0.004272125195711851	0.00016661178960930556
141	0.9967228770256042	0.0030219738837331533	0.000255211372859776	0.996721088886261	0.0030177163425832987	0.00026124491705559194
142	0.9951093792915344	0.004772908985614777	0.00011767417163355276	0.9947793483734131	0.005099695175886154	0.0001209297843161039
143	0.9943658113479614	0.005339668598026037	0.00029456435004249215	0.9942980408668518	0.0053941779769957066	0.0003077482688240707
144	0.9936923980712891	0.0061248717829585075	0.00018278088828083128	0.9937795996665955	0.006035489495843649	0.0001848382962634787
145	0.9701398015022278	0.02407652698457241	0.005783659406006336	0.9617998600006104	0.030852854251861572	0.007347207982093096
146	0.9939911961555481	0.005772018805146217	0.00023679180594626814	0.9943132400512695	0.005458567291498184	0.0002282600471517071
147	0.9917463064193726	0.00791963655501604	0.00033400041866116226	0.9927858114242554	0.006929314229637384	0.000284873996861279
148	0.9938733577728271	0.005373171530663967	0.0007535013719461858	0.9964199066162109	0.0031962369102984667	0.0003838642151094973
149	0.9942378997802734	0.005267898552119732	0.0004941844381392002	0.9942793846130371	0.005327488295733929	0.0003931561950594187
150	0.9828271865844727	0.013221500441432	0.003951332997530699	0.8635779619216919	0.040704164654016495	0.09571793675422668
151	0.9821840524673462	0.017551159486174583	0.00026481537497602403	0.9913954138755798	0.008338498882949352	0.00026603322476148605
152	0.9951956868171692	0.004606925882399082	0.00019743283337447792	0.9952099919319153	0.004592310171574354	0.00019770831568166614
153	0.9966457486152649	0.0031451270915567875	0.00020909594604745507	0.996548593044281	0.0032502594403922558	0.00020116822270210832
154	0.9957020878791809	0.004143489990383387	0.00015436139074154198	0.9957028031349182	0.004140877164900303	0.00015633231669198722
155	0.9637018442153931	0.025898536667227745	0.010399670340120792	0.9973143935203552	0.0025165737606585026	0.00016905357188079506
156	0.9877682328224182	0.009182941168546677	0.0030488327611237764	0.9894359111785889	0.007607190869748592	0.002956929849460721
157	0.9855206608772278	0.012566435150802135	0.0019129144493490458	0.9819713234901428	0.016507266089320183	0.0015213529113680124
158	0.9545692801475525	0.04228074848651886	0.0031499911565333605	0.9874103665351868	0.012096227146685123	0.0004934189491905272
159	0.9968217611312866	0.002966762986034155	0.00021147742518223822	0.9967250227928162	0.00306228781118989	0.00021267743431963027
160	0.9878826141357422	0.011312284506857395	0.0008051731856539845	0.9651637673377991	0.03313041105866432	0.0017058220691978931
161	0.9599734544754028	0.03539353609085083	0.004633021540939808	0.9804803133010864	0.017781417816877365	0.001738303224556148
162	0.995364785194397	0.004330866504460573	0.00030430691549554467	0.9949014186859131	0.004732036497443914	0.0003664813993964344
163	0.9968451261520386	0.0028935810551047325	0.0002613451797515154	0.9968679547309875	0.002880928572267294	0.0002510696940589696
164	0.9969182014465332	0.002861059969291091	0.000220695132156834	0.9970071911811829	0.0027675433084368706	0.00022524947416968644
165	0.9952812790870667	0.004476404283195734	0.0002423175028525293	0.9951840043067932	0.0045533087104558945	0.0002626607893034816
166	0.9874487519264221	0.008601517416536808	0.00394971389323473	0.9876651167869568	0.0086207315325737	0.0037142103537917137
167	0.9794039130210876	0.015369828790426254	0.005226237699389458	0.9594871401786804	0.032066646963357925	0.008446273393929005
168	0.9521974325180054	0.030446670949459076	0.01735588349401951	0.9420182108879089	0.0341724269092083	0.023809336125850677
169	0.9958374500274658	0.003938962239772081	0.0002235635183751583	0.9949532151222229	0.004751615226268768	0.0002951740752905607
170	0.9782428741455078	0.0163919385522604	0.005365140736103058	0.9802363514900208	0.013456614688038826	0.006306994706392288
171	0.9810381531715393	0.0160528514534235	0.002909031230956316	0.99043208360672	0.00874613132327795	0.0008217941503971815
172	0.9968357682228088	0.0029805873055011034	0.00018372297927271575	0.9967415928840637	0.0030669872649013996	0.0001913859450723976
173	0.9865477681159973	0.010937519371509552	0.0025147045962512493	0.9854167103767395	0.013280054554343224	0.001303202356211841
174	0.9966865181922913	0.0031435315031558275	0.00017001711239572614	0.9964522123336792	0.003378354711458087	0.0001694139646133408
175	0.9868851900100708	0.012482852675020695	0.0006319908425211906	0.9854786396026611	0.013896482065320015	0.000624904700089246
176	0.984377384185791	0.013342632912099361	0.0022799642756581306	0.9872418642044067	0.011170375160872936	0.0015876969555392861
177	0.996533989906311	0.0030537748243659735	0.0004122643149457872	0.9958493709564209	0.00380336819216609	0.00034720287658274174
178	0.9957213401794434	0.003986672032624483	0.00029193537193350494	0.9958800077438354	0.0038374497089535	0.00028256652876734734
179	0.9629713296890259	0.031143512576818466	0.005885183811187744	0.9856038093566895	0.012043424881994724	0.0023528195451945066
180	0.9940648674964905	0.005583086051046848	0.00035201909486204386	0.991520345211029	0.008043321780860424	0.0004364099877420813
