0	0.00020754568686243147	0.0013344816397875547	0.9984579086303711	0.0005218469887040555	0.0015407655155286193	0.9979373216629028
1	0.00043314089998602867	0.0006318630767054856	0.9989350438117981	0.0008190626394934952	0.0009209754643961787	0.998259961605072
2	0.0014589455677196383	0.0059702894650399685	0.9925708174705505	0.03546237573027611	0.01221306249499321	0.9523246884346008
3	0.0005043180426582694	0.000951930123846978	0.9985437393188477	0.0008317571482621133	0.0020486400462687016	0.997119665145874
4	0.0043600755743682384	0.005886180326342583	0.9897537231445312	0.08549033105373383	0.03485332429409027	0.8796563744544983
5	0.005817383993417025	0.06273207068443298	0.9314505457878113	0.002847714116796851	0.015709316357970238	0.9814429879188538
6	0.001504588290117681	0.016600828617811203	0.9818945527076721	0.06686770915985107	0.023524848744273186	0.9096074104309082
7	0.0010650989133864641	0.0018186657689511776	0.997116208076477	0.014729009941220284	0.05447802320122719	0.9307928681373596
8	0.002075870055705309	0.0024429839104413986	0.9954811334609985	0.003626920050010085	0.006610125303268433	0.9897630214691162
9	0.010973566211760044	0.005779603496193886	0.9832468628883362	0.0011197635903954506	0.007276230026036501	0.9916040301322937
10	0.001719310530461371	0.011361321434378624	0.9869193434715271	0.01308675017207861	0.044067177921533585	0.9428460597991943
11	0.00185983011033386	0.0040067266672849655	0.9941335320472717	0.008436446078121662	0.007347348146140575	0.9842162728309631
12	0.0009568111854605377	0.0013661429984495044	0.9976770281791687	0.0035403103101998568	0.003596701892092824	0.9928629994392395
13	0.0005683666095137596	0.00173392693977803	0.997697651386261	0.002217166358605027	0.005847631022334099	0.9919352531433105
14	0.0035783478524535894	0.005176144186407328	0.9912455677986145	0.03860333189368248	0.020542141050100327	0.9408544898033142
15	0.0007674005464650691	0.002663244027644396	0.9965692758560181	0.00031203223625198007	0.0025726414751261473	0.9971153736114502
16	0.0011692065745592117	0.0009897928684949875	0.9978410005569458	0.023408755660057068	0.012040259316563606	0.9645509719848633
17	0.0007443876238539815	0.004687512293457985	0.9945682287216187	0.0071865264326334	0.015297147445380688	0.9775162935256958
18	0.012809163890779018	0.02904164232313633	0.958149254322052	0.0005100325797684491	0.003811080241575837	0.9956789612770081
19	0.00021395398653112352	0.00468779681250453	0.9950981736183167	0.0012863775482401252	0.007774006575345993	0.9909396171569824
20	0.0013280463172122836	0.0015478363493457437	0.9971240162849426	0.006031409837305546	0.003262964775785804	0.9907055497169495
21	0.00043028677464462817	0.0005821107770316303	0.99898761510849	0.0013908140826970339	0.003313495544716716	0.9952957034111023
22	0.0010766530176624656	0.0022119975183159113	0.9967113733291626	0.012218263000249863	0.0053883083164691925	0.9823935031890869
23	0.00023108658206183463	0.0013938378542661667	0.9983750581741333	0.0005607426282949746	0.003729700343683362	0.9957095384597778
24	0.0005245659267529845	0.001460474100895226	0.9980149269104004	0.001103220391087234	0.0033824362326413393	0.9955143332481384
25	0.010342467576265335	0.010791764594614506	0.9788658022880554	0.0007345349877141416	0.0010046735405921936	0.9982609152793884
26	0.004216361325234175	0.009985966607928276	0.9857977032661438	0.0009889535140246153	0.0021755597554147243	0.9968355298042297
27	0.003470725379884243	0.005041089374572039	0.9914880990982056	0.024756867438554764	0.016057047992944717	0.9591860771179199
28	0.001206001965329051	0.002140456810593605	0.9966534972190857	0.006127277389168739	0.01027828548103571	0.9835943579673767
29	0.0007727224146947265	0.001258763950318098	0.9979684948921204	0.0029417998157441616	0.019650360569357872	0.9774078726768494
30	0.0003528908418957144	0.00044163508573547006	0.9992054104804993	0.0005197764839977026	0.0006118832970969379	0.9988683462142944
31	0.00041545601561665535	0.00063870515441522	0.9989457726478577	0.0013742940500378609	0.003734735306352377	0.9948909282684326
32	0.004525158554315567	0.003010781016200781	0.9924640655517578	0.03773137927055359	0.03644242882728577	0.9258261322975159
33	0.4683341979980469	0.25392264127731323	0.2777431905269623	0.028042737394571304	0.01755431294441223	0.9544030427932739
34	0.01591501384973526	0.2692669630050659	0.714818000793457	0.0605299137532711	0.07882709801197052	0.8606429100036621
35	0.01158527284860611	0.052649859338998795	0.9357649683952332	0.003644220530986786	0.009494534693658352	0.9868612885475159
36	0.000525777053553611	0.0015861253486946225	0.9978880286216736	0.0035206738393753767	0.01193102728575468	0.9845483303070068
37	0.00044190938933752477	0.0009742797701619565	0.9985839128494263	0.0021944972686469555	0.0028495294973254204	0.9949559569358826
38	0.006687290500849485	0.02037392184138298	0.9729388952255249	0.016746886074543	0.01084049604833126	0.9724125266075134
39	0.002669469453394413	0.003444173140451312	0.9938862919807434	0.000955118506681174	0.0047951070591807365	0.9942498207092285
40	0.016262054443359375	0.01586480252444744	0.9678731560707092	0.0033827535808086395	0.011445306241512299	0.985171914100647
41	0.012071458622813225	0.01246220339089632	0.975466251373291	0.005810966715216637	0.01170638483017683	0.9824826717376709
42	0.0010884632356464863	0.0010398458689451218	0.9978717565536499	0.0005707914242520928	0.00041845825035125017	0.9990106821060181
43	0.136875182390213	0.17801713943481445	0.6851076483726501	0.5439539551734924	0.07653558999300003	0.37951043248176575
44	0.011356282979249954	0.0183231383562088	0.9703206419944763	0.000905909575521946	0.002496981294825673	0.9965971112251282
45	0.37158313393592834	0.509857714176178	0.11855915188789368	0.8428337574005127	0.029426204040646553	0.1277400106191635
46	0.00046140377526171505	0.001885450561530888	0.997653067111969	0.000917779398150742	0.004059431608766317	0.9950228929519653
47	0.0050857188180089	0.02097700722515583	0.9739372134208679	0.0014289254322648048	0.010941500775516033	0.9876295328140259
48	0.0026875673793256283	0.003406697418540716	0.9939057230949402	0.015536461025476456	0.0179506354033947	0.96651291847229
49	0.007566707208752632	0.017943309620022774	0.9744899272918701	0.05112175643444061	0.028735019266605377	0.920143187046051
50	0.06960117816925049	0.09117413312196732	0.8392246961593628	0.05810760706663132	0.01108307484537363	0.9308094382286072
51	0.32109323143959045	0.4394195079803467	0.23948733508586884	0.08923880755901337	0.19022691249847412	0.7205342650413513
52	0.004623198416084051	0.017108477652072906	0.9782683253288269	0.01731162704527378	0.02541424334049225	0.9572741985321045
53	0.003045608289539814	0.0015449854545295238	0.9954094290733337	0.015117845498025417	0.01672528311610222	0.9681568741798401
54	0.0003059647569898516	0.0006582979112863541	0.9990357160568237	0.0008462563273496926	0.0019890847615897655	0.9971646666526794
55	0.0015951063251122832	0.0028798230923712254	0.995525062084198	0.0014227458741515875	0.0014307628152891994	0.9971465468406677
56	0.000921844330150634	0.0031035244464874268	0.9959747195243835	0.0003859029966406524	0.0006412681541405618	0.9989727735519409
57	0.0009761065011844039	0.0007636177469976246	0.9982603192329407	0.008221962489187717	0.0016322183655574918	0.9901458621025085
58	0.0037416841369122267	0.014183863066136837	0.9820744395256042	0.015489825047552586	0.05683272331953049	0.9276774525642395
59	0.004499208182096481	0.09004383534193039	0.9054569602012634	0.038106195628643036	0.15783587098121643	0.8040579557418823
60	0.00141230970621109	0.0012265603290870786	0.9973611235618591	0.0031278652604669333	0.001946949865669012	0.9949251413345337
61	0.008058707229793072	0.013388439081609249	0.9785528182983398	0.03947298973798752	0.017768770456314087	0.9427582025527954
62	0.003993176389485598	0.007173217833042145	0.9888336658477783	0.0006671499577350914	0.0018250540597364306	0.9975078105926514
63	0.0055922227911651134	0.011164873838424683	0.983242928981781	0.0015995226567611098	0.0014055450446903706	0.9969949722290039
64	0.014268293045461178	0.12496156245470047	0.8607701659202576	0.009860998019576073	0.15352147817611694	0.8366175889968872
65	0.0020434691105037928	0.013243865221738815	0.9847127199172974	0.005046601872891188	0.044832635670900345	0.9501208066940308
66	0.00023130528279580176	0.0009936904534697533	0.9987749457359314	0.0007900808122940361	0.0020880685187876225	0.9971217513084412
67	0.006220885552465916	0.0334407202899456	0.960338294506073	0.002299620769917965	0.017194315791130066	0.9805060625076294
68	0.0014006467536091805	0.0038316831924021244	0.9947676658630371	0.008739947341382504	0.0033937874250113964	0.9878661632537842
69	0.0765678882598877	0.016663288697600365	0.906768798828125	0.029451532289385796	0.005860284902155399	0.9646881818771362
70	0.07999446988105774	0.020931918174028397	0.8990735411643982	0.0010035609593614936	0.0030168434605002403	0.9959796667098999
71	0.016151458024978638	0.021622419357299805	0.9622262120246887	0.0005789417773485184	0.0020964343566447496	0.9973245859146118
72	0.010220886208117008	0.051211316138505936	0.9385677576065063	0.0013032671995460987	0.00572911137714982	0.9929676055908203
73	0.001553490525111556	0.0015688358107581735	0.9968776702880859	0.014167300425469875	0.005803166422992945	0.9800295233726501
74	0.003237676341086626	0.047317273914813995	0.9494450092315674	0.00045395211782306433	0.0015948308864608407	0.9979512095451355
75	0.0008606667979620397	0.002469780622050166	0.996669590473175	0.0043926117941737175	0.011334993876516819	0.9842723608016968
76	0.00900004617869854	0.08247072994709015	0.9085291624069214	0.05258689820766449	0.078228659927845	0.8691843748092651
77	0.0015726129058748484	0.0030023662839084864	0.9954250454902649	0.005608227103948593	0.009837387129664421	0.9845543503761292
78	0.004568921402096748	0.003058313624933362	0.9923728108406067	0.03135952353477478	0.025675199925899506	0.9429653286933899
79	0.0023934838827699423	0.007390128448605537	0.9902164936065674	0.00027393968775868416	0.0011244135675951838	0.9986017346382141
80	0.02977919392287731	0.030273819342255592	0.9399470090866089	0.0010158929508179426	0.0020515723153948784	0.9969325065612793
81	0.000986854312941432	0.0012832118663936853	0.9977299571037292	0.007159570697695017	0.003463790053501725	0.9893766641616821
82	0.002798265777528286	0.014497724361717701	0.9827039837837219	0.07693945616483688	0.022192202508449554	0.90086829662323
83	0.0005815998301841319	0.0016216832445934415	0.9977966547012329	0.000871775671839714	0.004145458340644836	0.9949827194213867
84	0.0007270516362041235	0.0008720248588360846	0.998400866985321	0.000399379845475778	0.0004893878358416259	0.9991112351417542
85	0.6012343764305115	0.17339380085468292	0.22537177801132202	0.18337029218673706	0.15494197607040405	0.6616876721382141
86	0.0008571970392949879	0.0013641034020110965	0.9977787137031555	0.011644182726740837	0.017003564164042473	0.9713522791862488
87	0.006494931876659393	0.008851266466081142	0.9846537709236145	0.050689697265625	0.05715208500623703	0.8921582698822021
88	0.009002702310681343	0.02563725784420967	0.9653600454330444	0.034664470702409744	0.05914527550339699	0.9061902761459351
89	0.003872003871947527	0.0334007665514946	0.9627271890640259	0.00021134898997843266	0.0019957872573286295	0.9977928400039673
90	0.0004354489501565695	0.0018518673023208976	0.9977127313613892	0.0033386978320777416	0.005451329983770847	0.9912099838256836
91	0.0004881395143456757	0.0011839803773909807	0.9983277916908264	0.0013324443716555834	0.004378109704703093	0.9942893981933594
92	0.0008253956330008805	0.001050775870680809	0.998123824596405	0.0035349815152585506	0.0053762649185955524	0.9910887479782104
93	0.0008336987812072039	0.001199987018480897	0.9979662895202637	0.015258313156664371	0.026302145794034004	0.9584395289421082
94	0.031663622707128525	0.19207128882408142	0.776265025138855	0.018701259046792984	0.21542441844940186	0.7658742666244507
95	0.002409881679341197	0.0045332591980695724	0.9930567741394043	0.00768382428213954	0.03257513418793678	0.9597410559654236
96	0.00026892669848166406	0.0008533567888662219	0.9988777041435242	0.0006221611401997507	0.004191559739410877	0.9951863884925842
97	0.0020069789607077837	0.012984056957066059	0.985008955001831	0.00748730544000864	0.05905428156256676	0.9334583878517151
98	0.000788578181527555	0.0065212189219892025	0.9926901459693909	0.0015140259638428688	0.004390369169414043	0.9940955638885498
99	0.05561856925487518	0.17053285241127014	0.7738485336303711	0.03759758174419403	0.05132174491882324	0.9110805988311768
100	0.0013234795769676566	0.0021247221156954765	0.9965517520904541	0.005175708793103695	0.035703908652067184	0.9591202735900879
101	0.0009925068588927388	0.004145138897001743	0.9948622584342957	0.008502788841724396	0.024986015632748604	0.9665112495422363
102	0.008992960676550865	0.02056383527815342	0.9704431891441345	0.0073862080462276936	0.00650830240920186	0.9861055016517639
103	0.0013948057312518358	0.002048093592748046	0.9965571165084839	0.011232524178922176	0.006456299219280481	0.9823111295700073
104	0.0024454945232719183	0.06286343187093735	0.9346910119056702	0.03339938819408417	0.02508884109556675	0.9415117502212524
105	0.0003456785052549094	0.010838106274604797	0.9888161420822144	0.0009447188349440694	0.009312186390161514	0.9897430539131165
106	0.0013081850484013557	0.002441562945023179	0.996250331401825	0.02104516699910164	0.004465601872652769	0.9744892120361328
107	0.0006896231207065284	0.0010472057620063424	0.9982631802558899	0.007254023104906082	0.003760914085432887	0.9889850616455078
108	0.0008415486663579941	0.0025052023120224476	0.9966532588005066	0.008267823606729507	0.009172573685646057	0.9825595617294312
109	0.9968997240066528	0.0029491183813661337	0.00015114646521396935	0.9968997240066528	0.0029491183813661337	0.00015114646521396935
110	0.008991952985525131	0.003815991571173072	0.9871920347213745	0.0018888941267505288	0.003695364808663726	0.9944157600402832
111	0.0010748058557510376	0.0010972886811941862	0.9978278279304504	0.0008105550077743828	0.0009218774503096938	0.9982675313949585
112	0.0019216893706470728	0.004116412717849016	0.9939618706703186	0.013976234942674637	0.014416458085179329	0.9716073274612427
113	0.000521221780218184	0.0004189804312773049	0.9990598559379578	0.00025951111456379294	0.0003000779543071985	0.9994403719902039
114	0.004395655356347561	0.0030117768328636885	0.9925925135612488	0.0003961274342145771	0.0008733681752346456	0.998730480670929
115	0.05163748934864998	0.03493694216012955	0.9134255647659302	0.06026662141084671	0.04139873385429382	0.8983346819877625
116	0.0007407153607346117	0.001499054953455925	0.9977601766586304	0.0027720974758267403	0.0024151778779923916	0.9948127269744873
117	0.0029003117233514786	0.03921368345618248	0.9578859806060791	0.011145168915390968	0.0496889129281044	0.9391660094261169
118	0.0024548557121306658	0.014006353914737701	0.9835388660430908	0.030193179845809937	0.014194050803780556	0.9556127786636353
119	0.0028316660318523645	0.0035745142959058285	0.9935937523841858	0.027642542496323586	0.02605799213051796	0.9462994933128357
120	0.0005787674454040825	0.001964368624612689	0.997456967830658	0.007340655662119389	0.003791075199842453	0.988868236541748
121	0.012693324126303196	0.037309419363737106	0.9499973058700562	0.07667284458875656	0.031012341380119324	0.8923147320747375
122	0.16644029319286346	0.7772862315177917	0.05627359822392464	0.7302390336990356	0.10467542707920074	0.16508549451828003
123	0.001657747896388173	0.0018922148738056421	0.9964499473571777	0.0008578396518714726	0.0041022696532309055	0.9950398802757263
124	0.4233556091785431	0.10446714609861374	0.47217732667922974	0.5441155433654785	0.02301337756216526	0.4328710734844208
125	0.002861391520127654	0.0027358559891581535	0.9944028258323669	0.007661155425012112	0.00567399337887764	0.986664891242981
126	0.015535163693130016	0.2018032819032669	0.7826615571975708	0.0010308288037776947	0.00813398789614439	0.9908351898193359
127	0.0012500911252573133	0.011894886381924152	0.9868550300598145	0.0005747633404098451	0.0008724416838958859	0.9985528588294983
128	0.6195072531700134	0.23304030299186707	0.1474524289369583	0.5835569500923157	0.05354832857847214	0.3628947138786316
129	0.004474236164242029	0.01428062655031681	0.9812451601028442	0.02017894759774208	0.04055849090218544	0.9392626285552979
130	0.0018546883948147297	0.001495132688432932	0.9966501593589783	0.0019117052434012294	0.002630484290421009	0.9954577684402466
131	0.0032671059016138315	0.019467856734991074	0.9772650599479675	0.0005117809632793069	0.000687201099935919	0.9988009929656982
132	0.06018234044313431	0.23860155045986176	0.7012161016464233	0.24278348684310913	0.05768026411533356	0.6995362043380737
133	0.0005079319234937429	0.0007101459777913988	0.9987819790840149	0.0015586649533361197	0.0035762472543865442	0.9948650002479553
134	0.00019633227202575654	0.0018618172034621239	0.9979419112205505	0.0009718267247080803	0.007795204874128103	0.9912330508232117
135	0.0002879145322367549	0.001708570052869618	0.9980035424232483	0.0015381547855213284	0.002878436353057623	0.9955834746360779
136	0.13298892974853516	0.22250089049339294	0.6445102095603943	0.024756943807005882	0.0463014654815197	0.9289416670799255
137	0.17836317420005798	0.1933474838733673	0.6282893419265747	0.012845073826611042	0.02212602086365223	0.9650288820266724
138	0.16587260365486145	0.3652345836162567	0.46889278292655945	0.01054203137755394	0.038056980818510056	0.9514009952545166
139	0.0004959761281497777	0.0012169444235041738	0.9982870221138	0.0038971463218331337	0.007040904834866524	0.9890618920326233
140	0.00286723580211401	0.028071796521544456	0.9690608978271484	0.05712707340717316	0.048857107758522034	0.8940158486366272
141	0.0007767184870317578	0.007237811107188463	0.9919854402542114	0.0024258424527943134	0.022839898243546486	0.9747342467308044
142	0.0764201283454895	0.3739621937274933	0.5496177077293396	0.5342921614646912	0.09413450211286545	0.3715733289718628
143	0.0006756930379197001	0.0034143473021686077	0.9959100484848022	0.001957380911335349	0.007018329109996557	0.991024374961853
144	0.000537420972250402	0.0017775261076167226	0.9976849555969238	0.012055573984980583	0.010240156203508377	0.9777041673660278
145	0.0012649224372580647	0.0038007234688848257	0.9949343800544739	0.01181427575647831	0.04730106517672539	0.9408847093582153
146	0.0008536492241546512	0.0015398801770061255	0.9976065158843994	0.0047473302111029625	0.023417523130774498	0.9718351364135742
147	0.0009721730020828545	0.030671635642647743	0.968356192111969	0.0011399294016882777	0.015302833169698715	0.9835573434829712
148	0.004528314806520939	0.0020572845824062824	0.9934144020080566	0.09913558512926102	0.02276480756700039	0.8780996203422546
149	0.0011896212818101048	0.0022584456019103527	0.9965518712997437	0.01041543297469616	0.007374249864369631	0.9822103977203369
150	0.004929027985781431	0.012858990579843521	0.9822120070457458	0.01070498675107956	0.014027658849954605	0.9752673506736755
151	0.007015630602836609	0.06794925779104233	0.9250349998474121	0.008155417628586292	0.03748263046145439	0.9543619751930237
152	0.003941943868994713	0.023326968774199486	0.9727311730384827	0.10692916810512543	0.06646765023469925	0.8266031742095947
153	0.003874905640259385	0.008531438186764717	0.9875937104225159	0.0033337411005049944	0.015309263952076435	0.9813569784164429
154	0.014875652268528938	0.023348620161414146	0.9617757201194763	0.13737885653972626	0.05028199777007103	0.8123392462730408
155	0.00047997350338846445	0.0011358686024323106	0.9983841180801392	0.04442855715751648	0.019214104861021042	0.936357319355011
156	0.18043309450149536	0.3802608847618103	0.4393060505390167	0.4939289093017578	0.10554822534322739	0.400522917509079
157	0.0010800332529470325	0.0008237420115619898	0.9980962872505188	0.001162733300589025	0.002744245808571577	0.9960929751396179
158	0.0007006369414739311	0.0015242877416312695	0.997775137424469	0.002061784267425537	0.015170998871326447	0.9827672243118286
159	0.006834360770881176	0.010603481903672218	0.9825621843338013	0.04886757954955101	0.021952396258711815	0.9291799664497375
160	0.06096688657999039	0.30986154079437256	0.6291715502738953	0.11487336456775665	0.11497008800506592	0.7701565027236938
161	0.0010921976063400507	0.002877263817936182	0.9960305094718933	0.0003613091248553246	0.0025090351700782776	0.9971296191215515
162	0.00418491568416357	0.014527099207043648	0.981287956237793	0.004176591522991657	0.019381139427423477	0.976442277431488
163	0.0007186691509559751	0.0036633273120969534	0.9956181049346924	0.00020372576545923948	0.001502201077528298	0.9982940554618835
164	0.003657020628452301	0.004919205792248249	0.9914237856864929	0.06569303572177887	0.04220231994986534	0.8921047449111938
165	0.002400872763246298	0.0208275206387043	0.9767715930938721	0.13263170421123505	0.06201917305588722	0.8053491115570068
166	0.0007432897109538317	0.0012557951267808676	0.9980009198188782	0.007871582172811031	0.019348537549376488	0.9727799296379089
167	0.0004705233732238412	0.0007498215418308973	0.9987795948982239	0.0015254426980391145	0.009913695976138115	0.9885609745979309
168	0.0005948291509412229	0.0004744386242236942	0.9989307522773743	0.0005806623958051205	0.0013600783422589302	0.9980593323707581
169	0.001081563183106482	0.001506030559539795	0.9974125027656555	0.0025383883621543646	0.004967845045030117	0.992493748664856
170	0.000473811145639047	0.0007999041699804366	0.9987261891365051	0.0011230414966121316	0.0023617413826286793	0.996515154838562
171	0.000877058831974864	0.005750375799834728	0.9933726787567139	0.004349799826741219	0.03332071751356125	0.9623295068740845
172	0.002512408420443535	0.02047819457948208	0.9770093560218811	0.0009318441152572632	0.025123324245214462	0.9739447832107544
173	0.000808378797955811	0.0007765463669784367	0.9984151124954224	0.003749189665541053	0.003169953590258956	0.9930807948112488
174	0.008839603513479233	0.008900733664631844	0.9822596907615662	0.0006247938144952059	0.001065990887582302	0.9983092546463013
175	0.0007252254872582853	0.00251793279312551	0.9967568516731262	0.00025346403708681464	0.002656677970662713	0.9970898628234863
176	0.0008508688770234585	0.0010104428511112928	0.9981386661529541	0.0011973751243203878	0.0018878960981965065	0.9969147443771362
177	0.00224885530769825	0.0008168629137799144	0.9969342947006226	0.019461778923869133	0.014636856503784657	0.9659013748168945
178	0.0024464877787977457	0.002989195054396987	0.9945642948150635	0.03899087756872177	0.012132696807384491	0.9488763809204102
179	0.002397874603047967	0.004043880850076675	0.9935583472251892	0.0005172219243831933	0.0018184338696300983	0.9976643323898315
180	0.13102836906909943	0.37749841809272766	0.4914732575416565	0.22161395847797394	0.5254360437393188	0.252949982881546
