0	0.9496859312057495	0.04947353154420853	0.0008404960390180349	0.9892219305038452	0.01040648389607668	0.000371554255252704
1	0.7144127488136292	0.2823357880115509	0.0032514517661184072	0.9612597227096558	0.03791702911257744	0.0008232108666561544
2	0.9779080748558044	0.021312274038791656	0.0007796926656737924	0.9890607595443726	0.010091218166053295	0.0008480672840960324
3	0.5537136793136597	0.32878366112709045	0.11750264465808868	0.9219605326652527	0.05546995624899864	0.022569483146071434
4	0.42212048172950745	0.3912942409515381	0.18658526241779327	0.8626306653022766	0.06339176744222641	0.07397758960723877
5	0.9914134740829468	0.008215242996811867	0.0003712597244884819	0.9856671690940857	0.013710889033973217	0.0006220168434083462
6	0.9554809927940369	0.04389273747801781	0.0006262704846449196	0.9926506876945496	0.0071082706563174725	0.00024106151249725372
7	0.9707147479057312	0.028809435665607452	0.0004758003633469343	0.9940683841705322	0.005700025241822004	0.00023165144375525415
8	0.04693179950118065	0.0659448429942131	0.8871234059333801	0.33171021938323975	0.1965753138065338	0.47171446681022644
9	0.6056902408599854	0.30174243450164795	0.09256736189126968	0.4641260504722595	0.4820888340473175	0.05378510057926178
10	0.8132649064064026	0.18506884574890137	0.001666261232458055	0.9950951337814331	0.004702103789895773	0.00020281515025999397
11	0.932193398475647	0.06687170267105103	0.00093487260164693	0.9919524788856506	0.007822418585419655	0.00022507947869598866
12	0.3276086151599884	0.24900370836257935	0.42338767647743225	0.3602161109447479	0.15073178708553314	0.48905205726623535
13	0.9707707762718201	0.028823740780353546	0.00040541889029555023	0.9955992698669434	0.004225054755806923	0.0001756268902681768
14	0.9422646164894104	0.05617784336209297	0.0015574931167066097	0.9689791798591614	0.030220260843634605	0.0008005674462765455
15	0.9167644381523132	0.08159279823303223	0.0016427731607109308	0.9842191338539124	0.015421881340444088	0.0003589396656025201
16	0.36413097381591797	0.4192998707294464	0.21656912565231323	0.34455031156539917	0.4553884267807007	0.2000613510608673
17	0.9265723824501038	0.07277198135852814	0.000655669195111841	0.989409327507019	0.01015404425561428	0.00043665897101163864
18	0.4830280840396881	0.5004639029502869	0.016508052125573158	0.2662048935890198	0.727330207824707	0.006464829668402672
19	0.9234352707862854	0.07309362292289734	0.003471037372946739	0.9458023905754089	0.050227973610162735	0.003969644196331501
20	0.2669926583766937	0.7007133364677429	0.03229401260614395	0.9699730277061462	0.0285794660449028	0.0014474913477897644
21	0.14272701740264893	0.30832573771476746	0.5489472150802612	0.3339110016822815	0.2781341075897217	0.38795486092567444
22	0.011273765005171299	0.023990672081708908	0.9647355079650879	0.08031071722507477	0.10907579958438873	0.8106134533882141
23	0.9639577269554138	0.03537198156118393	0.0006703205872327089	0.9854941368103027	0.014230579137802124	0.00027525125187821686
24	0.9582449793815613	0.041249874979257584	0.0005051495973020792	0.9967238306999207	0.0030724641401320696	0.00020368718833196908
25	0.6008185148239136	0.3680393099784851	0.031142130494117737	0.9490984082221985	0.04493646323680878	0.005965130869299173
26	0.8111932873725891	0.18278242647647858	0.006024316418915987	0.9868825078010559	0.011088794097304344	0.0020287020597606897
27	0.7461357116699219	0.2419954240322113	0.011868911795318127	0.8498773574829102	0.14615266025066376	0.003970030695199966
28	0.7831006646156311	0.2146541029214859	0.0022452357225120068	0.984915018081665	0.01465426106005907	0.0004307028139010072
29	0.9397368431091309	0.059320200234651566	0.000942893500905484	0.9947346448898315	0.004993703681975603	0.00027169397799298167
30	0.8757181763648987	0.12343595921993256	0.0008457970689050853	0.9679608345031738	0.03168058767914772	0.00035861870856024325
31	0.822709858417511	0.1754561811685562	0.0018339561065658927	0.9887900352478027	0.010897486470639706	0.00031243698322214186
32	0.9896892309188843	0.009868410415947437	0.0004424055805429816	0.9944915771484375	0.005227553658187389	0.0002808244025800377
33	0.8610780835151672	0.13754376769065857	0.0013781558955088258	0.9799485206604004	0.019597865641117096	0.00045359524665400386
34	0.9951947331428528	0.004581168759614229	0.00022402794274967164	0.9965345859527588	0.003213027957826853	0.0002523836446925998
35	0.9898978471755981	0.00979551300406456	0.00030664767837151885	0.9860062599182129	0.01329942885786295	0.0006942731561139226
36	0.9610303640365601	0.03840562328696251	0.0005640638992190361	0.9937126040458679	0.005935969762504101	0.000351374241290614
37	0.8799261450767517	0.11641228944063187	0.0036615352146327496	0.781463086605072	0.21485726535320282	0.003679577959701419
38	0.050481703132390976	0.19329331815242767	0.756225049495697	0.8123756647109985	0.1263885498046875	0.06123579293489456
39	0.9941697120666504	0.005605015903711319	0.0002253333805128932	0.9945259094238281	0.005255813244730234	0.00021830036712344736
40	0.9818742275238037	0.017585450783371925	0.0005403584218584001	0.9930630326271057	0.006001374218612909	0.0009356525843031704
41	0.9698843359947205	0.029566919431090355	0.000548754702322185	0.9948742985725403	0.004931110888719559	0.00019460642943158746
42	0.5507712960243225	0.4449310302734375	0.004297714680433273	0.992702841758728	0.006964930798858404	0.00033226286177523434
43	0.9904813170433044	0.009237157180905342	0.0002816005435306579	0.9930898547172546	0.006609936710447073	0.00030020734993740916
44	0.8456524014472961	0.1533016860485077	0.0010459041222929955	0.9894826412200928	0.010204298421740532	0.00031310669146478176
45	0.7882770895957947	0.21060806512832642	0.0011148949852213264	0.9849855899810791	0.014763085171580315	0.0002513150393497199
46	0.9301297664642334	0.06898841261863708	0.000881852291058749	0.9928025603294373	0.006965381093323231	0.0002320109197171405
47	0.02057020738720894	0.054480887949466705	0.9249488115310669	0.5609405636787415	0.15620847046375275	0.2828510105609894
48	0.872439980506897	0.12664882838726044	0.0009111615945585072	0.9095049500465393	0.08988578617572784	0.0006091995746828616
49	0.9824815392494202	0.017157068476080894	0.0003614176530390978	0.995469331741333	0.004348646849393845	0.0001819855533540249
50	0.9239374995231628	0.07449057698249817	0.0015719110378995538	0.9939839243888855	0.005600025877356529	0.0004160267999395728
51	0.9880098700523376	0.011778704822063446	0.00021140227909199893	0.9940419793128967	0.005739171057939529	0.00021880154963582754
52	0.9731411337852478	0.026300055906176567	0.0005587657797150314	0.9904943108558655	0.009296499192714691	0.000209192861802876
53	0.8857038021087646	0.11315566301345825	0.0011405424447730184	0.986804723739624	0.012849424034357071	0.00034584858804009855
54	0.9703015089035034	0.029074717313051224	0.0006237510242499411	0.9429819583892822	0.05599994584918022	0.0010181630495935678
55	0.9204416871070862	0.07855526357889175	0.0010031030979007483	0.8528507351875305	0.1455262452363968	0.0016230825567618012
56	0.9745217561721802	0.024419154971837997	0.0010591611498966813	0.9823431372642517	0.016946647316217422	0.0007101967930793762
57	0.885362446308136	0.11151538044214249	0.003122203517705202	0.9911583065986633	0.008629302494227886	0.00021236373868305236
58	0.39516979455947876	0.6006191372871399	0.004211046267300844	0.9698038101196289	0.02925409935414791	0.0009421297581866384
59	0.4691964089870453	0.5215767621994019	0.009226860478520393	0.9859340786933899	0.013026933185756207	0.0010389953386038542
60	0.914573609828949	0.08435532450675964	0.0010710578644648194	0.9880699515342712	0.011688878759741783	0.00024117578868754208
61	0.7442159652709961	0.24886976182460785	0.006914316210895777	0.9766413569450378	0.021792815998196602	0.0015658570919185877
62	0.5326376557350159	0.42182856798171997	0.045533761382102966	0.9718739986419678	0.02594340778887272	0.002182637806981802
63	0.960053563117981	0.039074379950761795	0.0008720890036784112	0.9943389296531677	0.005434756632894278	0.00022634748893324286
64	0.8419063687324524	0.15688912570476532	0.001204456202685833	0.9901974201202393	0.009279661811888218	0.0005228860536590219
65	0.9515252709388733	0.04806802421808243	0.0004066701221745461	0.9909300208091736	0.008859428577125072	0.00021061817824374884
66	0.7626907229423523	0.1816626787185669	0.0556466244161129	0.831965982913971	0.13527004420757294	0.032763972878456116
67	0.9695547223091125	0.030102506279945374	0.00034274248173460364	0.9815763235092163	0.018119599670171738	0.0003040460869669914
68	0.7001097798347473	0.19455640017986298	0.1053338497877121	0.022118501365184784	0.08465152978897095	0.8932299017906189
69	0.9636188745498657	0.03538677468895912	0.0009943775366991758	0.9858652353286743	0.013733157888054848	0.0004015890008304268
70	0.918526828289032	0.07929684221744537	0.002176349749788642	0.9390231966972351	0.05953345447778702	0.001443342538550496
71	0.9417880773544312	0.05770336836576462	0.0005085788434371352	0.9952196478843689	0.004585217218846083	0.00019510443962644786
72	0.9920855164527893	0.007513645105063915	0.00040084696956910193	0.9207452535629272	0.07681560516357422	0.002439194591715932
73	0.9383640885353088	0.06008971482515335	0.001546214916743338	0.9867223501205444	0.012812267988920212	0.0004654160875361413
74	0.4288499653339386	0.5694290399551392	0.001720994128845632	0.9891858100891113	0.010392934083938599	0.00042123725870624185
75	0.1147548034787178	0.6523382067680359	0.2329069972038269	0.908173143863678	0.07242363691329956	0.019403286278247833
76	0.9641223549842834	0.035325851291418076	0.0005517844692803919	0.9920320510864258	0.007636168505996466	0.00033178701414726675
77	0.9699283838272095	0.02882988378405571	0.0012416881509125233	0.9432475566864014	0.05457623675465584	0.002176201669499278
78	0.9849486947059631	0.014473493210971355	0.0005778582417406142	0.9649887681007385	0.034202590584754944	0.0008085732697509229
79	0.994793713092804	0.004941693972796202	0.0002645549539010972	0.9951937794685364	0.004599761217832565	0.00020640762522816658
80	0.014128978364169598	0.0737021416425705	0.9121689200401306	0.011248072609305382	0.0398327074944973	0.9489191770553589
81	0.8989042043685913	0.1000133752822876	0.0010824932251125574	0.9690845608711243	0.030213188380002975	0.0007022515637800097
82	0.9896341562271118	0.009981866925954819	0.000384041661163792	0.9313087463378906	0.06723153591156006	0.001459768507629633
83	0.9619854092597961	0.03588152676820755	0.002133067464455962	0.9891123175621033	0.010142490267753601	0.0007452282006852329
84	0.9733281135559082	0.026269836351275444	0.0004020760243292898	0.9889640808105469	0.010741104371845722	0.00029477517819032073
85	0.8939502835273743	0.10492903739213943	0.0011206521885469556	0.9840041995048523	0.015315255150198936	0.0006806087912991643
86	0.6323205828666687	0.20076525211334229	0.166914165019989	0.8299306035041809	0.13182055950164795	0.03824888914823532
87	0.9478302597999573	0.05104093626141548	0.0011287219822406769	0.9680658578872681	0.030747966840863228	0.0011861651437357068
88	0.9134755730628967	0.08581186085939407	0.000712508917786181	0.9644873142242432	0.03498300537467003	0.0005297460593283176
89	0.6867437362670898	0.2926884889602661	0.020567789673805237	0.8942386507987976	0.10030295699834824	0.0054583121091127396
90	0.8357110023498535	0.16324639320373535	0.001042642630636692	0.9930742979049683	0.006746087688952684	0.00017958274111151695
91	0.8870264887809753	0.1070781722664833	0.00589529937133193	0.992421567440033	0.007358151022344828	0.00022025393263902515
92	0.979663074016571	0.02008533664047718	0.0002515369560569525	0.9945295453071594	0.005293297581374645	0.0001771946408553049
93	0.9694492220878601	0.029886478558182716	0.0006642949883826077	0.9935970306396484	0.006193152163177729	0.00020978953398298472
94	0.9647836089134216	0.034753814339637756	0.00046263987314887345	0.9896706938743591	0.010103043168783188	0.00022625048586633056
95	0.9857372045516968	0.013347978703677654	0.0009148000390268862	0.993560791015625	0.006068437360227108	0.00037078742752783
96	0.9847823977470398	0.014540813863277435	0.0006767693557776511	0.9912387728691101	0.008221663534641266	0.000539533153641969
97	0.995231568813324	0.004467732273042202	0.000300721381790936	0.9954888224601746	0.004256304353475571	0.0002548990596551448
98	0.7394880056381226	0.16560305655002594	0.09490890055894852	0.8300274610519409	0.10940799117088318	0.06056448444724083
99	0.724606454372406	0.2423851639032364	0.03300843760371208	0.8894517421722412	0.10167219489812851	0.008876052685081959
100	0.8888494372367859	0.10859422385692596	0.0025563291274011135	0.9881882071495056	0.011383818462491035	0.0004279882996343076
101	0.6048672199249268	0.34163591265678406	0.053496941924095154	0.9395428895950317	0.0537983775138855	0.006658754777163267
102	0.1476547122001648	0.14199261367321014	0.7103527188301086	0.3935214579105377	0.17293792963027954	0.43354058265686035
103	0.8886895179748535	0.11046729236841202	0.0008431606111116707	0.9939298629760742	0.005856869742274284	0.00021324657427612692
104	0.9423044323921204	0.05710795521736145	0.0005875708302482963	0.9933858513832092	0.006398256868124008	0.000215902051422745
105	0.067592091858387	0.19420084357261658	0.7382071018218994	0.060514554381370544	0.206973597407341	0.7325118780136108
106	0.9606170058250427	0.03895929083228111	0.0004236949316691607	0.9888558983802795	0.010899136774241924	0.00024493702221661806
107	0.9702296257019043	0.028995636850595474	0.000774819462094456	0.9871052503585815	0.012516055256128311	0.0003786463930737227
108	0.8885858058929443	0.11064467579126358	0.0007695508538745344	0.9943395256996155	0.005467915441840887	0.0001926028198795393
109	0.8385409712791443	0.16059036552906036	0.0008687038207426667	0.98897784948349	0.010836648754775524	0.00018547613581176847
110	0.9014165997505188	0.0963558629155159	0.002227503340691328	0.9781640768051147	0.020756592974066734	0.001079287612810731
111	0.9373173713684082	0.052193254232406616	0.010489415377378464	0.9802528619766235	0.016519948840141296	0.003227180102840066
112	0.528464138507843	0.46021753549575806	0.011318327859044075	0.6311970949172974	0.350074827671051	0.01872805319726467
113	0.9273826479911804	0.05412495508790016	0.01849239505827427	0.16251538693904877	0.24868054687976837	0.5888040065765381
114	0.7845325469970703	0.21190254390239716	0.003564871847629547	0.9902942180633545	0.009364674799144268	0.0003411056532058865
115	0.834686279296875	0.1620386391878128	0.00327506847679615	0.994933545589447	0.004641224630177021	0.00042526161996647716
116	0.8690817356109619	0.12853281199932098	0.002385493367910385	0.9885950684547424	0.01073901541531086	0.0006658877828158438
117	0.33510568737983704	0.650794267654419	0.014100096188485622	0.8776148557662964	0.09877464175224304	0.02361045777797699
118	0.23077034950256348	0.31349629163742065	0.45573338866233826	0.39423868060112	0.16346178948879242	0.442299485206604
119	0.9939642548561096	0.00579447764903307	0.00024123874027282	0.9944186210632324	0.005340471398085356	0.00024088384816423059
120	0.935409665107727	0.06370161473751068	0.0008887597941793501	0.9955202341079712	0.0042512849904596806	0.00022842470207251608
121	0.49274343252182007	0.3396568298339844	0.16759973764419556	0.6865265965461731	0.224361389875412	0.0891120433807373
122	0.5592275857925415	0.4235275685787201	0.017244841903448105	0.9386711120605469	0.057658690959215164	0.003670168574899435
123	0.835628867149353	0.16309675574302673	0.001274429028853774	0.9941609501838684	0.005641486495733261	0.0001975142367882654
124	0.9893769025802612	0.010279368609189987	0.00034374024835415184	0.9786660671234131	0.02087545394897461	0.0004584398411680013
125	0.9677425026893616	0.03104925900697708	0.0012082097819074988	0.9659194946289062	0.032933514565229416	0.001146970666013658
126	0.7902227640151978	0.208408385515213	0.001368839992210269	0.9925661087036133	0.0071966517716646194	0.00023722862533759326
127	0.7085628509521484	0.28992021083831787	0.0015169698745012283	0.9893155097961426	0.01045131217688322	0.00023320561740547419
128	0.12698803842067719	0.02620539255440235	0.846806526184082	0.02794942818582058	0.011255628429353237	0.9607949256896973
129	0.21554946899414062	0.2247471958398819	0.5597033500671387	0.025289595127105713	0.09102638810873032	0.8836840987205505
130	0.9669662117958069	0.03262147307395935	0.00041230744682252407	0.9953043460845947	0.004532676190137863	0.00016302926815114915
131	0.9782333374023438	0.021096626296639442	0.0006700974190607667	0.9931934475898743	0.006417145021259785	0.00038944469997659326
132	0.9000811576843262	0.09885367751121521	0.001065196585841477	0.9922009706497192	0.007488907780498266	0.0003101078618783504
133	0.4254828989505768	0.3335326910018921	0.24098442494869232	0.9139894247055054	0.05540074408054352	0.030609752982854843
134	0.47240301966667175	0.10788361728191376	0.4197133481502533	0.2747185230255127	0.03990614786744118	0.6853753328323364
135	0.9543251991271973	0.04504327476024628	0.0006315182545222342	0.8862574696540833	0.10925603657960892	0.004486449528485537
136	0.9550138711929321	0.0446355938911438	0.0003505123604554683	0.9945418238639832	0.005303612910211086	0.00015460187569260597
137	0.8985147476196289	0.09818536043167114	0.0032999736722558737	0.989434540271759	0.008879481814801693	0.0016859289025887847
138	0.8861052989959717	0.06698688864707947	0.04690781235694885	0.9921126365661621	0.006933255586773157	0.0009540520259179175
139	0.4135063886642456	0.13949865102767944	0.44699496030807495	0.5426663160324097	0.092304527759552	0.3650291860103607
140	0.5910419225692749	0.40091222524642944	0.008045815862715244	0.9889044165611267	0.01051839254796505	0.0005772231379523873
141	0.9944950938224792	0.005036139395087957	0.00046873936662450433	0.9968609809875488	0.0026261743623763323	0.00051286187954247
142	0.9614783525466919	0.037826210260391235	0.0006954981945455074	0.9929378628730774	0.006869239266961813	0.00019297197286505252
143	0.9604068398475647	0.03921998664736748	0.0003731832839548588	0.9868335127830505	0.01291979756206274	0.0002466239966452122
144	0.7601796388626099	0.23725369572639465	0.002566667040809989	0.9846746921539307	0.014921332709491253	0.0004039722552988678
145	0.8397588133811951	0.08988230675458908	0.07035889476537704	0.8208808898925781	0.1588546186685562	0.020264536142349243
146	0.9469241499900818	0.05256297439336777	0.0005129143828526139	0.9944214224815369	0.005317918490618467	0.0002606719499453902
147	0.895757257938385	0.10087023675441742	0.0033724794629961252	0.9934403300285339	0.006172109395265579	0.00038760731695219874
148	0.9409042000770569	0.057599011808633804	0.0014967320021241903	0.9574844241142273	0.0416230671107769	0.000892575248144567
149	0.5078991651535034	0.4906376302242279	0.0014632021775469184	0.9900289177894592	0.0097343185916543	0.00023675517877563834
150	0.9813288450241089	0.018297910690307617	0.0003732373588718474	0.9931294322013855	0.006656976416707039	0.00021353985357563943
151	0.976511538028717	0.023175973445177078	0.00031254743225872517	0.9962339997291565	0.00362005946226418	0.00014591900981031358
152	0.716246485710144	0.28220993280410767	0.0015436001121997833	0.9905923008918762	0.009128391742706299	0.0002793300955090672
153	0.8925872445106506	0.10678902268409729	0.0006237752386368811	0.9918820261955261	0.007899397984147072	0.00021861071581952274
154	0.9753704071044922	0.023867707699537277	0.0007618794916197658	0.9817704558372498	0.017706450074911118	0.0005230820388533175
155	0.9897966980934143	0.009837746620178223	0.0003655333712231368	0.9948402047157288	0.0049068257212638855	0.00025295198429375887
156	0.5792573094367981	0.41833779215812683	0.0024049088824540377	0.9777069091796875	0.021301448345184326	0.0009916601702570915
157	0.48129647970199585	0.517140805721283	0.0015627292450517416	0.9825276732444763	0.016648095101118088	0.0008241852628998458
158	0.7060184478759766	0.29268670082092285	0.0012948856456205249	0.9840271472930908	0.015645913779735565	0.0003269543230999261
159	0.45317643880844116	0.5448065996170044	0.002017059363424778	0.9767951369285583	0.02277274988591671	0.0004321798915043473
160	0.94296795129776	0.05620948597788811	0.0008225107449106872	0.9937213659286499	0.006037965416908264	0.00024072526139207184
161	0.5937764048576355	0.3988018035888672	0.007421836722642183	0.923223078250885	0.07305663824081421	0.00372026558034122
162	0.981496274471283	0.018185608088970184	0.00031810911605134606	0.9925204515457153	0.007248503156006336	0.00023102419800125062
163	0.04370599985122681	0.0069383978843688965	0.9493556618690491	0.1591292768716812	0.01279850397258997	0.8280722498893738
164	0.9416761994361877	0.057256732136011124	0.0010670451447367668	0.9938403367996216	0.005585203878581524	0.0005744201480410993
165	0.8281144499778748	0.1699642837047577	0.0019212377956137061	0.9712926745414734	0.027831144630908966	0.0008762228535488248
166	0.8627011775970459	0.13617533445358276	0.0011234523262828588	0.992817759513855	0.006973284296691418	0.00020898107322864234
167	0.945502758026123	0.053815390914678574	0.0006818808033131063	0.996004045009613	0.0037219084333628416	0.00027405095170252025
168	0.9916121959686279	0.007549454923719168	0.0008383764652535319	0.9933244585990906	0.0054302215576171875	0.0012453002855181694
169	0.029943006113171577	0.03489735350012779	0.9351596236228943	0.05048026517033577	0.03029393032193184	0.9192258715629578
170	0.8441030383110046	0.14817319810390472	0.007723739370703697	0.8277101516723633	0.15085390210151672	0.021435920149087906
171	0.7890642285346985	0.2078610509634018	0.0030746841803193092	0.9680119752883911	0.031472112983465195	0.0005158366984687746
172	0.8455453515052795	0.1534949690103531	0.000959677854552865	0.9847254157066345	0.014992253854870796	0.0002823173417709768
173	0.9099147915840149	0.08717380464076996	0.0029113811906427145	0.9930429458618164	0.006500260904431343	0.00045685848454013467
174	0.973257303237915	0.026341168209910393	0.0004015105660073459	0.9921185970306396	0.007638761308044195	0.00024260854115709662
175	0.15266701579093933	0.25646910071372986	0.5908638834953308	0.33538398146629333	0.16931168735027313	0.49530428647994995
176	0.6068878769874573	0.35180237889289856	0.041309796273708344	0.8909563422203064	0.08881209790706635	0.020231546834111214
177	0.7449406385421753	0.253288596868515	0.0017708172090351582	0.9856489896774292	0.014009663835167885	0.00034131709253415465
178	0.7389068603515625	0.2283862680196762	0.03270682692527771	0.9785193800926208	0.020778022706508636	0.0007026323000900447
179	0.8304866552352905	0.16754506528377533	0.0019682508427649736	0.9848270416259766	0.014723031781613827	0.0004499742353800684
180	0.35791343450546265	0.15958082675933838	0.4825057089328766	0.5007217526435852	0.12177674472332001	0.3775014281272888
181	0.8744116425514221	0.12456481903791428	0.0010235164081677794	0.9149829149246216	0.08401026576757431	0.0010068046394735575
182	0.9899322986602783	0.009725810959935188	0.0003418674459680915	0.995094895362854	0.004607304930686951	0.0002977907133754343
183	0.8482906818389893	0.1508169323205948	0.0008924442226998508	0.9861271381378174	0.013620732352137566	0.00025213451590389013
184	0.8306888937950134	0.16543170809745789	0.003879391122609377	0.9924241304397583	0.007299954537302256	0.0002758855698630214
185	0.9059502482414246	0.09241478145122528	0.0016349621582776308	0.9926897883415222	0.007001637481153011	0.000308613118249923
186	0.9114590883255005	0.08760028332471848	0.0009406909812241793	0.9927563071250916	0.006999332457780838	0.00024441941059194505
187	0.9842252731323242	0.015186329372227192	0.000588377530220896	0.9940733313560486	0.00527041545137763	0.0006562166381627321
188	0.9875891804695129	0.012104835361242294	0.0003060638264287263	0.9886183738708496	0.011013525538146496	0.0003680569934658706
189	0.8514503240585327	0.1466359943151474	0.0019136094488203526	0.7038242816925049	0.2897263467311859	0.006449366454035044
190	0.982704222202301	0.01706313155591488	0.00023265274649020284	0.606137216091156	0.39038440585136414	0.003478383645415306
191	0.7439207434654236	0.25304996967315674	0.0030292998999357224	0.9489439725875854	0.04920024424791336	0.0018558036535978317
192	0.9851053953170776	0.013721879571676254	0.0011726926313713193	0.9781361222267151	0.019863910973072052	0.001999932574108243
193	0.7387692332267761	0.2601468861103058	0.0010838676244020462	0.9881830811500549	0.011574529111385345	0.0002423590631224215
194	0.8654353022575378	0.13365201652050018	0.0009127059020102024	0.9874195456504822	0.012217540293931961	0.0003628509002737701
195	0.13526199758052826	0.2714690566062927	0.593268871307373	0.503340482711792	0.32826781272888184	0.1683916598558426
196	0.055856361985206604	0.12838450074195862	0.8157591819763184	0.11244253069162369	0.06071212515234947	0.8268453478813171
197	0.004992612171918154	0.02132290229201317	0.9736844301223755	0.010430318303406239	0.0156979002058506	0.9738718867301941
198	0.2510981261730194	0.27059105038642883	0.47831085324287415	0.5927573442459106	0.041642773896455765	0.3655999004840851
199	0.24591496586799622	0.6202149987220764	0.13387008011341095	0.4659236669540405	0.376954585313797	0.15712177753448486
