0	0.994823694229126	0.004930337890982628	0.00024595833383500576	0.6897022724151611	0.3089854419231415	0.0013122949749231339
1	0.9957734942436218	0.004080655984580517	0.0001458539190934971	0.9949693083763123	0.004803006071597338	0.00022770358191337436
2	0.9969821572303772	0.0027981633320450783	0.00021970817761030048	0.996822714805603	0.0029521698597818613	0.00022506952518597245
3	0.9942388534545898	0.005564248189330101	0.00019694828370120376	0.9923989176750183	0.007376085035502911	0.0002249730023322627
4	0.9972736239433289	0.002560047898441553	0.0001662827271502465	0.9140134453773499	0.08562193810939789	0.0003646202676463872
5	0.997116208076477	0.0027186425868421793	0.00016520291683264077	0.9973593354225159	0.002480125753208995	0.00016053368744906038
6	0.9954935312271118	0.004320617765188217	0.000185808923561126	0.9945188164710999	0.005318962037563324	0.00016226968728005886
7	0.9961863160133362	0.0036255642771720886	0.0001881378993857652	0.9964189529418945	0.0033775477204471827	0.00020347716053947806
8	0.9963375329971313	0.0034553357400000095	0.0002071616327157244	0.9971144199371338	0.0027016119565814734	0.00018397477106191218
9	0.9949436783790588	0.004897076170891523	0.0001592273183632642	0.9936226010322571	0.006207973696291447	0.0001694758830126375
10	0.9956831932067871	0.004169879015535116	0.00014697262668050826	0.9948541522026062	0.004987266846001148	0.00015864371380303055
11	0.9951770305633545	0.004646227229386568	0.00017674191622063518	0.9825674891471863	0.016862668097019196	0.0005698257009498775
12	0.9945259690284729	0.005089319311082363	0.0003847311600111425	0.9886096715927124	0.010940886102616787	0.000449478771770373
13	0.9975468516349792	0.002296089893206954	0.00015706369595136493	0.9812750220298767	0.01847529597580433	0.000249647069722414
14	0.9469205141067505	0.047243572771549225	0.005835863761603832	0.961819052696228	0.03427266702055931	0.003908224869519472
15	0.9879859089851379	0.011749238707125187	0.0002648792287800461	0.9779232740402222	0.021634913980960846	0.00044180991244502366
16	0.9895411133766174	0.01024807058274746	0.00021089018264319748	0.992521345615387	0.007180518936365843	0.00029814892332069576
17	0.9967361092567444	0.003078529378399253	0.00018531165551394224	0.9966024160385132	0.0032186538446694613	0.00017890543676912785
18	0.9945008754730225	0.0053038448095321655	0.0001952375896507874	0.9912900924682617	0.008484141901135445	0.00022582417295780033
19	0.8845123648643494	0.06569995731115341	0.04978771135210991	0.9826992750167847	0.00985886063426733	0.007441815920174122
20	0.9974468946456909	0.0023461314849555492	0.00020694539125543088	0.9973281621932983	0.0024795017670840025	0.00019233720377087593
21	0.9970575571060181	0.002735575893893838	0.00020689972734544426	0.9967196583747864	0.0031017919536679983	0.00017855742771644145
22	0.00037093902938067913	0.0006052613025531173	0.9990237951278687	0.0004692679503932595	0.0007835119031369686	0.9987472295761108
23	0.9914892911911011	0.00830761343240738	0.00020312107517383993	0.9951480031013489	0.00461173802614212	0.0002402237878413871
24	0.9970121383666992	0.0028000827878713608	0.00018779370293486863	0.9967918992042542	0.00301710469648242	0.0001909702259581536
25	0.997007429599762	0.0027918741106987	0.00020073907217010856	0.9968642592430115	0.002923734951764345	0.00021193950669839978
26	0.9971644282341003	0.002632920630276203	0.00020259733719285578	0.9973301887512207	0.0024564319755882025	0.00021334261691663414
27	0.9967932105064392	0.003053212072700262	0.0001535915507702157	0.9967616200447083	0.0030780399683862925	0.00016039541515056044
28	0.9923495054244995	0.0071245948784053326	0.0005258712917566299	0.9898899793624878	0.00952239241451025	0.0005876257782801986
29	0.9960571527481079	0.0037646121345460415	0.00017826593830250204	0.9958051443099976	0.004024193622171879	0.0001706729963188991
30	0.994175136089325	0.00569005636498332	0.00013488941476680338	0.9930741786956787	0.006796653848141432	0.00012914779654238373
31	0.9928134083747864	0.006979943718761206	0.00020665618649218231	0.7517776489257812	0.24702435731887817	0.0011979524279013276
32	0.9941542744636536	0.005639337468892336	0.00020637853594962507	0.9938516616821289	0.005918818060308695	0.00022950097627472132
33	0.9938596487045288	0.005951749160885811	0.0001886163227027282	0.9933683276176453	0.006451696157455444	0.0001800023892428726
34	0.9971339702606201	0.002669248729944229	0.00019679901015479118	0.9971120357513428	0.0026721369940787554	0.00021586104412563145
35	0.9954460859298706	0.0044142077676951885	0.00013968246639706194	0.9957767128944397	0.004083452746272087	0.00013983630924485624
36	0.9965116381645203	0.003295457921922207	0.00019287395116407424	0.9962183833122253	0.0035577467642724514	0.0002239230670966208
37	0.9934739470481873	0.006381507962942123	0.0001444845402147621	0.9934841990470886	0.006317231338471174	0.00019862850604113191
38	0.9973270893096924	0.0025072067510336637	0.00016569593572057784	0.9972383975982666	0.002616389887407422	0.00014516375085804611
39	0.984863817691803	0.010279593989253044	0.004856574349105358	0.9947206974029541	0.004550175275653601	0.0007291213260032237
40	0.9954029321670532	0.004299716092646122	0.0002973407681565732	0.995083749294281	0.004626117181032896	0.0002901059342548251
41	0.5513451099395752	0.431895911693573	0.016758978366851807	0.034214578568935394	0.703737199306488	0.2620481848716736
42	0.9948890805244446	0.00485404534265399	0.0002568813506513834	0.9924017190933228	0.00730329193174839	0.00029497838113456964
43	0.9956738352775574	0.004010929726064205	0.00031518752803094685	0.7652328610420227	0.23035520315170288	0.004411919042468071
44	0.9925501346588135	0.006980375852435827	0.0004695376555901021	0.9940975904464722	0.005593540146946907	0.00030889283516444266
45	0.9918338060379028	0.008012475445866585	0.00015366099250968546	0.992448091506958	0.007393278647214174	0.00015866065223235637
46	0.996513307094574	0.0032977978698909283	0.00018895840912591666	0.9959585070610046	0.003851955058053136	0.00018955890845973045
47	0.9952852129936218	0.004393559414893389	0.0003212981973774731	0.9926195740699768	0.0070538995787501335	0.0003265907580498606
48	0.9950218200683594	0.004810337908565998	0.00016779698489699513	0.9949337840080261	0.004900416824966669	0.00016578282520640641
49	0.9962335228919983	0.003620687872171402	0.00014582934090867639	0.9952358603477478	0.004634813405573368	0.00012936079292558134
50	0.995886504650116	0.0037569201085716486	0.0003565266961231828	0.996599018573761	0.003149601863697171	0.000251387624302879
51	0.9878917932510376	0.011730587109923363	0.00037762647843919694	0.9941704273223877	0.005614751484245062	0.0002148897183360532
52	0.9556571841239929	0.04354676976799965	0.000796055537648499	0.6673803925514221	0.3316848874092102	0.0009346833685413003
53	0.9924958944320679	0.007321988698095083	0.00018209582776762545	0.9917212128639221	0.008092217147350311	0.00018658935732673854
54	0.9684026837348938	0.011977544054389	0.019619805738329887	0.9704694747924805	0.028681324794888496	0.0008491791668348014
55	0.9119307994842529	0.08730920404195786	0.0007600067765451968	0.7168342471122742	0.28218916058540344	0.0009766224538907409
56	0.9976352453231812	0.0021091133821755648	0.0002556858235038817	0.9976250529289246	0.0021568890661001205	0.00021802957053296268
57	0.9854217767715454	0.01416976097971201	0.0004084445536136627	0.7339973449707031	0.2530941665172577	0.012908524833619595
58	0.9842084050178528	0.013206297531723976	0.0025853358674794436	0.9879891872406006	0.011344123631715775	0.0006667390698567033
59	0.9956529140472412	0.004182377364486456	0.00016470454283989966	0.9931122660636902	0.006696574855595827	0.00019113003509119153
60	0.9931303858757019	0.006612539291381836	0.00025711144553497434	0.9854932427406311	0.014104479923844337	0.0004023521614726633
61	0.9878208041191101	0.011653129011392593	0.000526062271092087	0.9900956153869629	0.009446629323065281	0.00045770592987537384
62	0.9963579773902893	0.0034355372190475464	0.00020650152873713523	0.9960297346115112	0.003800789825618267	0.00016955674800556153
63	0.9893535375595093	0.010346604511141777	0.0002998609852511436	0.9953060746192932	0.0044997138902544975	0.00019422505283728242
64	0.9925135970115662	0.007167180068790913	0.00031921398476697505	0.9923071265220642	0.007366324309259653	0.00032660068245604634
65	0.9971444010734558	0.0026894360780715942	0.0001661787391640246	0.9962537288665771	0.003613162087276578	0.00013311502698343247
66	0.9939466118812561	0.005852979142218828	0.00020042152027599514	0.9937891364097595	0.005995601881295443	0.00021530609228648245
67	0.9974114298820496	0.002432441571727395	0.00015614811854902655	0.997054934501648	0.0027691491413861513	0.00017590798961464316
68	0.9910451769828796	0.00835410039871931	0.0006006640032865107	0.9877277612686157	0.01130205299705267	0.0009701209492050111
69	0.994274914264679	0.005516350269317627	0.00020868747378699481	0.9558745622634888	0.0438915453851223	0.00023385036911349744
70	0.9910518527030945	0.008663737215101719	0.0002843818801920861	0.9906794428825378	0.009100752882659435	0.00021977881260681897
71	0.9969136714935303	0.0029287985526025295	0.0001575286005390808	0.9970856308937073	0.0027550547383725643	0.0001593008346389979
72	0.9972116351127625	0.0026277988217771053	0.00016053440049290657	0.9971964359283447	0.0026495191268622875	0.00015407113824039698
73	0.9964718818664551	0.0032555358484387398	0.0002725708473008126	0.9975810050964355	0.002181859454140067	0.00023705913918092847
74	0.9927369952201843	0.0069552138447761536	0.00030770586454309523	0.9921663999557495	0.007488118018954992	0.0003455396508798003
75	0.9911782145500183	0.008624466136097908	0.0001972618483705446	0.9773333072662354	0.022336456924676895	0.00033025143784470856
76	0.9924780130386353	0.007278546690940857	0.00024338481307495385	0.9944565296173096	0.005305920261889696	0.00023752952984068543
77	0.9968113303184509	0.0030128220096230507	0.00017587306501809508	0.9970217347145081	0.002813771367073059	0.00016447373491246253
78	0.9959861636161804	0.0038265527691692114	0.00018727708084043115	0.994904637336731	0.004904618952423334	0.0001908078120322898
79	0.9964157342910767	0.0033845482394099236	0.00019966406398452818	0.9965378046035767	0.003262008773162961	0.00020014456822536886
80	0.9947677850723267	0.005057368893176317	0.00017481474787928164	0.9873760938644409	0.012146015651524067	0.00047785171773284674
81	0.991651713848114	0.008072190918028355	0.0002760836505331099	0.992110550403595	0.007578820921480656	0.0003106615331489593
82	0.9949040412902832	0.004893118515610695	0.00020281894830986857	0.9949126243591309	0.004882963374257088	0.00020443386165425181
83	0.9972314238548279	0.0024498221464455128	0.000318801001412794	0.9971876740455627	0.0024942057207226753	0.00031809945357963443
84	0.9962539672851562	0.0035418744664639235	0.00020416590268723667	0.9960933327674866	0.0036956784315407276	0.00021098800061736256
85	0.9939742684364319	0.005466907750815153	0.0005588165367953479	0.889899730682373	0.10938241332769394	0.0007178377127274871
86	0.9916117191314697	0.0077952127903699875	0.0005930018960498273	0.9907958507537842	0.008601421490311623	0.0006027562776580453
87	0.9924639463424683	0.007164139300584793	0.0003718793159350753	0.9732393622398376	0.026257921010255814	0.000502740265801549
88	0.9954566955566406	0.004393949639052153	0.0001493659074185416	0.9960756897926331	0.0037781554274260998	0.00014614871179219335
89	0.9927330017089844	0.007045824080705643	0.00022109026031102985	0.9935520887374878	0.00622553238645196	0.00022237314260564744
90	0.9957518577575684	0.004082712344825268	0.00016548346320632845	0.9953759908676147	0.004457344301044941	0.00016661270637996495
91	0.9948768019676208	0.004972884897142649	0.00015029296628199518	0.9939908385276794	0.005860765930265188	0.0001483357191318646
92	0.981553316116333	0.016836877912282944	0.001609736355021596	0.9898505210876465	0.009571372531354427	0.000578082341235131
93	0.9909312725067139	0.008574510924518108	0.0004942084196954966	0.5045274496078491	0.4944168031215668	0.0010558086214587092
94	0.9957228899002075	0.0040714675560593605	0.00020566869352478534	0.9921838641166687	0.00735174585133791	0.00046438034041784704
95	0.9971342086791992	0.0026323136407881975	0.00023348277318291366	0.9971856474876404	0.0026101619005203247	0.00020415660401340574
96	0.7977762818336487	0.2017812579870224	0.00044241698924452066	0.9953843951225281	0.004456000868231058	0.00015954370610415936
97	0.9942609071731567	0.005482505075633526	0.0002565968025010079	0.9938932657241821	0.005855905823409557	0.0002508718171156943
98	0.9935669302940369	0.006140769459307194	0.0002922851999755949	0.9906522035598755	0.008841993287205696	0.0005057845846749842
99	0.9968845248222351	0.0029556152876466513	0.00015989648818504065	0.9969733953475952	0.002864796668291092	0.0001618042151676491
100	0.9933909177780151	0.006349033676087856	0.00026008044369518757	0.9935882091522217	0.006159484852105379	0.00025224435376003385
101	0.9961386322975159	0.003533982904627919	0.0003274171322118491	0.9943100214004517	0.005324112251400948	0.00036589486990123987
102	0.8810965418815613	0.06293807923793793	0.055965472012758255	0.5348732471466064	0.09819374978542328	0.36693301796913147
103	0.9940130114555359	0.0057754795998334885	0.00021147626102901995	0.9936279058456421	0.006153994705528021	0.00021814776118844748
104	0.9966867566108704	0.0031491161789745092	0.00016408921510446817	0.9963017702102661	0.00352532253600657	0.0001729325158521533
105	0.9957699179649353	0.00395923713222146	0.00027082880842499435	0.9963939785957336	0.0033588360529392958	0.0002471843909006566
106	0.9918509125709534	0.008007961325347424	0.000141137235914357	0.9868713617324829	0.012984624132514	0.0001440115738660097
107	0.9912075400352478	0.00863887183368206	0.0001536287018097937	0.996033251285553	0.003814367577433586	0.00015238790365401655
108	0.9970096349716187	0.0028133776504546404	0.00017692676919978112	0.9973746538162231	0.0024578645825386047	0.00016745527682360262
109	0.9957008957862854	0.0041494220495224	0.0001496987824793905	0.9916979074478149	0.008174395188689232	0.0001276955008506775
110	0.990584135055542	0.008669952861964703	0.0007459880434907973	0.9933900833129883	0.006157472729682922	0.00045240079634822905
111	0.9900065660476685	0.008314245380461216	0.001679107896052301	0.9885227680206299	0.008852782659232616	0.002624437678605318
112	0.9817615151405334	0.017945799976587296	0.0002927615132648498	0.9853155612945557	0.014261935837566853	0.000422582495957613
113	0.9958437085151672	0.003975319676101208	0.00018099592125508934	0.9951953291893005	0.004640369676053524	0.00016430261894129217
114	0.9966502785682678	0.0030846395529806614	0.00026508234441280365	0.9974249601364136	0.00231305998750031	0.00026199943386018276
115	0.9968298077583313	0.0029002497904002666	0.0002699867181945592	0.9966748952865601	0.0030793959740549326	0.00024569983361288905
116	0.9912388920783997	0.008217407390475273	0.0005436657811515033	0.9866733551025391	0.012639550492167473	0.0006870903307572007
117	0.9946740865707397	0.005157447420060635	0.0001684891467448324	0.9942480325698853	0.005579925607889891	0.0001720675645628944
118	0.9957858920097351	0.004049560520797968	0.00016455649165436625	0.9961979985237122	0.003644512267783284	0.00015751508180983365
119	0.9955219030380249	0.004248524084687233	0.00022954885207582265	0.9941884279251099	0.005599228665232658	0.00021239487978164107
120	0.9967723488807678	0.003039841540157795	0.00018774191266857088	0.9967844486236572	0.0030471596401184797	0.00016837468137964606
121	0.9968122839927673	0.0030233392026275396	0.00016443151980638504	0.9971778392791748	0.002652131486684084	0.00017002015374600887
122	0.9954374432563782	0.004417081363499165	0.00014544637815561146	0.9493588805198669	0.05039627477526665	0.00024488288909196854
123	0.9957162737846375	0.004126294516026974	0.00015741144306957722	0.9966884255409241	0.003140398534014821	0.0001711955846985802
124	0.9963222742080688	0.003496037796139717	0.00018173425632994622	0.9957365989685059	0.004038821905851364	0.00022454294958151877
125	0.9910016655921936	0.008653893135488033	0.0003444185422267765	0.9907342195510864	0.00890383217483759	0.0003619871858973056
126	0.005709371995180845	0.13759978115558624	0.8566909432411194	0.04375537484884262	0.3981332778930664	0.5581114292144775
127	0.9840497374534607	0.015568561851978302	0.0003816761018242687	0.9382422566413879	0.06127450615167618	0.00048328659613616765
128	0.996657133102417	0.003170840675011277	0.0001719979482004419	0.9964601397514343	0.003363007912412286	0.000176847301190719
129	0.990712583065033	0.008975211530923843	0.00031225522980093956	0.9741952419281006	0.025351878255605698	0.000452850159490481
130	0.9963151812553406	0.0035369342658668756	0.00014793916488997638	0.9963000416755676	0.00355568272061646	0.00014432224270422012
131	0.9887840747833252	0.010874124243855476	0.00034177894121967256	0.9448114037513733	0.052665822207927704	0.00252274377271533
132	0.9960618615150452	0.003758372040465474	0.00017976999515667558	0.9960094690322876	0.0038036894984543324	0.0001868210529210046
133	0.9966795444488525	0.003196214558556676	0.0001242907455889508	0.9964606165885925	0.0034159726928919554	0.00012345290451776236
134	0.9972826242446899	0.002372434362769127	0.0003448730567470193	0.9967065453529358	0.0030199007596820593	0.0002735572343226522
135	0.9963919520378113	0.0034304943401366472	0.00017749160178937018	0.7834218740463257	0.21616920828819275	0.0004089437716174871
136	0.994939923286438	0.004891981370747089	0.00016812176909297705	0.9924407005310059	0.007351387292146683	0.0002079630794469267
137	0.9969250559806824	0.0029002916999161243	0.00017462838150095195	0.9971703886985779	0.0026451782323420048	0.00018442356667947024
138	0.9981968998908997	0.0016481544589623809	0.0001549665757920593	0.9978746175765991	0.0019636042416095734	0.00016180520469788462
139	0.9975964426994324	0.002265405608341098	0.00013818865409120917	0.997657060623169	0.0021928809583187103	0.00015008145419415087
140	0.9859360456466675	0.012800470925867558	0.001263441750779748	0.9692923426628113	0.029549477621912956	0.0011581000871956348
141	0.9972485899925232	0.0021540659945458174	0.0005973479128442705	0.997187077999115	0.002168120350688696	0.0006447967025451362
142	0.9937434792518616	0.0060937912203371525	0.00016275793313980103	0.993767261505127	0.0060707987286150455	0.0001619764370843768
143	0.991279661655426	0.008350014686584473	0.000370347173884511	0.02784859761595726	0.9718581438064575	0.00029321861802600324
144	0.9919741749763489	0.007742278277873993	0.0002834675833582878	0.9929861426353455	0.006724005099385977	0.00028988809208385646
145	0.9958123564720154	0.003823348321020603	0.0003642533265519887	0.9651221036911011	0.03421788662672043	0.0006600054912269115
146	0.9960248470306396	0.003640526905655861	0.0003345682052895427	0.9667838215827942	0.032681096345186234	0.0005351548315957189
147	0.996551513671875	0.0032015908509492874	0.0002468340389896184	0.9918571710586548	0.007949285209178925	0.00019356660777702928
148	0.9909311532974243	0.008794774301350117	0.0002740665222518146	0.9928026795387268	0.006960863247513771	0.00023637789126951247
149	0.9917387366294861	0.008036634884774685	0.00022460239415522665	0.2544134557247162	0.7448483109474182	0.0007382011972367764
150	0.9927303194999695	0.006780020892620087	0.0004896624013781548	0.9864351749420166	0.013127824291586876	0.0004369911039248109
151	0.9972226619720459	0.002634575357660651	0.0001428071118425578	0.9974777102470398	0.002376171527430415	0.0001461649953853339
152	0.996976375579834	0.002860382432118058	0.00016325205797329545	0.996107280254364	0.003750824835151434	0.00014190898218657821
153	0.9964991807937622	0.0033397532533854246	0.00016101595247164369	0.9964699745178223	0.003388278419151902	0.00014179830031935126
154	0.9966782331466675	0.003128305310383439	0.00019349597278051078	0.9961812496185303	0.00359809841029346	0.00022071987041272223
155	0.22667092084884644	0.7716027498245239	0.0017263444606214762	0.9938924312591553	0.0057298229075968266	0.00037779900594614446
156	0.9954267144203186	0.004338132217526436	0.00023514078930020332	0.9637871980667114	0.035717178136110306	0.0004956190241500735
157	0.9979321956634521	0.0019388387445360422	0.00012892222730442882	0.9980325102806091	0.0018330096499994397	0.00013447398669086397
158	0.9922522902488708	0.0075894370675086975	0.00015830910706426948	0.9929479360580444	0.006887699943035841	0.00016435643192380667
159	0.8861216306686401	0.11343037337064743	0.00044800862087868154	0.9907962083816528	0.00902534183114767	0.000178446905920282
160	0.9943506717681885	0.005413989070802927	0.00023530317412223667	0.994304358959198	0.005441333167254925	0.0002542526926845312
161	0.9904049634933472	0.009204245172441006	0.00039087029290385544	0.9891195297241211	0.010480833239853382	0.00039964247844181955
162	0.994156002998352	0.0056710755452513695	0.00017295381985604763	0.9944887161254883	0.00534185441210866	0.00016935433086473495
163	0.9914553761482239	0.00830258522182703	0.00024200791085604578	0.9723204374313354	0.02734069712460041	0.00033881596755236387
164	0.994414210319519	0.005274415481835604	0.0003113374696113169	0.9946517944335938	0.0050326138734817505	0.0003156200982630253
165	0.9534006118774414	0.045965567231178284	0.0006338500534184277	0.0031748369801789522	0.9962059259414673	0.0006191579159349203
166	0.994695246219635	0.005131669342517853	0.00017316467710770667	0.994712233543396	0.005115036852657795	0.00017274274432566017
167	0.965977668762207	0.03271212801337242	0.0013102104421705008	0.9916011691093445	0.007954907603561878	0.00044393076677806675
168	0.9951416254043579	0.004328390583395958	0.000529992044903338	0.9950056672096252	0.0043765283189713955	0.0006178857875056565
169	0.9955666661262512	0.004161265678703785	0.00027205506921745837	0.9921261072158813	0.0076348865404725075	0.00023898735526017845
170	0.9951033592224121	0.004604645073413849	0.00029194651870056987	0.9943380951881409	0.005360045004636049	0.00030191539553925395
171	0.9950553178787231	0.004770963452756405	0.0001737001584842801	0.9967404007911682	0.0030998988077044487	0.00015965137572493404
172	0.9943227767944336	0.005444940645247698	0.0002323048101970926	0.992905855178833	0.006838200613856316	0.0002559215354267508
173	0.995018720626831	0.004614225123077631	0.00036703702062368393	0.9967589974403381	0.0029079255182296038	0.0003330647887196392
174	0.9966529011726379	0.0031823040917515755	0.00016482658975291997	0.9965437054634094	0.0032851523719727993	0.00017114933871198446
175	0.9970971345901489	0.002713874913752079	0.00018899465794675052	0.996541440486908	0.003217922756448388	0.00024061775184236467
176	0.9971844553947449	0.0026769733522087336	0.00013851506810169667	0.9972266554832458	0.0026236712001264095	0.00014961151464376599
177	0.9960904717445374	0.003688476048409939	0.00022098344925325364	0.9962393045425415	0.0035529863089323044	0.00020765289082191885
178	0.99269038438797	0.007105949334800243	0.0002036165096797049	0.7556855082511902	0.24381151795387268	0.000502997194416821
179	0.9935891628265381	0.006159191019833088	0.0002516100648790598	0.9918944239616394	0.007796948309987783	0.00030855322256684303
180	0.9972509741783142	0.0025973604060709476	0.00015166345110628754	0.9967197775840759	0.0031176453921943903	0.00016251283523160964
181	0.9968446493148804	0.0029473400209099054	0.00020800548372790217	0.9826431274414062	0.016887415200471878	0.000469428050564602
182	0.9966393709182739	0.003102413145825267	0.0002582035376690328	0.9961116909980774	0.003628613194450736	0.0002597292186692357
183	0.9908171892166138	0.009029540233314037	0.00015330716269090772	0.9940364360809326	0.0057723913341760635	0.00019113975577056408
184	0.9840118885040283	0.01569364033639431	0.00029445323161780834	0.9848089814186096	0.014864470809698105	0.00032648068736307323
185	0.9924014806747437	0.007311266381293535	0.0002872791956178844	0.9930996894836426	0.006646453402936459	0.00025378481950610876
186	0.9960130453109741	0.0038410802371799946	0.000145851299748756	0.9960759282112122	0.0037771565839648247	0.00014687921793665737
187	0.9965272545814514	0.0032743820920586586	0.0001983239344554022	0.9966831803321838	0.0031087559182196856	0.00020800094353035092
188	0.9943580031394958	0.0053842803463339806	0.0002577309205662459	0.9951504468917847	0.004614855628460646	0.00023469809093512595
189	0.9952788352966309	0.004567758645862341	0.0001533751783426851	0.9780182242393494	0.02175561897456646	0.00022613802866544574
190	0.9936584830284119	0.0061848764307796955	0.00015664316015318036	0.9931186437606812	0.0067217410542070866	0.0001595749636180699
191	0.995572566986084	0.00420998502522707	0.0002174598484998569	0.9961806535720825	0.0036080130375921726	0.00021132348047103733
192	0.9959807395935059	0.003622929099947214	0.00039631957770325243	0.9946516752243042	0.0048886872828006744	0.0004595585342030972
193	0.9905213117599487	0.009262694045901299	0.00021599759929813445	0.3580356538295746	0.6414746046066284	0.0004896936588920653
194	0.9950213432312012	0.004770953208208084	0.0002077418757835403	0.994513750076294	0.005269138608127832	0.00021707761334255338
195	0.9957179427146912	0.004120377823710442	0.0001616332883713767	0.9919570684432983	0.00788118690252304	0.0001617662055650726
196	0.9960377216339111	0.003767753252759576	0.00019449909450486302	0.9800475239753723	0.019710533320903778	0.00024192366981878877
197	0.9971766471862793	0.002682826481759548	0.00014049305173102766	0.678486704826355	0.3209393322467804	0.0005739942425861955
198	0.8067834377288818	0.18807756900787354	0.005139017477631569	0.9826923608779907	0.016656411811709404	0.0006511936080642045
199	0.9959177374839783	0.00396797526627779	0.00011428754078224301	0.9944251775741577	0.005446394439786673	0.00012843731383327395
