0	0.6151410937309265	0.2565481960773468	0.12831072509288788	0.5112841725349426	0.28274470567703247	0.2059711515903473
1	0.8463619351387024	0.14916084706783295	0.0044771963730454445	0.9686592221260071	0.030793722718954086	0.0005470403702929616
2	0.6381170749664307	0.324440598487854	0.037442341446876526	0.9719215035438538	0.02530822344124317	0.002770214807242155
3	0.9563462138175964	0.04067601263523102	0.0029777339659631252	0.9789213538169861	0.020635249093174934	0.0004434289876371622
4	0.9921228289604187	0.007538870442658663	0.00033830993925221264	0.9877673387527466	0.011998689733445644	0.00023396965116262436
5	0.8546122312545776	0.09906121343374252	0.046326521784067154	0.44847434759140015	0.2406410127878189	0.310884565114975
6	0.001113920472562313	0.007303196936845779	0.9915828108787537	0.00046703434782102704	0.00843037012964487	0.9911025762557983
7	0.9322952628135681	0.031878065317869186	0.03582663834095001	0.976378858089447	0.022010833024978638	0.0016103292582556605
8	0.006902050692588091	0.22323310375213623	0.7698649168014526	0.4583655297756195	0.330583781003952	0.21105068922042847
9	0.7417230606079102	0.2528696060180664	0.005407364573329687	0.9283156991004944	0.07077251374721527	0.0009117174777202308
10	0.9945313334465027	0.005069278180599213	0.0003994677390437573	0.9958535432815552	0.003946390002965927	0.00020009528088849038
11	0.9863327145576477	0.009964395314455032	0.0037028274964541197	0.9874439835548401	0.01189983356744051	0.0006562146008946002
12	0.2544848322868347	0.7287102937698364	0.01680487021803856	0.9948114156723022	0.004809884820133448	0.0003786727029364556
13	0.9108256697654724	0.07640659809112549	0.012767740525305271	0.9675508737564087	0.03152040019631386	0.000928747293073684
14	0.986234724521637	0.01340391580015421	0.00036128328065387905	0.9941799640655518	0.0055785938166081905	0.00024143818882294
15	0.9481887817382812	0.05027836188673973	0.0015328170266002417	0.9894858598709106	0.010016461834311485	0.0004977143835276365
16	0.9969627261161804	0.002889935625717044	0.00014734391879756004	0.9970842003822327	0.0027649723924696445	0.00015086636994965374
17	0.9633753299713135	0.03312636539340019	0.003498289966955781	0.99434494972229	0.005414017476141453	0.0002410647866781801
18	0.9737450480461121	0.02167705073952675	0.004577878396958113	0.9848968982696533	0.013445674441754818	0.0016574976034462452
19	0.9602848887443542	0.03924601525068283	0.0004690823261626065	0.992495059967041	0.007231598254293203	0.00027328450232744217
20	0.9807013869285583	0.018044378608465195	0.001254176371730864	0.9850577712059021	0.0143769895657897	0.0005652999971061945
21	0.14195120334625244	0.8558393716812134	0.0022094110026955605	0.9936967492103577	0.006132643204182386	0.00017058780940715224
22	0.5745764374732971	0.3908223509788513	0.03460116311907768	0.9801868796348572	0.01771979220211506	0.002093352610245347
23	0.9962314963340759	0.003644441720098257	0.00012402581342030317	0.996542751789093	0.0033368731383234262	0.00012038759450661018
24	0.006114567164331675	0.0029068617150187492	0.990978479385376	0.0010201818076893687	0.001864332822151482	0.9971154928207397
25	0.5504598617553711	0.2560736835002899	0.19346638023853302	0.7157031297683716	0.16348162293434143	0.12081528455018997
26	0.005562394391745329	0.015688547864556313	0.9787489771842957	0.012207383289933205	0.016994399949908257	0.9707981944084167
27	0.9780219793319702	0.021336765959858894	0.000641225662548095	0.9953710436820984	0.004357158672064543	0.00027184601640328765
28	0.9010450839996338	0.09144534170627594	0.007509596645832062	0.9180840849876404	0.06933517754077911	0.012580715119838715
29	0.9952887296676636	0.004457363858819008	0.000253916485235095	0.9942924976348877	0.005478954873979092	0.00022860972967464477
30	0.9612080454826355	0.03812674432992935	0.000665124855004251	0.9929545521736145	0.006804002448916435	0.0002414735936326906
31	0.7090376615524292	0.02900785394012928	0.26195454597473145	0.8164781928062439	0.0528704859316349	0.1306512951850891
32	0.9185264110565186	0.059869568794965744	0.021604008972644806	0.4513215720653534	0.5289207696914673	0.019757624715566635
33	0.005420912057161331	0.016821028664708138	0.9777581095695496	0.1634989082813263	0.03497908636927605	0.8015219569206238
34	0.018077673390507698	0.017749855294823647	0.9641724824905396	0.10053029656410217	0.008260443806648254	0.8912092447280884
35	0.85849928855896	0.13986121118068695	0.0016394943231716752	0.9953437447547913	0.0044509065337479115	0.0002053358475677669
36	0.990257740020752	0.009409533813595772	0.00033271918073296547	0.996425211429596	0.003314387984573841	0.00026036109193228185
37	0.9667590856552124	0.03222256898880005	0.0010183571139350533	0.9956199526786804	0.004205087199807167	0.00017489894526079297
38	0.9946631193161011	0.005120325833559036	0.0002165064652217552	0.9944530129432678	0.005297116469591856	0.00024981473688967526
39	0.8977328538894653	0.08417196571826935	0.018095191568136215	0.11633048951625824	0.8802655935287476	0.0034038680605590343
40	0.9819186925888062	0.017312640324234962	0.0007686889730393887	0.9890732169151306	0.010395428165793419	0.0005313350120559335
41	0.8645464777946472	0.12861797213554382	0.006835616659373045	0.8971720337867737	0.09800619632005692	0.00482171680778265
42	0.1087464764714241	0.0678703784942627	0.8233831524848938	0.9181932210922241	0.07344541698694229	0.008361328393220901
43	0.011682553216814995	0.027745889499783516	0.9605715274810791	0.3924628794193268	0.039827801287174225	0.5677093863487244
44	0.9770928621292114	0.02264408953487873	0.00026309624081477523	0.9930324554443359	0.006802346557378769	0.00016523405793122947
45	0.007446222007274628	0.536707878112793	0.4558458924293518	0.39581531286239624	0.23627939820289612	0.36790528893470764
46	0.9576441049575806	0.041779566556215286	0.0005763079971075058	0.9921213388442993	0.007418887224048376	0.0004597941879183054
47	0.9363749623298645	0.062134936451911926	0.0014900763053447008	0.979665219783783	0.019638340920209885	0.0006964182248339057
48	0.9872391819953918	0.012283378280699253	0.00047746318159624934	0.9953482747077942	0.004459898918867111	0.0001918922207551077
49	0.9931208491325378	0.006624812725931406	0.0002542902948334813	0.9968612194061279	0.0029739411547780037	0.0001649017503950745
50	0.9834686517715454	0.014767104759812355	0.0017642981838434935	0.9892320036888123	0.010042103938758373	0.0007259769481606781
51	0.19610045850276947	0.05832678824663162	0.7455727458000183	0.7057892084121704	0.09916676580905914	0.19504404067993164
52	0.9744238257408142	0.024584442377090454	0.000991790322586894	0.9934509992599487	0.006283975671976805	0.0002650389797054231
53	0.9308565258979797	0.04963181912899017	0.01951165311038494	0.9676281213760376	0.023536190390586853	0.008835743181407452
54	0.7163957953453064	0.2643027901649475	0.01930144615471363	0.9457919597625732	0.04073980078101158	0.013468218967318535
55	0.976664662361145	0.023050764575600624	0.0002845588023774326	0.9941617846488953	0.005500150378793478	0.0003380726557224989
56	0.8984391093254089	0.08789379894733429	0.013667157851159573	0.9054186940193176	0.08053158223628998	0.014049788936972618
57	0.8747785091400146	0.10529933124780655	0.019922157749533653	0.9652994871139526	0.032218415290117264	0.0024820747785270214
58	0.9893101453781128	0.010382454842329025	0.0003073480911552906	0.9866604804992676	0.012978779152035713	0.00036078697303310037
59	0.9949120879173279	0.004785454832017422	0.00030252389842644334	0.9966093301773071	0.003176304278895259	0.00021445062884595245
60	0.90304034948349	0.09474021941423416	0.0022194734774529934	0.9622135758399963	0.036609575152397156	0.0011768790427595377
61	0.846250593662262	0.07267550379037857	0.08107391744852066	0.6181880831718445	0.3145267367362976	0.0672851949930191
62	0.9945533275604248	0.004900217987596989	0.0005464025889523327	0.9968420267105103	0.0027834363281726837	0.0003745665599126369
63	0.19920334219932556	0.6972170472145081	0.10357959568500519	0.4012947082519531	0.5932981371879578	0.005407137796282768
64	0.9770085215568542	0.022378316149115562	0.0006131000118330121	0.9301273226737976	0.06923966109752655	0.0006330346805043519
65	0.7973179817199707	0.19899199903011322	0.00368995638564229	0.9847820401191711	0.014543790370225906	0.0006741402321495116
66	0.018673647195100784	0.05117754265666008	0.9301487803459167	0.001154973404482007	0.07045470923185349	0.9283903241157532
67	0.9203634262084961	0.07542478293180466	0.004211809951812029	0.9846737384796143	0.014198292046785355	0.001127920113503933
68	0.9455007910728455	0.052089057862758636	0.0024101680610328913	0.9642254114151001	0.03531637042760849	0.0004582258698064834
69	0.6374382376670837	0.33571526408195496	0.02684658206999302	0.7785341143608093	0.21552824974060059	0.0059376428835093975
70	0.9858636260032654	0.013862854801118374	0.0002735805173870176	0.9953145980834961	0.004391120746731758	0.0002943234285339713
71	0.9853762984275818	0.01277744397521019	0.0018462655134499073	0.888658344745636	0.10642454773187637	0.004917027894407511
72	0.867063581943512	0.05336393043398857	0.07957250624895096	0.6996344923973083	0.29586052894592285	0.004504920914769173
73	0.9939603805541992	0.005745432339608669	0.0002942513965535909	0.9952608942985535	0.004491844214498997	0.00024725907132960856
74	0.9913141131401062	0.007816278375685215	0.0008695642463862896	0.9933837056159973	0.005839985329657793	0.0007762889727018774
75	0.9237655997276306	0.0681799054145813	0.008054552599787712	0.9938714504241943	0.005700626876205206	0.0004279545391909778
76	0.8576794266700745	0.09750477969646454	0.04481586441397667	0.7143183946609497	0.2366718351840973	0.0490097813308239
77	0.8759186267852783	0.08236256241798401	0.041718848049640656	0.6781914234161377	0.2842347323894501	0.03757382184267044
78	0.9844222068786621	0.013850145041942596	0.0017276840517297387	0.9763151407241821	0.022379063069820404	0.0013058017939329147
79	0.9922665953636169	0.007300389930605888	0.00043295513023622334	0.9957466721534729	0.003970826976001263	0.0002825335250236094
80	0.9328446388244629	0.0656915083527565	0.0014638906577602029	0.9767367839813232	0.021313432604074478	0.0019498122856020927
81	0.8517886400222778	0.07147667557001114	0.07673468440771103	0.5894109010696411	0.40412306785583496	0.006465980317443609
82	0.5375475287437439	0.42881837487220764	0.033634085208177567	0.6479890942573547	0.3417862355709076	0.010224690660834312
83	0.8172502517700195	0.1803024560213089	0.0024472817312926054	0.9909900426864624	0.00877491757273674	0.00023497198708355427
84	0.9916178584098816	0.007957499474287033	0.00042461714474484324	0.8131718039512634	0.1858750879764557	0.0009531438117846847
85	0.9763066172599792	0.0221357773989439	0.0015575889265164733	0.9920738935470581	0.007458596024662256	0.0004674285009969026
86	0.8535947799682617	0.13392791152000427	0.012477284297347069	0.9941802024841309	0.005398358218371868	0.00042149159708060324
87	0.9911925196647644	0.008498785085976124	0.00030871384660713375	0.9684875011444092	0.03115602396428585	0.0003565015795174986
88	0.9958732724189758	0.003821449587121606	0.00030525229522027075	0.9963715076446533	0.0033298248890787363	0.00029868530691601336
89	0.9945684671401978	0.00510446447879076	0.00032708191429264843	0.9943169951438904	0.005492760334163904	0.0001902642397908494
90	0.9824184775352478	0.016608180478215218	0.0009733570041134953	0.9911754131317139	0.00851565133780241	0.00030897182296030223
91	0.9712314009666443	0.02676968276500702	0.0019989616703242064	0.9904048442840576	0.009320203214883804	0.000275022437563166
92	0.006111627444624901	0.005917034111917019	0.9879713654518127	0.016133634373545647	0.003430707613006234	0.9804357290267944
93	0.9937745332717896	0.005931077059358358	0.00029432715382426977	0.995084822177887	0.00471035111695528	0.00020478595979511738
94	0.8609929084777832	0.1317836493253708	0.007223460357636213	0.966141402721405	0.030869977548718452	0.0029886423144489527
95	0.6933143734931946	0.29813864827156067	0.008547000586986542	0.9657627940177917	0.03295039013028145	0.0012868341291323304
96	0.9698938727378845	0.02892204001545906	0.0011841229861602187	0.9953469634056091	0.0043153343722224236	0.00033766223350539804
97	0.007854084484279156	0.014423638582229614	0.9777222871780396	0.003628698643296957	0.021685853600502014	0.9746854901313782
98	0.9767442941665649	0.022612808272242546	0.000642965838778764	0.9894959330558777	0.010162634775042534	0.0003414716338738799
99	0.9906842708587646	0.008843781426548958	0.0004720060096587986	0.9942367076873779	0.005448211450129747	0.0003150551056023687
100	0.9715963006019592	0.027486715465784073	0.0009170276462100446	0.9102778434753418	0.08894936740398407	0.0007727825432084501
101	0.5873104333877563	0.149407759308815	0.2632818818092346	0.7266006469726562	0.20886509120464325	0.06453429162502289
102	0.10659149289131165	0.1137840673327446	0.7796244025230408	0.5319250226020813	0.032459456473588943	0.43561553955078125
103	0.9882897138595581	0.011428043246269226	0.00028222595574334264	0.9933051466941833	0.006485599558800459	0.0002092909417115152
104	0.6552383303642273	0.29977887868881226	0.04498281329870224	0.8412795066833496	0.1314430832862854	0.027277491986751556
105	0.7700955867767334	0.22862505912780762	0.0012793546775355935	0.9935077428817749	0.006225640419870615	0.0002665934443939477
106	0.9923611283302307	0.007201017811894417	0.00043789154733531177	0.9928784966468811	0.006861243862658739	0.0002602446766104549
107	0.9450457692146301	0.05397392064332962	0.0009802686981856823	0.9941294193267822	0.005613808054476976	0.00025680052931420505
108	0.9774052500724792	0.021944541484117508	0.0006502293981611729	0.9926990866661072	0.006938564591109753	0.00036239117616787553
109	0.9941360950469971	0.005607927683740854	0.0002559297136031091	0.9952671527862549	0.004552095662802458	0.00018071921658702195
110	0.9903416633605957	0.007883529178798199	0.0017748329555615783	0.8463881611824036	0.0769568681716919	0.07665495574474335
111	0.00686717638745904	0.21030676364898682	0.7828260064125061	0.8212261199951172	0.07560671120882034	0.10316713899374008
112	0.9930844306945801	0.006726376246660948	0.00018922994786407799	0.9960338473320007	0.0038257362321019173	0.00014037193614058197
113	0.9317284822463989	0.06409996747970581	0.004171551670879126	0.9892830848693848	0.010219013318419456	0.0004979137447662652
114	0.9696294665336609	0.028920840471982956	0.001449685893021524	0.9898884892463684	0.009703326039016247	0.00040816294495016336
115	0.0890120416879654	0.05939214304089546	0.8515958189964294	0.03745223954319954	0.6470798254013062	0.3154679834842682
116	0.3920600116252899	0.22753113508224487	0.3804088532924652	0.14966906607151031	0.7925524115562439	0.05777845159173012
117	0.001790291047655046	0.0024413049686700106	0.9957684278488159	0.0067934198305010796	0.004170144442468882	0.989036500453949
118	0.9853957295417786	0.01414857804775238	0.0004556455824058503	0.9925776124000549	0.007250617723912001	0.0001718133717076853
119	0.9471662044525146	0.05181293934583664	0.0010208382736891508	0.994742751121521	0.005011489614844322	0.00024570271489210427
120	0.9833636283874512	0.01633252017199993	0.0003038097347598523	0.9927922487258911	0.006940099410712719	0.00026770925614982843
121	0.16239234805107117	0.33753564953804016	0.5000720024108887	0.058297641575336456	0.6129314303398132	0.3287709951400757
122	0.9261612296104431	0.07298038899898529	0.0008583494927734137	0.9941567182540894	0.005596701055765152	0.0002466223086230457
123	0.9156457781791687	0.08126605302095413	0.0030882200226187706	0.9802302122116089	0.019371693953871727	0.00039812418981455266
124	0.8237971663475037	0.17075403034687042	0.005448784213513136	0.9954929351806641	0.004170623142272234	0.0003364147269167006
125	0.9136137962341309	0.0821412205696106	0.004245047457516193	0.2178943008184433	0.7805377244949341	0.0015680582728236914
126	0.5641030669212341	0.38764601945877075	0.04825093597173691	0.5511553883552551	0.4230894148349762	0.0257552620023489
127	0.9653543829917908	0.034068115055561066	0.0005775010795332491	0.9924570322036743	0.007353457622230053	0.00018948933575302362
128	0.9191676378250122	0.07488055527210236	0.0059518334455788136	0.9798312783241272	0.01720082201063633	0.002967890352010727
129	0.9905477166175842	0.008477011695504189	0.000975250091869384	0.9960378408432007	0.0037220276426523924	0.0002400907687842846
130	0.9392945170402527	0.04073374345898628	0.019971830770373344	0.8901166319847107	0.10519585758447647	0.004687503445893526
131	0.5447899699211121	0.2805923521518707	0.17461766302585602	0.9910719990730286	0.008316000923514366	0.0006119466852396727
132	0.05208477005362511	0.9020525813102722	0.04586263746023178	0.5285657048225403	0.03874626010656357	0.43268805742263794
133	0.994425892829895	0.005337150301784277	0.00023694236006122082	0.9934875965118408	0.006213802378624678	0.0002985507599078119
134	0.7361335754394531	0.25481611490249634	0.009050323627889156	0.9577210545539856	0.033291708678007126	0.008987253531813622
135	0.9717680811882019	0.02394917793571949	0.004282735753804445	0.818145751953125	0.17954373359680176	0.0023104934953153133
136	0.9629133939743042	0.03668032959103584	0.0004062910738866776	0.9878403544425964	0.011915543116629124	0.0002440604439470917
137	0.7693180441856384	0.22818011045455933	0.002501813927665353	0.9929145574569702	0.006722260266542435	0.00036314435419626534
138	0.6738625764846802	0.32493463158607483	0.0012028092751279473	0.9926486611366272	0.007196588441729546	0.0001547311112517491
139	0.44103723764419556	0.5500074028968811	0.00895529892295599	0.8314782977104187	0.16545727849006653	0.0030644377693533897
140	0.9810957312583923	0.018529163673520088	0.0003751223557628691	0.9941743016242981	0.005572072695940733	0.0002536150277592242
141	0.9562049508094788	0.04178737848997116	0.0020077330991625786	0.9857367873191833	0.013908355496823788	0.00035490698064677417
142	0.5802686810493469	0.3921690881252289	0.027562279254198074	0.9741882085800171	0.025433693081140518	0.00037805267493240535
143	0.9818952679634094	0.0173703171312809	0.0007343931356444955	0.9602116942405701	0.037965502589941025	0.0018227949040010571
144	0.9690747857093811	0.027367375791072845	0.0035577972885221243	0.8607525825500488	0.1359853595495224	0.0032620527781546116
145	0.3068564236164093	0.07447159290313721	0.6186719536781311	0.8483967781066895	0.11067197471857071	0.04093119129538536
146	0.9849183559417725	0.014481318183243275	0.0006003349553793669	0.9947445392608643	0.0048578460700809956	0.0003976091102231294
147	0.9897502064704895	0.009847990237176418	0.00040176865877583623	0.995225191116333	0.0045631760731339455	0.00021159487369004637
148	0.9427032470703125	0.055386025458574295	0.0019107480766251683	0.9941589832305908	0.005409614183008671	0.0004314006364438683
149	0.9612264633178711	0.02538779005408287	0.013385776430368423	0.9457057118415833	0.040865786373615265	0.013428503647446632
150	0.9742507934570312	0.0248505137860775	0.0008987564942799509	0.9906793236732483	0.009028654545545578	0.0002919759717769921
151	0.5339496731758118	0.30119097232818604	0.16485930979251862	0.49061936140060425	0.0936572402715683	0.41572344303131104
152	0.08948391675949097	0.7079250812530518	0.2025909274816513	0.005513862706720829	0.7343201637268066	0.2601660192012787
153	0.5079503059387207	0.2919105887413025	0.20013906061649323	0.9749847650527954	0.01733393594622612	0.007681339513510466
154	0.9225416779518127	0.06163625791668892	0.01582208462059498	0.9819412231445312	0.016753779724240303	0.0013050114503130317
155	0.001137631363235414	0.0017442790558561683	0.9971181154251099	0.0003596154856495559	0.0019865320064127445	0.9976539015769958
156	0.9841602444648743	0.015296071767807007	0.0005436717765405774	0.9236336350440979	0.07500304281711578	0.0013632732443511486
157	0.9755786657333374	0.02197764627635479	0.0024436574894934893	0.9933538436889648	0.0063658179715275764	0.0002803891838993877
158	0.4096149206161499	0.5728282332420349	0.017556820064783096	0.9923925399780273	0.006428722757846117	0.0011787267867475748
159	0.9678794145584106	0.031704869121313095	0.0004156705690547824	0.9899265766143799	0.009855697862803936	0.00021767990256194025
160	0.9550132155418396	0.04008186608552933	0.004904859699308872	0.8906130790710449	0.10748475044965744	0.0019021844491362572
161	0.9095959663391113	0.0838639959692955	0.006540025118738413	0.9844731688499451	0.014295811764895916	0.0012310051824897528
162	0.9771184921264648	0.021913643926382065	0.0009679174982011318	0.9930450320243835	0.006638200953602791	0.0003166994429193437
163	0.1852005124092102	0.1978883147239685	0.6169111132621765	0.5670883059501648	0.09509624540805817	0.33781543374061584
164	0.9875942468643188	0.012096448801457882	0.00030927095212973654	0.9929389953613281	0.006776436232030392	0.00028455082792788744
165	0.9528926014900208	0.04494056478142738	0.002166830003261566	0.9914121627807617	0.008409473113715649	0.00017836314509622753
166	0.3683851659297943	0.04402080923318863	0.5875940918922424	0.06010603532195091	0.0959443524479866	0.8439496755599976
167	0.987433135509491	0.011530019342899323	0.0010368643561378121	0.9623298645019531	0.03601265326142311	0.0016575534828007221
168	0.7800876498222351	0.1427871584892273	0.07712515443563461	0.7984448075294495	0.19757919013500214	0.0039760093204677105
169	0.000735571316909045	0.0021596152801066637	0.997104823589325	0.0018837543902918696	0.0007411200786009431	0.9973751306533813
170	0.7488594055175781	0.2479855865240097	0.003154963022097945	0.9939666986465454	0.005805125460028648	0.00022813936811871827
171	0.009402655996382236	0.96262127161026	0.02797604911029339	0.16346237063407898	0.8283581137657166	0.008179453201591969
172	0.03743838891386986	0.9452491402626038	0.01731237955391407	0.61904376745224	0.36999306082725525	0.010963205248117447
173	0.9804064035415649	0.017472833395004272	0.0021208375692367554	0.9911381602287292	0.007676178589463234	0.0011855984339490533
174	0.8982917666435242	0.1001812219619751	0.001527033164165914	0.91133052110672	0.08557349443435669	0.003095974214375019
175	0.9908602237701416	0.008791591972112656	0.0003481603052932769	0.9916308522224426	0.007897213101387024	0.00047195557272061706
176	0.9921769499778748	0.007590525783598423	0.00023249910736922175	0.9930156469345093	0.006735580507665873	0.0002487734891474247
177	0.9714600443840027	0.028044993057847023	0.0004949295544065535	0.9925330877304077	0.007221733685582876	0.0002451309992466122
178	0.9912729859352112	0.008413081057369709	0.00031398117425851524	0.9951308965682983	0.004573258105665445	0.0002958604018203914
179	0.9927948117256165	0.006803968921303749	0.00040114615694619715	0.9955683350563049	0.004164315760135651	0.00026736658765003085
180	0.0031184989493340254	0.011953788809478283	0.984927773475647	0.010388806462287903	0.06532109528779984	0.9242900609970093
181	0.9890363812446594	0.01073677372187376	0.0002268304961035028	0.9951436519622803	0.0046906787902116776	0.00016565184341743588
182	0.9796236157417297	0.019231542944908142	0.001144902198575437	0.9934635162353516	0.005958620924502611	0.0005779056227765977
183	0.5935317873954773	0.37691164016723633	0.029556605964899063	0.08143573254346848	0.8956580758094788	0.02290620654821396
184	0.11549773067235947	0.13200867176055908	0.7524936199188232	0.9417416453361511	0.04863910749554634	0.009619239717721939
185	0.9685433506965637	0.023547489196062088	0.007909197360277176	0.5481909513473511	0.4438857138156891	0.007923333905637264
186	0.23985297977924347	0.27298352122306824	0.4871634542942047	0.881186842918396	0.10705429315567017	0.011758915148675442
187	0.26316919922828674	0.6861469149589539	0.050683822482824326	0.3469899296760559	0.6502237915992737	0.002786235185340047
188	0.806386411190033	0.18712446093559265	0.0064891306683421135	0.9135887026786804	0.08124983310699463	0.0051614632830023766
189	0.09672338515520096	0.31088873744010925	0.592387855052948	0.7796735167503357	0.13951942324638367	0.08080702275037766
190	0.41469451785087585	0.5754228234291077	0.009882716462016106	0.9877440333366394	0.011780135333538055	0.00047586014261469245
191	0.08759164065122604	0.6992540955543518	0.21315425634384155	0.8450145125389099	0.13228286802768707	0.022702544927597046
192	0.749694287776947	0.028152748942375183	0.22215302288532257	0.5187212228775024	0.04901033639907837	0.4322684109210968
193	0.9005061984062195	0.09253545850515366	0.006958326790481806	0.6700322031974792	0.2671873867511749	0.0627804547548294
194	0.029759081080555916	0.9636728167533875	0.0065680621191859245	0.9678560495376587	0.03132183104753494	0.0008220947929657996
195	0.0005897979135625064	0.0015809186734259129	0.997829258441925	0.00025229170569218695	0.0005914908833801746	0.9991562366485596
196	0.9542283415794373	0.045261844992637634	0.0005098420078866184	0.9952734112739563	0.004443467129021883	0.00028320294222794473
197	0.9327459931373596	0.0620683878660202	0.005185624584555626	0.9803138971328735	0.01871037669479847	0.0009757253574207425
198	0.9907475709915161	0.008951200172305107	0.00030127709032967687	0.9962835907936096	0.0035201753489673138	0.00019623027765192091
199	0.8133275508880615	0.1652740240097046	0.021398499608039856	0.9346054196357727	0.05483910068869591	0.010555427521467209
