0	0.0006978243472985923	0.9985588192939758	0.0007434364524669945	0.9912571907043457	0.008390427567064762	0.000352379895048216
1	0.0012884184252470732	0.9964913725852966	0.0022202234249562025	0.9920148849487305	0.0071924906224012375	0.0007926342077553272
2	0.09016721695661545	0.9032435417175293	0.006589309778064489	0.9743379950523376	0.024440823122859	0.0012211451539769769
3	0.9741768836975098	0.025136753916740417	0.0006863593007437885	0.9948627352714539	0.004856060724705458	0.00028120982460677624
4	0.004991724621504545	0.9943238496780396	0.0006844332674518228	0.9927063584327698	0.00687803328037262	0.00041563675040379167
5	0.059719450771808624	0.9376903772354126	0.00259017338976264	0.9912448525428772	0.008210019208490849	0.0005451352335512638
6	0.817039966583252	0.1816146969795227	0.0013453603023663163	0.9728273153305054	0.02651486173272133	0.0006578220054507256
7	0.28796878457069397	0.7069058418273926	0.00512539641931653	0.9878361821174622	0.010245054960250854	0.0019187909783795476
8	0.010549475438892841	0.9872276782989502	0.0022228737361729145	0.9874468445777893	0.012148524634540081	0.0004046215326525271
9	0.0009707770659588277	0.989267110824585	0.00976216048002243	0.9679093360900879	0.030206527560949326	0.0018841780256479979
10	0.016812283545732498	0.9794727563858032	0.003715071827173233	0.9947313070297241	0.004905312787741423	0.0003634237218648195
11	0.11487096548080444	0.8824892044067383	0.002639816841110587	0.9940147995948792	0.005593717098236084	0.0003915567649528384
12	0.0005809669964946806	0.9965826869010925	0.0028364232275635004	0.9674237966537476	0.030019164085388184	0.0025570059660822153
13	0.009121903218328953	0.9902398586273193	0.0006382621359080076	0.9954073429107666	0.004183814860880375	0.0004088183050043881
14	0.4882323145866394	0.5095139741897583	0.0022537352051585913	0.9953731894493103	0.004132478032261133	0.0004943351377733052
15	0.025632383301854134	0.9718801975250244	0.002487482503056526	0.99174565076828	0.007789539638906717	0.0004648044996429235
16	0.9763813614845276	0.02283647656440735	0.0007821758044883609	0.9914509654045105	0.007123525720089674	0.0014255484566092491
17	0.7321267127990723	0.2667609751224518	0.0011123570147901773	0.9940018057823181	0.005696689710021019	0.00030154286650940776
18	0.48125624656677246	0.5174077153205872	0.0013360304292291403	0.9890667200088501	0.010596422478556633	0.00033687916584312916
19	0.629252016544342	0.36922529339790344	0.0015226069372147322	0.9901294112205505	0.009369748644530773	0.0005008625448681414
20	0.033347152173519135	0.9630988240242004	0.003554118797183037	0.9940376281738281	0.005603293422609568	0.00035906967241317034
21	0.0020099044777452946	0.9973956346511841	0.0005945112206973135	0.9928391575813293	0.0065398807637393475	0.0006210459978319705
22	0.0009915262926369905	0.9982776641845703	0.0007308403728529811	0.9946192502975464	0.005071302410215139	0.00030943448655307293
23	0.10608583688735962	0.8921342492103577	0.0017798631452023983	0.9943503737449646	0.0053378925658762455	0.0003117973101325333
24	0.014932641759514809	0.9845943450927734	0.0004730245564132929	0.9933915138244629	0.0064185382798314095	0.00018999652820639312
25	0.001468552858568728	0.9964165687561035	0.002114927861839533	0.9588301181793213	0.038632653653621674	0.0025372253730893135
26	0.09941364824771881	0.8974226713180542	0.0031637046486139297	0.9953710436820984	0.0041175358928740025	0.0005113744991831481
27	0.004021691624075174	0.9953331351280212	0.0006451287190429866	0.9948917627334595	0.004635334480553865	0.0004728897474706173
28	0.7846377491950989	0.21428388357162476	0.0010783332400023937	0.9958571791648865	0.003895173314958811	0.00024764941190369427
29	0.1297731101512909	0.8683633804321289	0.0018635430606082082	0.9944067001342773	0.005348335485905409	0.00024499764549545944
30	0.7096003293991089	0.28969162702560425	0.0007080262876115739	0.9958767890930176	0.0038853550795465708	0.00023780230549164116
31	0.20905207097530365	0.7883657217025757	0.0025821661110967398	0.9900857210159302	0.008693365380167961	0.0012208839179947972
32	0.3811229169368744	0.6178827285766602	0.0009943555342033505	0.9922540187835693	0.007519118953496218	0.0002267785312142223
33	0.035987962037324905	0.9628428816795349	0.0011691725812852383	0.9918079972267151	0.00797214824706316	0.00021989030938129872
34	0.02099018543958664	0.9776782989501953	0.0013314459938555956	0.994157075881958	0.0056000398471951485	0.0002429009909974411
35	0.1299944370985031	0.8687236309051514	0.0012819742551073432	0.996654748916626	0.0031315390951931477	0.00021368787565734237
36	0.02959967963397503	0.9690536260604858	0.0013466882519423962	0.9923041462898254	0.007302218582481146	0.00039363937685266137
37	0.003920840565115213	0.9950554370880127	0.001023661345243454	0.9951450228691101	0.00465086754411459	0.0002040339750237763
38	0.04733065888285637	0.9498680830001831	0.002801243681460619	0.9946801066398621	0.0049109929241240025	0.0004089240392204374
39	0.2139730304479599	0.7836581468582153	0.002368871122598648	0.9845420122146606	0.014371538534760475	0.0010864207288250327
40	0.8897402286529541	0.10648103058338165	0.003778724232688546	0.9907655715942383	0.008135044947266579	0.0010993439937010407
41	0.008087502792477608	0.991124153137207	0.0007883807993493974	0.9948707818984985	0.004824505653232336	0.00030472612706944346
42	0.006501052528619766	0.9929361939430237	0.0005627496284432709	0.9881689548492432	0.0112422751262784	0.0005887396982870996
43	0.016491828486323357	0.9817214012145996	0.0017867854330688715	0.9948910474777222	0.0048700845800340176	0.00023886024428065866
44	0.00872213114053011	0.9897524118423462	0.0015254849568009377	0.9929145574569702	0.006473235785961151	0.0006122304475866258
45	0.16563981771469116	0.8279198408126831	0.006440317258238792	0.9948064684867859	0.004667061381042004	0.0005264513310976326
46	0.02049321122467518	0.9781031608581543	0.001403653877787292	0.9912580847740173	0.008383632637560368	0.000358315504854545
47	0.0057079182006418705	0.9929774403572083	0.0013146039564162493	0.9961289167404175	0.003593976143747568	0.0002770686987787485
48	0.011019032448530197	0.9871774911880493	0.0018034848617389798	0.991299569606781	0.00840073823928833	0.00029965414432808757
49	0.004744899924844503	0.994445264339447	0.0008098644902929664	0.9943215847015381	0.005386194214224815	0.0002922375570051372
50	0.004971484653651714	0.9943358302116394	0.0006927552167326212	0.9956282377243042	0.003908883780241013	0.00046288492740131915
51	0.03830190747976303	0.9557868838310242	0.005911281332373619	0.9912617206573486	0.007884147576987743	0.0008541441056877375
52	0.05976719781756401	0.9391452670097351	0.001087533077225089	0.9963095784187317	0.0033067783806473017	0.00038363103521987796
53	0.012571297585964203	0.9828724265098572	0.004556257743388414	0.9912400841712952	0.0076724449172616005	0.0010874656727537513
54	0.0006070465315133333	0.9986034035682678	0.0007896292372606695	0.9888152480125427	0.010804153978824615	0.0003806770546361804
55	0.5178773999214172	0.4797873795032501	0.002335208235308528	0.9921507835388184	0.007227166555821896	0.0006220636423677206
56	0.0676649734377861	0.9187535047531128	0.013581487350165844	0.9956294298171997	0.003960400819778442	0.0004102310922462493
57	0.9915570020675659	0.007964717224240303	0.00047821717453189194	0.9955659508705139	0.004185033962130547	0.00024904380552470684
58	0.6580586433410645	0.32522231340408325	0.016718987375497818	0.9967241883277893	0.0029316521249711514	0.00034417983260937035
59	0.001977757317945361	0.9956978559494019	0.002324481261894107	0.9926164746284485	0.0070153395645320415	0.0003681647649500519
60	0.05354517325758934	0.9447067975997925	0.0017480551032349467	0.9961864352226257	0.003598914947360754	0.00021466444013640285
61	0.020053833723068237	0.9780586957931519	0.0018873719964176416	0.991668701171875	0.007861393503844738	0.0004698946140706539
62	0.13317860662937164	0.8626628518104553	0.00415849220007658	0.9950799942016602	0.00441282382234931	0.0005071341875009239
63	0.0071343532763421535	0.9892183542251587	0.0036472780629992485	0.9910257458686829	0.006864058319479227	0.0021101925522089005
64	0.015915904194116592	0.9822454452514648	0.0018386451993137598	0.9913153648376465	0.008388307876884937	0.0002963242877740413
65	0.07278934866189957	0.9254782795906067	0.0017324871150776744	0.9925635457038879	0.0067060841247439384	0.0007303883321583271
66	0.4596204161643982	0.5358701348304749	0.004509396385401487	0.9951854348182678	0.004475272726267576	0.0003392607904970646
67	0.000425316218752414	0.9988577365875244	0.0007169682648964226	0.9951320886611938	0.0045504337176680565	0.0003174909797962755
68	0.0052237724885344505	0.9936650991439819	0.0011110763298347592	0.992332935333252	0.00734350923448801	0.0003236150660086423
69	0.04988802596926689	0.9467350840568542	0.0033768839202821255	0.9871419668197632	0.01173688005656004	0.001121112029068172
70	0.0019235893851146102	0.9965594410896301	0.0015169420512393117	0.9912499189376831	0.00824893731623888	0.0005011530593037605
71	0.6240943074226379	0.3714277148246765	0.004477896261960268	0.9786314964294434	0.02093197964131832	0.00043657777132466435
72	0.08511441200971603	0.9138594269752502	0.0010262737050652504	0.9956860542297363	0.003978224936872721	0.00033575508859939873
73	0.39823704957962036	0.5992562174797058	0.0025066938251256943	0.9937392473220825	0.006057539954781532	0.00020323923672549427
74	0.0034982548095285892	0.9923691749572754	0.004132539499551058	0.9881827235221863	0.010381706058979034	0.0014355960302054882
75	0.9697425961494446	0.029799893498420715	0.00045755368773825467	0.9922006726264954	0.007295843679457903	0.0005035485373809934
76	0.00253803888335824	0.9958587288856506	0.0016032204730436206	0.9923248291015625	0.007157788146287203	0.0005173481767997146
77	0.5747982263565063	0.4224548041820526	0.0027469960041344166	0.9963464140892029	0.0033634337596595287	0.00029020686633884907
78	0.005921511445194483	0.9899459481239319	0.004132507368922234	0.9937001466751099	0.005008679814636707	0.0012911432422697544
79	0.015853067860007286	0.9778558611869812	0.006291036028414965	0.9945343732833862	0.003358908463269472	0.002106747590005398
80	0.35501208901405334	0.6406866908073425	0.004301280714571476	0.9902557730674744	0.009375123307108879	0.00036911849747411907
81	0.6214747428894043	0.37770554423332214	0.0008197104325518012	0.9942256808280945	0.005508323200047016	0.0002660751633811742
82	0.01003048662096262	0.9881384968757629	0.0018310005543753505	0.9904323220252991	0.008586318232119083	0.0009813455399125814
83	0.9254181981086731	0.0735580250620842	0.0010237228125333786	0.9958328604698181	0.0038907104171812534	0.00027642323402687907
84	0.990885853767395	0.008707363158464432	0.000406766717787832	0.996538519859314	0.003195340046659112	0.0002661143662407994
85	0.023917466402053833	0.9744307398796082	0.0016518207266926765	0.9867982268333435	0.012820727191865444	0.0003810158814303577
86	0.0009896912379190326	0.9981253743171692	0.000884935783687979	0.985768735408783	0.013962731696665287	0.00026849276036955416
87	0.8184617757797241	0.17545634508132935	0.00608183303847909	0.9928156137466431	0.0064940485171973705	0.0006903809844516218
88	0.9695297479629517	0.030010664835572243	0.00045958280679769814	0.9970806241035461	0.0027241604402661324	0.0001952095772139728
89	0.004934683907777071	0.9930500984191895	0.0020152076613157988	0.9936257600784302	0.005984397139400244	0.0003897989518009126
90	0.054600171744823456	0.9407927989959717	0.004607105161994696	0.9919288158416748	0.007472997065633535	0.000598234124481678
91	0.9704661965370178	0.028806481510400772	0.0007273069932125509	0.9897648096084595	0.009989036247134209	0.00024617122835479677
92	0.9691151976585388	0.030353616923093796	0.0005311160930432379	0.9959115982055664	0.003784705186262727	0.00030366299324668944
93	0.005038937088102102	0.9919167160987854	0.0030443822033703327	0.9881112575531006	0.011018767952919006	0.0008700176840648055
94	0.9936029314994812	0.005916391499340534	0.0004806523211300373	0.9970728158950806	0.0026546609587967396	0.0002725583908613771
95	0.3722613453865051	0.6240296959877014	0.003708980046212673	0.9956924319267273	0.00407454976812005	0.00023303180932998657
96	0.1413239985704422	0.857192873954773	0.001483167870901525	0.9938061237335205	0.005945245269685984	0.0002486557059455663
97	0.008969517424702644	0.9902639389038086	0.0007664760923944414	0.9926338791847229	0.007093719206750393	0.00027237346512265503
98	0.0005707365926355124	0.9989499449729919	0.00047926779370754957	0.9833653569221497	0.01631353422999382	0.0003210743307135999
99	0.006098974030464888	0.9932692646980286	0.0006316786166280508	0.9957560896873474	0.003915377892553806	0.0003285604761913419
100	0.0002411185996606946	0.9985452890396118	0.001213538576848805	0.9881388545036316	0.011220409534871578	0.0006407693144865334
101	0.09707754105329514	0.9012404084205627	0.0016819963930174708	0.9967548251152039	0.0028802102897316217	0.0003649283607956022
102	0.0006355504156090319	0.9982944130897522	0.0010700634447857738	0.9935544729232788	0.006075756158679724	0.000369840330677107
103	0.7464888691902161	0.25218287110328674	0.0013282857835292816	0.9932210445404053	0.006535835564136505	0.00024307903368026018
104	0.007574261631816626	0.9913855791091919	0.0010400997707620263	0.9895980358123779	0.009981388226151466	0.0004205526493024081
105	0.004188923630863428	0.9936959147453308	0.0021152084227651358	0.9885236620903015	0.010227024555206299	0.0012493302347138524
106	0.0005117275286465883	0.998153030872345	0.001335163600742817	0.9861818552017212	0.012588148936629295	0.0012299694353714585
107	0.07610073685646057	0.9220070242881775	0.0018922847229987383	0.9921200275421143	0.007625667378306389	0.00025425240164622664
108	0.07068637758493423	0.9262139797210693	0.0030996864661574364	0.995797872543335	0.003860681550577283	0.000341508915880695
109	0.006675806362181902	0.9917261600494385	0.001597967348061502	0.9944792985916138	0.005030401982367039	0.0004902543150819838
110	0.04713945463299751	0.9476519227027893	0.005208699032664299	0.9939103126525879	0.005828799679875374	0.0002609151997603476
111	0.08677591383457184	0.9037033915519714	0.009520594961941242	0.9929320812225342	0.006176257040351629	0.0008916459046304226
112	0.024280879646539688	0.9732574224472046	0.0024617165327072144	0.9950992465019226	0.004585825838148594	0.0003149741096422076
113	0.008121308870613575	0.9892067909240723	0.002671845257282257	0.9886820316314697	0.01094461977481842	0.0003733264748007059
114	0.0016868440434336662	0.9957312941551208	0.0025819088332355022	0.991519033908844	0.007093747146427631	0.0013872620183974504
115	0.003549787448719144	0.9955564141273499	0.0008937689708545804	0.988423764705658	0.011340479366481304	0.0002358205965720117
116	0.7303497791290283	0.2675650715827942	0.00208512251265347	0.9940646290779114	0.005610247142612934	0.00032513213227503
117	0.7517294883728027	0.2457979917526245	0.0024725538678467274	0.9956021308898926	0.003804150503128767	0.0005937161622568965
118	0.007122560404241085	0.9919189810752869	0.0009584484505467117	0.9944443106651306	0.005175664089620113	0.0003800072299782187
119	0.061360906809568405	0.9364641308784485	0.0021750405430793762	0.9958460927009583	0.0037166473921388388	0.0004372430266812444
120	0.04781534895300865	0.9467187523841858	0.0054659415036439896	0.9911460280418396	0.00821894221007824	0.0006350509356707335
121	0.02843501791357994	0.9707947969436646	0.000770131649915129	0.9950664043426514	0.00458897091448307	0.0003446390328463167
122	0.2414766550064087	0.7536463141441345	0.004877039697021246	0.9904400110244751	0.00811978243291378	0.0014402318047359586
123	0.012263511307537556	0.9869013428688049	0.0008351347642019391	0.992434024810791	0.007350588217377663	0.0002154075918952003
124	0.054062604904174805	0.944409966468811	0.0015274444594979286	0.9946070313453674	0.005158671177923679	0.0002343416417716071
125	0.005459477659314871	0.9928297400474548	0.0017108517931774259	0.9903571009635925	0.008765241131186485	0.0008776984759606421
126	0.010936712846159935	0.9866260290145874	0.002437393646687269	0.9947891235351562	0.004789351020008326	0.00042158024734817445
127	0.0007076315814629197	0.9987332224845886	0.0005590464570559561	0.9877443909645081	0.011923683807253838	0.0003318680974189192
128	0.018009128049016	0.9784733057022095	0.0035176158417016268	0.9719408750534058	0.026859041303396225	0.0012000704882666469
129	0.0014734575524926186	0.9979358911514282	0.0005907000158913434	0.9857220649719238	0.01385584194213152	0.0004220742266625166
130	0.09994908422231674	0.8977771401405334	0.0022736983373761177	0.9857475161552429	0.013829044066369534	0.00042338427738286555
131	0.10375010222196579	0.894142210483551	0.002107660286128521	0.9955951571464539	0.004112656228244305	0.0002921342384070158
132	0.08643808215856552	0.896843433380127	0.016718504950404167	0.9924410581588745	0.00684787193313241	0.0007110908045433462
133	0.5642668604850769	0.43281450867652893	0.0029186608735471964	0.9951371550559998	0.00460480572655797	0.00025808345526456833
134	0.003450548741966486	0.9937870502471924	0.0027624485082924366	0.9893711805343628	0.010059136897325516	0.0005696701700799167
135	0.03271219879388809	0.9656751751899719	0.0016126042464748025	0.9892326593399048	0.010497268289327621	0.0002701154735404998
136	0.0701698511838913	0.9285591244697571	0.0012709794100373983	0.9943369030952454	0.005383113864809275	0.0002799801295623183
137	0.008901028893887997	0.9901305437088013	0.0009682849631644785	0.9801337718963623	0.019479792565107346	0.00038650305941700935
138	0.9678530693054199	0.031177546828985214	0.000969346147030592	0.9963323473930359	0.0031315740197896957	0.0005360514624044299
139	0.18637987971305847	0.8080782890319824	0.0055419146083295345	0.9920902252197266	0.007517464924603701	0.00039234745781868696
140	0.011138535104691982	0.9883500337600708	0.0005114137893542647	0.9931519031524658	0.0066044325940310955	0.00024367994046770036
141	0.0014357141917571425	0.9967177510261536	0.0018465648172423244	0.9951944947242737	0.004451786633580923	0.00035374515573494136
142	0.000885037356056273	0.9983494281768799	0.0007654993096366525	0.9916688203811646	0.007892835885286331	0.00043837507837451994
143	0.8932583332061768	0.10558633506298065	0.0011552892392501235	0.9970325231552124	0.0027096413541585207	0.00025778269628062844
144	0.046553511172533035	0.9511776566505432	0.0022687686141580343	0.9918564558029175	0.007350090425461531	0.0007934604655019939
145	0.004231514874845743	0.995258629322052	0.000509783742018044	0.9974127411842346	0.002422529738396406	0.00016473075083922595
146	0.0653686448931694	0.9328920245170593	0.0017392776207998395	0.9969940185546875	0.0027884773444384336	0.00021751192980445921
147	0.0017076208023354411	0.9975294470787048	0.0007629203610122204	0.9908051490783691	0.008592958562076092	0.0006019749562256038
148	0.12725049257278442	0.8713749647140503	0.0013746321201324463	0.9963018894195557	0.0035011942964047194	0.00019684905419126153
149	0.9658272862434387	0.03307642042636871	0.0010962667874991894	0.996026873588562	0.0036574762780219316	0.0003156825841870159
150	0.039052531123161316	0.9567777514457703	0.004169826861470938	0.9914608001708984	0.00769506162032485	0.0008441428071819246
151	0.056277085095644	0.9392880797386169	0.004434847738593817	0.9927436113357544	0.0059509905986487865	0.0013053492875769734
152	0.01903323084115982	0.9796725511550903	0.0012942232424393296	0.995276927947998	0.004468229599297047	0.0002548557531554252
153	0.001171139650978148	0.9978692531585693	0.0009596386807970703	0.996638298034668	0.002915724879130721	0.00044591593905352056
154	0.009450853802263737	0.9850139021873474	0.0055351946502923965	0.993885338306427	0.0052960095927119255	0.0008186161867342889
155	0.8898015022277832	0.1096644252538681	0.0005341146024875343	0.9954783320426941	0.004361014347523451	0.00016071804566308856
156	0.22921445965766907	0.768351674079895	0.00243381061591208	0.9939285516738892	0.005840981844812632	0.00023043944383971393
157	0.03200911730527878	0.9661227464675903	0.0018681628862395883	0.988609790802002	0.009858807548880577	0.0015313937328755856
158	0.12460798025131226	0.8730067014694214	0.0023852952290326357	0.9907193779945374	0.008900030516088009	0.0003806481254287064
159	0.7726098299026489	0.22514177858829498	0.002248364733532071	0.9937363862991333	0.005952080711722374	0.00031153022428043187
160	0.06404794752597809	0.934418261051178	0.0015338031807914376	0.9873586297035217	0.01230997871607542	0.00033132382668554783
161	0.008430546149611473	0.9890449047088623	0.0025245463475584984	0.9960423707962036	0.003596958704292774	0.0003607018443290144
162	0.0018047741614282131	0.9975858926773071	0.0006092981202527881	0.9880788922309875	0.011170509271323681	0.0007506208494305611
163	0.0007170721073634923	0.9975581169128418	0.0017247347859665751	0.9841381907463074	0.014697538688778877	0.001164267654530704
164	0.08667287975549698	0.9092483520507812	0.00407875282689929	0.9890272617340088	0.009803361259400845	0.0011693750275298953
165	0.8560616374015808	0.1428440809249878	0.0010942235821858048	0.9961967468261719	0.003465296234935522	0.00033800466917455196
166	0.012274371460080147	0.9850383400917053	0.002687280299142003	0.9962796568870544	0.003377303946763277	0.00034304315340705216
167	0.0004920352366752923	0.9987002611160278	0.0008077156962826848	0.9876425266265869	0.011784642934799194	0.0005727999960072339
168	0.5268173217773438	0.471123605966568	0.0020590804051607847	0.996105968952179	0.0036683324724435806	0.000225687850615941
169	0.0723264291882515	0.9253329634666443	0.002340679056942463	0.9950939416885376	0.004556712228804827	0.00034936159499920905
170	0.847063422203064	0.15205292403697968	0.0008836878696456552	0.9938788414001465	0.005882337689399719	0.00023873423924669623
171	0.10612625628709793	0.8907966613769531	0.0030770679004490376	0.9964724779129028	0.0031475117430090904	0.00038003528607077897
172	0.027479786425828934	0.9712987542152405	0.001221406739205122	0.9901601672172546	0.00927511416375637	0.0005647701909765601
173	0.08580951392650604	0.9060545563697815	0.008136010728776455	0.9914250373840332	0.007854164578020573	0.000720773299690336
174	0.29689931869506836	0.6996017098426819	0.0034988990519195795	0.9868632555007935	0.012627800926566124	0.000508973200339824
175	0.12777477502822876	0.8678673505783081	0.004357897210866213	0.9937171936035156	0.0058227283880114555	0.00046001715236343443
176	0.018604276701807976	0.9799330234527588	0.0014627083437517285	0.9935997724533081	0.005618594586849213	0.0007816787110641599
177	0.7244001626968384	0.2742602229118347	0.0013396323192864656	0.9915214776992798	0.008262702263891697	0.00021584381465800107
178	0.010327456519007683	0.9869171380996704	0.0027554710395634174	0.9814924597740173	0.017312346026301384	0.0011952441418543458
179	0.26708298921585083	0.7307904958724976	0.0021264893002808094	0.9952471852302551	0.004539252258837223	0.00021358480444177985
180	0.0036792601458728313	0.9950700998306274	0.0012506000930443406	0.9927064776420593	0.006880838889628649	0.0004127388820052147
181	0.056977227330207825	0.9424082040786743	0.000614594086073339	0.9921634197235107	0.007542026229202747	0.0002945140586234629
182	0.9786549210548401	0.021061431616544724	0.0002836807689163834	0.9941446185112	0.0057314736768603325	0.0001239389239344746
183	0.010211470536887646	0.9890644550323486	0.0007240129052661359	0.9938415288925171	0.005768563598394394	0.00038984991260804236
184	0.03956574946641922	0.9598905444145203	0.0005437418585643172	0.9962819218635559	0.0034752548672258854	0.0002428877487545833
185	0.08784659206867218	0.9109821915626526	0.001171230454929173	0.9964728951454163	0.0032893673051148653	0.00023768383834976703
186	0.13148769736289978	0.8673486709594727	0.0011636613635346293	0.9956764578819275	0.004093321040272713	0.000230166973778978
187	0.012397324666380882	0.9845734238624573	0.0030291960574686527	0.985031247138977	0.013653096742928028	0.0013156200293451548
188	0.004635951481759548	0.9931513071060181	0.002212753053754568	0.9929479360580444	0.006097564939409494	0.0009545020293444395
189	0.0008818007772788405	0.9985830783843994	0.000535067287273705	0.9931341409683228	0.006543439347296953	0.00032237160485237837
190	0.21390807628631592	0.7842103838920593	0.0018816030351445079	0.990371823310852	0.009251290000975132	0.0003768842725548893
191	0.0023494826164096594	0.9963352680206299	0.0013152866158634424	0.9898119568824768	0.009548718109726906	0.0006392823997884989
192	0.011898277327418327	0.9858023524284363	0.0022994556929916143	0.9937938451766968	0.005874123889952898	0.00033196285949088633
193	0.49839264154434204	0.49755433201789856	0.004053118638694286	0.9964447617530823	0.0032119157258421183	0.00034334041993133724
194	0.06020953133702278	0.9368239045143127	0.002966519445180893	0.9940289258956909	0.005135266575962305	0.0008358572376891971
195	0.03271213546395302	0.957335889339447	0.009952017106115818	0.9908890128135681	0.008434198796749115	0.0006767558516003191
196	0.009490030817687511	0.9891329407691956	0.0013769514625892043	0.9918830394744873	0.0077686128206551075	0.0003482864412944764
197	0.40448546409606934	0.5934448838233948	0.0020696446299552917	0.9955847859382629	0.0042100585997104645	0.0002051475312327966
198	0.4835524559020996	0.5008670687675476	0.015580517239868641	0.9935862421989441	0.005938144866377115	0.00047559369704686105
199	0.014746129512786865	0.9829993844032288	0.002254494931548834	0.99440598487854	0.005212307441979647	0.0003816885291598737
