0	0.9903262257575989	0.009110734798014164	0.0005630403757095337	0.9778525829315186	0.021836642175912857	0.0003107842931058258
1	0.9967250227928162	0.0030152511317282915	0.0002597055572550744	0.9948373436927795	0.004824371077120304	0.0003382028662599623
2	0.9799214601516724	0.01387033611536026	0.006208178121596575	0.14831887185573578	0.8440804481506348	0.007600673008710146
3	0.9887642860412598	0.009903675876557827	0.0013319819699972868	0.7432494163513184	0.25592824816703796	0.0008223619661293924
4	0.9932512640953064	0.004906349815428257	0.0018423657165840268	0.9236084222793579	0.07387571036815643	0.002515894826501608
5	0.9805537462234497	0.01648365519940853	0.002962584840133786	0.0032940299715846777	0.9960461258888245	0.0006598120089620352
6	0.9892746806144714	0.007394091691821814	0.0033312307205051184	0.002273673890158534	0.9957711100578308	0.001955221174284816
7	0.4036046266555786	0.04271804913878441	0.5536773204803467	0.007530108094215393	0.4124290347099304	0.5800408720970154
8	0.9825212359428406	0.01458904892206192	0.0028897146694362164	0.001082398695871234	0.9858112335205078	0.013106315396726131
9	0.023616066202521324	0.11466125398874283	0.8617227077484131	0.016380297020077705	0.6940979361534119	0.28952181339263916
10	0.9948276877403259	0.0048232912085950375	0.00034897480509243906	0.022468755021691322	0.976942777633667	0.0005885238060727715
11	0.9965483546257019	0.003085726173594594	0.00036595831625163555	0.9872618317604065	0.012265720404684544	0.00047240740968845785
12	0.9893826246261597	0.007889005355536938	0.0027284231036901474	0.00932032335549593	0.9796455502510071	0.01103411614894867
13	0.9959985017776489	0.003594971029087901	0.0004065080138389021	0.5083547234535217	0.48450547456741333	0.007139874156564474
14	0.9966214895248413	0.0030268479604274035	0.00035166472662240267	0.10078791528940201	0.8970818519592285	0.002130300970748067
15	0.9938588738441467	0.005556226707994938	0.0005849493318237364	0.035501737147569656	0.9629443883895874	0.0015539184678345919
16	0.9822314381599426	0.009117187932133675	0.008651339448988438	0.005582019686698914	0.9904582500457764	0.0039597456343472
17	0.9973406195640564	0.0023886961862444878	0.00027069111820310354	0.002598931547254324	0.9969443678855896	0.0004567289142869413
18	0.9453109502792358	0.044020235538482666	0.010668824426829815	0.003022393910214305	0.9945070147514343	0.0024705964606255293
19	0.9852332472801208	0.0130621874704957	0.0017045484855771065	0.8761284947395325	0.12320815771818161	0.0006633137818425894
20	0.004947099834680557	0.9943663477897644	0.0006865597679279745	0.08413457125425339	0.9145145416259766	0.0013508230913430452
21	0.987642765045166	0.009879743680357933	0.00247746123932302	0.007473512087017298	0.9918273687362671	0.0006990676047280431
22	0.994553804397583	0.004895173478871584	0.0005509983166120946	0.0005782407242804766	0.9990099668502808	0.00041179085383191705
23	0.9950870871543884	0.004424950573593378	0.0004879913467448205	0.02115708775818348	0.9781579375267029	0.0006849758792668581
24	0.9955484867095947	0.003998465836048126	0.00045299975317902863	0.0036924045998603106	0.9951274394989014	0.0011801060754805803
25	0.993756890296936	0.00516959372907877	0.001073502004146576	0.5425688624382019	0.4548925757408142	0.002538613509386778
26	0.9969972372055054	0.002635538810864091	0.0003671882732305676	0.007888068445026875	0.9910196661949158	0.0010921377688646317
27	0.9947535991668701	0.004502042196691036	0.0007443708600476384	0.0013289832277223468	0.9973602890968323	0.0013107458362355828
28	0.9942570328712463	0.005522572435438633	0.00022041794727556407	0.05808986723423004	0.9414663314819336	0.0004438113246578723
29	0.2695460617542267	0.7129207849502563	0.017533166334033012	0.14525927603244781	0.8505768179893494	0.004163863603025675
30	0.9930123686790466	0.006514660082757473	0.000472935673315078	0.0029531042091548443	0.9957493543624878	0.001297532580792904
31	0.9959073066711426	0.003229536348953843	0.0008631328237242997	0.10324007272720337	0.8943289518356323	0.002430964959785342
32	0.9919494390487671	0.006653693970292807	0.001396843115799129	0.19477371871471405	0.2580127716064453	0.5472134947776794
33	0.9960046410560608	0.003754890523850918	0.0002405207051197067	0.0028931202832609415	0.9963808655738831	0.0007260669372044504
34	0.9976844787597656	0.002082518069073558	0.00023300619795918465	0.004605784546583891	0.9948476552963257	0.0005466133006848395
35	0.9974391460418701	0.0019053785363212228	0.0006554669234901667	0.036247219890356064	0.9607675075531006	0.0029853431042283773
36	0.9948923587799072	0.004126736894249916	0.0009808882605284452	0.003889707615599036	0.9948055148124695	0.001304708537645638
37	0.9963962435722351	0.003225404769182205	0.0003783460706472397	0.7634715437889099	0.23598457872867584	0.0005438317894004285
38	0.8787206411361694	0.1098279058933258	0.01145146694034338	0.005586464423686266	0.9926445484161377	0.0017688992666080594
39	0.9868729710578918	0.010985455475747585	0.0021415776573121548	0.08183262497186661	0.8575997948646545	0.06056768447160721
40	0.9864111542701721	0.008780641481280327	0.004808277823030949	0.3112148642539978	0.4589735269546509	0.22981159389019012
41	0.9879872798919678	0.01145086158066988	0.0005618126597255468	0.0016684121219441295	0.9978742599487305	0.0004574409977067262
42	0.9541819095611572	0.03201132267713547	0.013806776143610477	0.00659628352150321	0.9921166300773621	0.0012871589278802276
43	0.997379720211029	0.002309921896085143	0.0003103746857959777	0.00890376791357994	0.9905197620391846	0.0005764730158261955
44	0.995276927947998	0.00384227535687387	0.0008808132843114436	0.9690096378326416	0.025132374837994576	0.005857978481799364
45	0.6421274542808533	0.024839378893375397	0.33303317427635193	0.9399203658103943	0.03895356133580208	0.021126054227352142
46	0.9975784420967102	0.0022163165267556906	0.00020522357954178005	0.028820907697081566	0.9703049063682556	0.0008742284262552857
47	0.9958128333091736	0.003876443486660719	0.00031074145226739347	0.9620445370674133	0.03770878538489342	0.0002467196900397539
48	0.993640124797821	0.006122158374637365	0.0002377234777668491	0.000519603316206485	0.9990255832672119	0.000454803928732872
49	0.9971538782119751	0.0025976947508752346	0.0002483758726157248	0.00033284275559708476	0.9989979863166809	0.0006691780872642994
50	0.4264094829559326	0.010614127852022648	0.5629763603210449	0.9507631659507751	0.03951790928840637	0.009718888439238071
51	0.9653961658477783	0.015440394170582294	0.019163519144058228	0.6526084542274475	0.3418155610561371	0.005576064810156822
52	0.9973675608634949	0.002235634019598365	0.00039680348709225655	0.023693228140473366	0.9730609059333801	0.003245843108743429
53	0.9967066645622253	0.0029636055696755648	0.00032973085762932897	0.994536817073822	0.005148779600858688	0.00031440783641301095
54	0.9947041869163513	0.004907025024294853	0.0003887327329721302	0.01766257919371128	0.9820515513420105	0.0002858724619727582
55	0.9866674542427063	0.01232169196009636	0.001010879292152822	0.000966124702244997	0.9977092742919922	0.0013245758600533009
56	0.9923644065856934	0.006663674023002386	0.0009719598456285894	0.0017515935469418764	0.9978038668632507	0.0004445538215804845
57	0.994746208190918	0.004847303032875061	0.0004065592947881669	0.00482072914019227	0.9943817257881165	0.0007974889595061541
58	0.9975124597549438	0.0022750808857381344	0.0002124265010934323	0.019259057939052582	0.980244517326355	0.0004963697283528745
59	0.20558522641658783	0.7595921754837036	0.03482260927557945	0.0015931286616250873	0.913299560546875	0.08510728180408478
60	0.9950554370880127	0.004390457179397345	0.0005541236023418605	0.8773741126060486	0.11951714754104614	0.003108746139332652
61	0.9963321089744568	0.0032406405080109835	0.0004272188525646925	0.030080093070864677	0.965593159198761	0.004326833412051201
62	0.9812495112419128	0.01087081991136074	0.007879607379436493	0.35564157366752625	0.46316349506378174	0.18119488656520844
63	0.9694924354553223	0.014572866261005402	0.01593472994863987	0.002648633671924472	0.9703357815742493	0.02701551467180252
64	0.9931632280349731	0.006139817181974649	0.0006969918613322079	0.02122495509684086	0.9782984852790833	0.0004766911151818931
65	0.9952608942985535	0.004183907527476549	0.0005552585353143513	0.16425298154354095	0.8258461952209473	0.009900806471705437
66	0.9620741009712219	0.022758200764656067	0.015167736448347569	0.5221623182296753	0.4640192985534668	0.013818408362567425
67	0.907652735710144	0.03274938836693764	0.05959795415401459	0.0029356824234128	0.995800793170929	0.0012634844752028584
68	0.004773321095854044	0.9898766875267029	0.0053499797359108925	0.0017797210020944476	0.9976007342338562	0.0006195970927365124
69	0.9928693175315857	0.005862642545253038	0.0012680552899837494	0.030020590871572495	0.9685716032981873	0.001407862757332623
70	0.9815840125083923	0.01448998786509037	0.0039259931072592735	0.03478999435901642	0.9630913138389587	0.0021187118254601955
71	0.9695976376533508	0.023204496130347252	0.007197786588221788	0.004267711658030748	0.05350923165678978	0.9422231316566467
72	0.9936157464981079	0.0044573531486094	0.001926893601194024	0.008947810158133507	0.9904172420501709	0.0006349798641167581
73	0.9967336654663086	0.0028982958756387234	0.0003680753579828888	0.00296986335888505	0.9965406060218811	0.0004894522717222571
74	0.9954299926757812	0.004097122699022293	0.0004728393105324358	0.9260167479515076	0.07320430874824524	0.0007788963848724961
75	0.9957970380783081	0.003898554015904665	0.00030442685238085687	0.010303104296326637	0.9885100722312927	0.0011868819128721952
76	0.9769449234008789	0.005076672416180372	0.01797834038734436	0.0014973540091887116	0.9970963001251221	0.0014063736889511347
77	0.9912745356559753	0.007429915945976973	0.0012955853017047048	0.9276075959205627	0.07086558640003204	0.0015268122078850865
78	0.9030343890190125	0.045311518013477325	0.051654115319252014	0.6817018985748291	0.3118557929992676	0.006442259065806866
79	0.9635797142982483	0.006028803065419197	0.030391458421945572	0.4055102467536926	0.5923335552215576	0.00215620594099164
80	0.9842662811279297	0.012806321494281292	0.0029274066910147667	0.02196388691663742	0.9752131700515747	0.002823029877617955
81	0.9966378211975098	0.0029318707529455423	0.0004303412279114127	0.006877496372908354	0.9919233918190002	0.0011991271749138832
82	0.989391028881073	0.006352054886519909	0.00425691669806838	0.0011728535173460841	0.9978491067886353	0.0009780819527804852
83	0.011346213519573212	0.9515092968940735	0.0371445007622242	0.0020164423622190952	0.9951109290122986	0.0028727177996188402
84	0.9924697279930115	0.006810535676777363	0.0007197249797172844	0.009427282027900219	0.9899404644966125	0.0006322595872916281
85	0.9970043301582336	0.0028224701527506113	0.0001731956290313974	0.988416850566864	0.011397446505725384	0.0001856748858699575
86	0.9967278242111206	0.0029841752257198095	0.0002880084211938083	0.04580473154783249	0.9535830616950989	0.0006122655468061566
87	0.9952463507652283	0.004338912200182676	0.00041477454942651093	0.01140632200986147	0.9866399168968201	0.001953691244125366
88	0.9949507713317871	0.004380898550152779	0.0006683918181806803	0.0004897296894341707	0.9987785220146179	0.00073181715561077
89	0.40401026606559753	0.08016417175531387	0.5158255696296692	0.1348956972360611	0.5827106237411499	0.2823936641216278
90	0.9864739179611206	0.011407769285142422	0.002118373289704323	0.14151033759117126	0.8555623888969421	0.002927197841927409
91	0.8945065140724182	0.10445782542228699	0.0010355997364968061	0.046651750802993774	0.9523459672927856	0.0010023489594459534
92	0.8378041386604309	0.043658506125211716	0.11853734403848648	0.002092886483296752	0.9951502680778503	0.002756846370175481
93	0.44115087389945984	0.05961772799491882	0.4992314577102661	0.0028452007099986076	0.9689013957977295	0.028253447264432907
94	0.9958719611167908	0.0033769572619348764	0.0007510689320042729	0.0004450272535905242	0.9985312223434448	0.0010236656526103616
95	0.9972698092460632	0.0024308280553668737	0.0002993917150888592	0.00836777500808239	0.9911751747131348	0.0004569931188598275
96	0.9970968961715698	0.0024760845117270947	0.00042707528336904943	0.1532590687274933	0.8455614447593689	0.0011794489109888673
97	0.9949710369110107	0.004726262763142586	0.0003026965132448822	0.14950744807720184	0.8499031662940979	0.0005893580382689834
98	0.9236040711402893	0.058285944163799286	0.018109995871782303	0.02677244134247303	0.9456107020378113	0.027616851031780243
99	0.9909245371818542	0.00801624171435833	0.0010592100443318486	0.043702710419893265	0.9548916816711426	0.0014056265354156494
100	0.9973008036613464	0.0024107671342790127	0.00028847012436017394	0.0005682295886799693	0.9988202452659607	0.0006115330033935606
101	0.9969334602355957	0.002773368963971734	0.0002931402123067528	0.25279247760772705	0.7463234066963196	0.000884063309058547
102	0.9888128638267517	0.009228856302797794	0.0019582125823944807	0.005956517066806555	0.9929379820823669	0.0011055804789066315
103	0.9956673383712769	0.003981761168688536	0.00035092703183181584	0.2744140923023224	0.7242456078529358	0.001340282498858869
104	0.9743406176567078	0.02490292303264141	0.0007564548286609352	0.7830039858818054	0.2117273062467575	0.005268692038953304
105	0.9224454164505005	0.032620158046483994	0.044934410601854324	0.9467230439186096	0.04310336336493492	0.010173558257520199
106	0.9639074802398682	0.03355417028069496	0.0025384051259607077	0.003775722114369273	0.994958221912384	0.0012659671483561397
107	0.9852209687232971	0.012491203844547272	0.002287832787260413	0.0003848868072964251	0.9765243530273438	0.023090781643986702
108	0.9976964592933655	0.002046030480414629	0.0002575381950009614	0.2272641658782959	0.7715646028518677	0.0011711433762684464
109	0.9677208662033081	0.023806950077414513	0.008472224697470665	0.20439116656780243	0.7937770485877991	0.00183174479752779
110	0.9929781556129456	0.005627050064504147	0.001394810969941318	0.007855601608753204	0.985136091709137	0.007008291315287352
111	0.9835416674613953	0.011167840100824833	0.005290524568408728	0.8071382641792297	0.19112731516361237	0.0017344028456136584
112	0.9800950288772583	0.010675785131752491	0.009229179471731186	0.001956675434485078	0.9970550537109375	0.0009882900631055236
113	0.9954902529716492	0.0039297654293477535	0.0005799517384730279	0.0004128428117837757	0.9991588592529297	0.00042834310443140566
114	0.9896676540374756	0.008096970617771149	0.002235393738374114	0.0018057988490909338	0.9964359998703003	0.0017582043074071407
115	0.6146613359451294	0.21451669931411743	0.17082194983959198	0.026217645034193993	0.9723516702651978	0.0014307200908660889
116	0.9953837990760803	0.004155334550887346	0.0004608677700161934	0.6510396599769592	0.34761568903923035	0.001344627933576703
117	0.9928737878799438	0.0049215517938137054	0.0022046056110411882	0.552156925201416	0.44143784046173096	0.006405147258192301
118	0.9969452023506165	0.0027900112327188253	0.0002647347573656589	0.0012805397855117917	0.998141884803772	0.0005775143508799374
119	0.9964653253555298	0.0027185564395040274	0.0008161492878571153	0.00467513594776392	0.9947870969772339	0.0005378408823162317
120	0.9835364818572998	0.01431567408144474	0.0021478445269167423	0.04103213548660278	0.9564434885978699	0.0025244979187846184
121	0.9902337789535522	0.00948935467749834	0.0002768360136542469	0.0021290478762239218	0.9975131750106812	0.00035785158979706466
122	0.9944204688072205	0.00507779885083437	0.000501687522046268	0.004503592848777771	0.9943913817405701	0.0011050024768337607
123	0.9625118970870972	0.02049127221107483	0.016996823251247406	0.6542996168136597	0.30446773767471313	0.04123261943459511
124	0.9850992560386658	0.010450306348502636	0.004450468346476555	0.0012806274462491274	0.9983181953430176	0.0004012303543277085
125	0.9273384213447571	0.03204965591430664	0.04061191529035568	0.0005546804168261588	0.9986166954040527	0.0008286290685646236
126	0.9968811273574829	0.0026515056379139423	0.00046736421063542366	0.017484938725829124	0.9818016886711121	0.0007133888429962099
127	0.9253222942352295	0.042414527386426926	0.03226320073008537	0.06633616238832474	0.9322044849395752	0.0014593662926927209
128	0.05666163191199303	0.8466122150421143	0.09672612696886063	0.0017085192957893014	0.9977549910545349	0.0005365609540604055
129	0.9895229935646057	0.00957641750574112	0.0009005615138448775	0.013945294544100761	0.9853276014328003	0.0007270884234458208
130	0.9910613894462585	0.00846158992499113	0.00047707167686894536	0.0008698530145920813	0.9978665709495544	0.001263712765648961
131	0.9950118064880371	0.0039174919947981834	0.0010707166511565447	0.008404653519392014	0.9907670021057129	0.0008284702780656517
132	0.8596128225326538	0.13775765895843506	0.0026295408606529236	0.9682135581970215	0.030841318890452385	0.0009450999787077308
133	0.9217743873596191	0.05907609313726425	0.019149545580148697	0.9816499352455139	0.01795155741274357	0.0003984768991358578
134	0.9949324727058411	0.004490317311137915	0.0005771556170657277	0.004232597537338734	0.9954307079315186	0.0003366910677868873
135	0.9800693988800049	0.012342437170445919	0.007588133215904236	0.0026781114283949137	0.9705386161804199	0.026783185079693794
136	0.9950020909309387	0.004679043777287006	0.0003188448608852923	0.001030918676406145	0.9983344674110413	0.0006347115850076079
137	0.9894715547561646	0.009491278789937496	0.0010371633106842637	0.26286470890045166	0.7362834811210632	0.0008518540998920798
138	0.9947891235351562	0.00386344688013196	0.0013473853468894958	0.4183783531188965	0.576919674873352	0.0047019971534609795
139	0.9962298274040222	0.0031210884917527437	0.0006490146624855697	0.11383198946714401	0.8852230310440063	0.0009449588833376765
140	0.9923604130744934	0.007108971010893583	0.0005306823295541108	0.0012157601304352283	0.9980700612068176	0.0007142383838072419
141	0.9949650168418884	0.0040014805272221565	0.0010334455873817205	0.009082615375518799	0.9871269464492798	0.003790362738072872
142	0.9950160384178162	0.004472346045076847	0.0005116296233609319	0.9738108515739441	0.02587222121655941	0.00031691425829194486
143	0.9963724613189697	0.002530736615881324	0.0010967922862619162	0.03223505988717079	0.966813325881958	0.0009516122518107295
144	0.9799501895904541	0.01517180260270834	0.004878042731434107	0.0030737523920834064	0.9913370609283447	0.0055891843512654305
145	0.876941978931427	0.034161295741796494	0.0888967514038086	0.13302843272686005	0.7276226282119751	0.13934892416000366
146	0.6840391159057617	0.048609595745801926	0.2673512399196625	0.0696481466293335	0.6044353246688843	0.3259165287017822
147	0.991450846195221	0.006631568539887667	0.0019176199566572905	0.0007830256945453584	0.998264491558075	0.0009525419445708394
148	0.9953370094299316	0.004396925214678049	0.0002660593017935753	0.9259452819824219	0.07380452752113342	0.0002501792914699763
149	0.9931161999702454	0.00638319319114089	0.0005006210994906723	0.2149774134159088	0.1911655068397522	0.5938571095466614
150	0.9957977533340454	0.003628864185884595	0.0005734284641221166	0.015093687921762466	0.9833042621612549	0.001602061791345477
151	0.8257195353507996	0.03969914838671684	0.13458126783370972	0.002525296760722995	0.9652538299560547	0.03222094103693962
152	0.7601748108863831	0.2379075288772583	0.0019176250789314508	0.010744775645434856	0.9884132742881775	0.0008420450030826032
153	0.9975095987319946	0.0021268343552947044	0.00036355460179038346	0.0005637549329549074	0.9987123012542725	0.0007240058621391654
154	0.9945365190505981	0.004731925204396248	0.0007315317634493113	0.021121233701705933	0.9769680500030518	0.0019106899853795767
155	0.9969377517700195	0.002892707474529743	0.00016957057232502848	0.6132968664169312	0.3861977159976959	0.00050546252168715
156	0.9933204650878906	0.006139316130429506	0.0005402413080446422	0.4562225043773651	0.5427167415618896	0.0010606878204271197
157	0.9707820415496826	0.013436314649879932	0.015781650319695473	0.005063238553702831	0.9331778287887573	0.06175893917679787
158	0.9974270462989807	0.002228457247838378	0.00034444965422153473	0.11748617887496948	0.88149493932724	0.0010189117165282369
159	0.9939653277397156	0.005037660710513592	0.0009970759274438024	0.014851289801299572	0.9844101667404175	0.000738522328902036
160	0.9431740641593933	0.019035212695598602	0.037790749222040176	0.001487410394474864	0.9308336973190308	0.06767896562814713
161	0.9934087991714478	0.0061242422088980675	0.0004669582122005522	0.000644352869130671	0.9969356060028076	0.00242004101164639
162	0.9957340359687805	0.0037946277298033237	0.00047136377543210983	0.0008789122221060097	0.9987859129905701	0.00033518255804665387
163	0.909403383731842	0.04523921385407448	0.045357346534729004	0.0015881846193224192	0.9519344568252563	0.04647741839289665
164	0.9957555532455444	0.003851144341751933	0.00039334731991402805	0.4404136836528778	0.5554836988449097	0.004102644976228476
165	0.9941650032997131	0.0037147123366594315	0.0021202692296355963	0.007236360106617212	0.9211246967315674	0.07163889706134796
166	0.9901394248008728	0.007402750197798014	0.002457816619426012	0.010663585737347603	0.9873601794242859	0.0019762669689953327
167	0.995873749256134	0.0036968709900975227	0.0004293417150620371	0.24783413112163544	0.7474167346954346	0.004749055486172438
168	0.9954169988632202	0.004240678623318672	0.0003423278103582561	0.004832745995372534	0.9947099685668945	0.0004572306352201849
169	0.9928827285766602	0.0058658793568611145	0.0012513869442045689	0.015939757227897644	0.9820101857185364	0.0020500340033322573
170	0.9951233267784119	0.004664914216846228	0.00021173307322897017	0.02801932394504547	0.9713327288627625	0.0006480008014477789
171	0.9971814155578613	0.0024796940851956606	0.00033885915763676167	0.04279007762670517	0.9568600058555603	0.00034991101711057127
172	0.9959607720375061	0.0037118750624358654	0.00032737053697928786	0.6588988900184631	0.34036785364151	0.0007332442328333855
173	0.9698382019996643	0.029161013662815094	0.0010007385862991214	0.014363438822329044	0.9839913845062256	0.001645136857405305
174	0.7413659691810608	0.036256901919841766	0.22237715125083923	0.9123741388320923	0.08548353612422943	0.0021423213183879852
175	0.9963935017585754	0.003207616740837693	0.00039886991726234555	0.1309729814529419	0.8679105639457703	0.001116501516662538
176	0.9946306943893433	0.004722503945231438	0.0006467368802987039	0.009424474090337753	0.9876006841659546	0.002974854549393058
177	0.9831622838973999	0.01435072161257267	0.0024869830813258886	0.07848533987998962	0.9155628085136414	0.005951859522610903
178	0.9959867596626282	0.0036532958038151264	0.00035995201324112713	0.9533007144927979	0.04563990980386734	0.0010592930484563112
179	0.025749286636710167	0.0059344032779335976	0.968316376209259	0.0007496613543480635	0.05034061521291733	0.9489097595214844
180	0.9439577460289001	0.03494716435670853	0.02109512872993946	0.009204588830471039	0.9886338710784912	0.0021615680307149887
181	0.9954097867012024	0.004225495271384716	0.00036469788756221533	0.002179326256737113	0.9974459409713745	0.0003747659793589264
182	0.9968781471252441	0.002915952354669571	0.00020587629114743322	0.00029175530653446913	0.9980182647705078	0.00169003801420331
183	0.9913948178291321	0.007327703293412924	0.0012774203205481172	0.3597237467765808	0.6388583183288574	0.001417880761437118
184	0.9966052770614624	0.003143245354294777	0.0002515136729925871	0.8665779232978821	0.13312584161758423	0.00029615979292429984
185	0.9976096153259277	0.0021584739442914724	0.000231857382459566	0.01207250077277422	0.9874760508537292	0.0004514684551395476
186	0.9935708045959473	0.005931937135756016	0.0004972204333171248	0.40445059537887573	0.5948959589004517	0.000653344439342618
187	0.9934170246124268	0.005804729647934437	0.0007782942848280072	0.0008697826415300369	0.9979096055030823	0.0012205102248117328
188	0.9962220191955566	0.003483107080683112	0.00029489901498891413	0.9874590635299683	0.012254764325916767	0.00028619379736483097
189	0.9797388315200806	0.01944710500538349	0.0008141369908116758	0.0007289424538612366	0.9980648159980774	0.0012062363093718886
190	0.9952367544174194	0.004489523358643055	0.0002737400645855814	0.027330545708537102	0.9718375205993652	0.000831925543025136
191	0.5396896004676819	0.44846656918525696	0.01184378657490015	0.05448666214942932	0.9419960975646973	0.003517331089824438
192	0.9963828325271606	0.0033507600892335176	0.00026644504396244884	0.0014878965448588133	0.9975342750549316	0.0009778395760804415
193	0.9542723298072815	0.041649430990219116	0.00407825130969286	0.0006113407434895635	0.9985848665237427	0.0008037816151045263
194	0.9963690042495728	0.0030729949939996004	0.0005580199649557471	0.0015934121329337358	0.9980024695396423	0.0004041639913339168
195	0.994864284992218	0.004636990372091532	0.0004987631109543145	0.1446572244167328	0.8545302152633667	0.0008124793530441821
196	0.9954987168312073	0.00410779332742095	0.00039346455014310777	0.23344378173351288	0.764528751373291	0.0020274315029382706
197	0.9178690314292908	0.0524199903011322	0.029710939154028893	0.0013358504511415958	0.9977649450302124	0.00089925283100456
198	0.9923779964447021	0.006219708360731602	0.0014022720279172063	0.2703670859336853	0.728183388710022	0.001449477393180132
199	0.9911707639694214	0.00843083020299673	0.0003984373470302671	0.23410984873771667	0.7651271224021912	0.0007630434120073915
