0	0.9968500733375549	0.002970245899632573	0.0001796734140953049	0.9977789521217346	0.0020828505512326956	0.0001382367336191237
1	0.9966031312942505	0.0032035126350820065	0.0001933299790835008	0.9958603978157043	0.003882757853716612	0.00025686403387226164
2	0.9905546307563782	0.008274747058749199	0.0011706515215337276	0.9936416745185852	0.005761200096458197	0.0005971785285510123
3	0.9965543746948242	0.003217407502233982	0.0002281836059410125	0.9954785704612732	0.004269216675311327	0.00025223978445865214
4	0.9973867535591125	0.0023929360322654247	0.00022031339176464826	0.9972444772720337	0.0025339287240058184	0.00022158448700793087
5	0.9821709394454956	0.01708885096013546	0.0007402634364552796	0.9947226047515869	0.004985264036804438	0.000292163691483438
6	0.9942427277565002	0.005574513226747513	0.00018278969218954444	0.9906628131866455	0.009067566134035587	0.0002696117735467851
7	0.9948813915252686	0.004673722665756941	0.00044488476123660803	0.994792640209198	0.004691634327173233	0.0005156913539394736
8	0.997969925403595	0.0018124341731891036	0.00021766338613815606	0.997945249080658	0.0018814262002706528	0.00017327889509033412
9	0.0009832666255533695	0.9981953501701355	0.0008213832043111324	0.9780108332633972	0.02178061008453369	0.00020855235925409943
10	0.9961685538291931	0.003533155657351017	0.0002983235754072666	0.9963879585266113	0.0033225854858756065	0.0002895184443332255
11	0.27659323811531067	0.7214521169662476	0.001954704523086548	0.995017945766449	0.004569347016513348	0.0004126984567847103
12	0.9974218606948853	0.002351559465751052	0.00022658052330370992	0.9964691400527954	0.0033167933579534292	0.00021405269217211753
13	0.9948981404304504	0.004742526914924383	0.00035936711356043816	0.994512677192688	0.0050837695598602295	0.0004036088939756155
14	0.9970695972442627	0.0027698965277522802	0.00016049057012423873	0.9970699548721313	0.0027480863500386477	0.000181974217412062
15	0.9937165379524231	0.0060305302031338215	0.0002529806806705892	0.9947742819786072	0.004972632974386215	0.0002530828642193228
16	0.9955750703811646	0.0039051540661603212	0.0005197421414777637	0.9938982725143433	0.0054290262050926685	0.0006727267755195498
17	0.9974665641784668	0.002311966847628355	0.000221461639739573	0.9971523284912109	0.0026626114267855883	0.00018506277410779148
18	0.9795420169830322	0.020012974739074707	0.0004449474799912423	0.9953162670135498	0.004422509577125311	0.0002612506505101919
19	0.9610558748245239	0.037587907165288925	0.001356205204501748	0.9590632915496826	0.0389944389462471	0.0019422771874815226
20	0.005045370664447546	0.9944091439247131	0.0005454045603983104	0.9970555305480957	0.00273892586119473	0.0002055442746495828
21	0.9955484867095947	0.0040429504588246346	0.0004085823893547058	0.9112398624420166	0.08648618310689926	0.002273938385769725
22	0.9948252439498901	0.004773230291903019	0.000401570025132969	0.9927874207496643	0.00677118357270956	0.0004413955903146416
23	0.9969164133071899	0.0028401007875800133	0.0002434799389448017	0.9952040910720825	0.0045346906408667564	0.0002612578100524843
24	0.9976503252983093	0.002193566644564271	0.00015615603479091078	0.9979938268661499	0.001869788859039545	0.00013637107622344047
25	0.995478093624115	0.004135699011385441	0.00038625753950327635	0.9937673807144165	0.0058389571495354176	0.0003936437133233994
26	0.9974084496498108	0.0023367218673229218	0.000254849495831877	0.997312068939209	0.0022915436420589685	0.00039641925832256675
27	0.9960469603538513	0.0037119006738066673	0.00024108760408125818	0.9968984127044678	0.002873606514185667	0.00022802413150202483
28	0.9946656227111816	0.0051529197953641415	0.0001814310235204175	0.9920239448547363	0.007835417054593563	0.00014058469969313592
29	0.18486201763153076	0.7899278402328491	0.02521015889942646	0.38387036323547363	0.6090566515922546	0.007072987034916878
30	0.9955915212631226	0.00421940628439188	0.0001890818093670532	0.9961881041526794	0.00360629940405488	0.0002055919758277014
31	0.9948208332061768	0.0046758586540818214	0.0005032794433645904	0.9960131645202637	0.003644471988081932	0.00034238636726513505
32	0.9948352575302124	0.004761564079672098	0.00040312926284968853	0.9965299963951111	0.0032387503888458014	0.0002312224532943219
33	0.9941319823265076	0.00562156131491065	0.0002464576973579824	0.003259332152083516	0.9928810596466064	0.003859621938318014
34	0.9974187612533569	0.002401727018877864	0.00017950625624507666	0.06808244436979294	0.9290160536766052	0.002901453524827957
35	0.997226893901825	0.002584830392152071	0.00018827730673365295	0.9967054724693298	0.003079341957345605	0.00021518839639611542
36	0.9939634203910828	0.005781589075922966	0.00025503887445665896	0.9917328357696533	0.007951602339744568	0.00031558345654048026
37	0.9956822395324707	0.004108051303774118	0.0002097483811667189	0.9968429803848267	0.0029735153075307608	0.00018346360593568534
38	0.8007610440254211	0.19715498387813568	0.0020839315839111805	0.9924095869064331	0.007130168378353119	0.0004602427943609655
39	0.9857940077781677	0.011800647713243961	0.002405367558822036	0.9092962741851807	0.08527817577123642	0.005425561219453812
40	0.9929678440093994	0.006424776744097471	0.0006073703407309949	0.9914576411247253	0.007768059149384499	0.0007743221940472722
41	0.9938650727272034	0.0059993029572069645	0.00013559051149059087	0.9956270456314087	0.004241000860929489	0.00013196468353271484
42	0.9935321807861328	0.006180761847645044	0.0002869815216399729	0.9954067468643188	0.004274267703294754	0.0003189921844750643
43	0.996425211429596	0.0033281375654041767	0.0002466100559104234	0.9952459931373596	0.004553135950118303	0.00020086772565264255
44	0.993857204914093	0.005758513696491718	0.00038423985824920237	0.9939454197883606	0.005651783663779497	0.00040286625153385103
45	0.7233734726905823	0.02500523254275322	0.2516212463378906	0.9157825708389282	0.03215046226978302	0.05206691473722458
46	0.9969583749771118	0.0028238086961209774	0.00021782153635285795	0.9963273406028748	0.003455993952229619	0.00021668306726496667
47	0.9973211884498596	0.0024604343343526125	0.00021843990543857217	0.9972585439682007	0.0025252194609493017	0.00021625543013215065
48	0.9930642247200012	0.006692206487059593	0.00024357502115890384	0.0013939682394266129	0.9982181191444397	0.0003879750438500196
49	0.9976175427436829	0.0022099206689745188	0.00017248332733288407	0.9973938465118408	0.0024225011002272367	0.00018366251606494188
50	0.997697651386261	0.0018143121851608157	0.0004880214692093432	0.9971396923065186	0.0022815405391156673	0.0005788367125205696
51	0.993736982345581	0.005997631698846817	0.0002654097625054419	0.9935548901557922	0.00618329644203186	0.0002617298741824925
52	0.997175931930542	0.002595983911305666	0.00022811806411482394	0.9971653819084167	0.002574277576059103	0.0002602798631414771
53	0.9961627721786499	0.003559202654287219	0.00027805380523204803	0.9970791339874268	0.002657995093613863	0.00026293168775737286
54	0.9934653639793396	0.006326359696686268	0.00020827788102906197	0.9972654581069946	0.002543966518715024	0.00019053801952395588
55	0.9913971424102783	0.008347954601049423	0.00025491637643426657	0.9937490224838257	0.005964077543467283	0.0002869483723770827
56	0.9964529275894165	0.003251100890338421	0.0002959569392260164	0.1250540167093277	0.872947096824646	0.0019988445565104485
57	0.9971713423728943	0.0026073679327964783	0.00022128064301796257	0.9974932670593262	0.002319963416084647	0.00018676582840271294
58	0.997582197189331	0.002266114577651024	0.00015170281403698027	0.9975085258483887	0.0023531895130872726	0.00013820533058606088
59	0.06758273392915726	0.9311959743499756	0.001221345504745841	0.9862824082374573	0.013120359741151333	0.0005972416838631034
60	0.9943390488624573	0.005289866589009762	0.0003710453165695071	0.9972440004348755	0.002567082643508911	0.00018887726764660329
61	0.9960361123085022	0.003619065973907709	0.0003448995412327349	0.011636799201369286	0.9830374121665955	0.005325774196535349
62	0.9953172206878662	0.004258851520717144	0.0004239299159962684	0.9942392110824585	0.005297006107866764	0.0004637459060177207
63	0.994806706905365	0.004588742274791002	0.0006045589107088745	0.9934834837913513	0.004974070470780134	0.0015424271114170551
64	0.9921574592590332	0.007628667633980513	0.0002139000571332872	0.9952346682548523	0.004557120148092508	0.0002081793500110507
65	0.996259331703186	0.0035143906716257334	0.0002262680936837569	0.9961075186729431	0.003623431781306863	0.0002689861867111176
66	0.9957470297813416	0.004031652584671974	0.00022129945864435285	0.9946205615997314	0.00520152784883976	0.00017789273988455534
67	0.9728253483772278	0.019712751731276512	0.007461852394044399	0.9895787835121155	0.009971803054213524	0.0004493801388889551
68	0.0033134298864752054	0.9943272471427917	0.0023593364749103785	0.9954083561897278	0.004140002187341452	0.0004516792541835457
69	0.9660224914550781	0.03002866357564926	0.003948850557208061	0.9958206415176392	0.0035749899689108133	0.0006043209577910602
70	0.9973540306091309	0.002435495611280203	0.00021044928871560842	0.9971721768379211	0.0025793672539293766	0.0002484690339770168
71	0.8037063479423523	0.056686848402023315	0.1396067589521408	0.648882269859314	0.2227826565504074	0.12833504378795624
72	0.9973747730255127	0.0024386642035096884	0.0001865729282144457	0.9974229335784912	0.0024045994505286217	0.00017244803893845528
73	0.9973589777946472	0.0024614252615720034	0.00017956449300982058	0.9968771934509277	0.0029549102764576674	0.00016789806250017136
74	0.9941410422325134	0.005530478898435831	0.00032843733788467944	0.9935795068740845	0.006018208339810371	0.00040227171848528087
75	0.9949147701263428	0.004761951509863138	0.00032325557549484074	0.994866132736206	0.004813480656594038	0.00032034891773946583
76	0.9963451027870178	0.0029618071857839823	0.0006931036477908492	0.9960461258888245	0.003085097763687372	0.0008687787922099233
77	0.9969520568847656	0.0028035317081958055	0.0002443735720589757	0.9970494508743286	0.0026982701383531094	0.0002522350987419486
78	0.9370175004005432	0.05608251318335533	0.006900019943714142	0.9827316403388977	0.015945330262184143	0.001323059550486505
79	0.08552013337612152	0.016373906284570694	0.8981059789657593	0.10776645690202713	0.014676068909466267	0.8775575160980225
80	0.9960136413574219	0.0035448044072836637	0.00044152734335511923	0.007047898136079311	0.9877045154571533	0.005247562658041716
81	0.9973931312561035	0.002412088681012392	0.00019482079369481653	0.9972877502441406	0.002494902117177844	0.00021739391377195716
82	0.9848243594169617	0.013797790743410587	0.0013778466964140534	0.9945653676986694	0.0047838096506893635	0.000650828005746007
83	0.009130765683948994	0.931877851486206	0.05899129807949066	0.9181361794471741	0.026096725836396217	0.05576711893081665
84	0.9963452219963074	0.003308246610686183	0.0003465158224571496	0.9967015385627747	0.0029314414132386446	0.00036695439484901726
85	0.9933744072914124	0.006457759067416191	0.00016781114391051233	0.9944503307342529	0.00540879275649786	0.00014095449296291918
86	0.9924505352973938	0.007367985788732767	0.0001814807328628376	0.9915253520011902	0.008300879038870335	0.00017379569180775434
87	0.9947667121887207	0.004964859690517187	0.00026840160717256367	0.9946887493133545	0.004964103456586599	0.00034715875517576933
88	0.9976100921630859	0.0021922641899436712	0.0001976475614355877	0.9976364374160767	0.0021750102750957012	0.00018861204443965107
89	0.997031569480896	0.0027664657682180405	0.00020199795835651457	0.9971852898597717	0.0026156092062592506	0.00019911689742002636
90	0.9792823195457458	0.019886940717697144	0.0008307177340611815	0.9916580319404602	0.007982137612998486	0.0003597928734961897
91	0.9732827544212341	0.026373008266091347	0.0003442871675360948	0.9900561571121216	0.009678526781499386	0.0002653378469403833
92	0.9960952401161194	0.003621811745688319	0.0002829126315191388	0.9955655932426453	0.004145103041082621	0.0002893057244364172
93	0.9778472185134888	0.021404866129159927	0.0007479264168068767	0.9854885935783386	0.011871236376464367	0.0026402168441563845
94	0.9979616403579712	0.0017917599761858582	0.00024665019009262323	0.9979848861694336	0.0017792894504964352	0.00023583279107697308
95	0.9970059990882874	0.0028291582129895687	0.00016482554201502353	0.9967818260192871	0.0030583557672798634	0.00015982575132511556
96	0.9964885711669922	0.0032980823889374733	0.00021334765187930316	0.9953931570053101	0.004411174450069666	0.0001956632040673867
97	0.9947710633277893	0.005060587078332901	0.0001683178124949336	0.9958623647689819	0.003978494554758072	0.0001591403124621138
98	0.8337634205818176	0.1201014369726181	0.046135179698467255	0.022046441212296486	0.6366913914680481	0.3412621021270752
99	0.9967633485794067	0.0029968218877911568	0.00023980095284059644	0.9969357252120972	0.0028486556839197874	0.0002155885740648955
100	0.9971352815628052	0.0026574693620204926	0.00020727234368678182	0.9972387552261353	0.002547569340094924	0.00021367223234847188
101	0.9978197813034058	0.001964088063687086	0.00021609420946333557	0.9977008700370789	0.001995580503717065	0.0003035565314348787
102	0.9965876340866089	0.0032120514661073685	0.00020031498570460826	0.9963662624359131	0.003409013617783785	0.00022474366414826363
103	0.9941934943199158	0.005593189038336277	0.00021337128418963403	0.9939263463020325	0.005868204403668642	0.00020551015040837228
104	0.9633849263191223	0.03636598587036133	0.0002490080369170755	0.9884306192398071	0.011208409443497658	0.0003609680279623717
105	0.995641827583313	0.004017764702439308	0.0003404066665098071	0.9959346055984497	0.003670154372230172	0.0003951827820856124
106	0.9125751256942749	0.08582717180252075	0.0015976930735632777	0.9929137229919434	0.0067533389665186405	0.0003329501487314701
107	0.9931672215461731	0.006592449266463518	0.00024040639982558787	0.9795283079147339	0.02011743187904358	0.0003542591875884682
108	0.997717022895813	0.0020434088073670864	0.00023954809876158834	0.9973543882369995	0.0024015274830162525	0.00024410063633695245
109	0.996320366859436	0.0034335176460444927	0.000246073876041919	0.9964208602905273	0.0033366051502525806	0.00024255052267108113
110	0.995810866355896	0.003943337593227625	0.00024578903685323894	0.9939608573913574	0.005816534627228975	0.00022268813336268067
111	0.992874026298523	0.006768197752535343	0.0003578215546440333	0.993837296962738	0.005799367558211088	0.0003632806765381247
112	0.9911890029907227	0.006004610564559698	0.00280634593218565	0.9922831654548645	0.007439125329256058	0.00027767656138166785
113	0.9958978295326233	0.003907325677573681	0.00019475854060146958	0.9891436696052551	0.010677358135581017	0.0001789975503925234
114	0.995094895362854	0.004428864922374487	0.00047623863792978227	0.995400607585907	0.004135266877710819	0.00046415170072577894
115	0.17959712445735931	0.49977752566337585	0.32062530517578125	0.6481590867042542	0.23286908864974976	0.11897177994251251
116	0.9928593635559082	0.006772707682102919	0.00036795559572055936	0.9944254159927368	0.005276885349303484	0.00029772205743938684
117	0.9967008233070374	0.0028073289431631565	0.0004918492049910128	0.9939926266670227	0.005640103947371244	0.00036730075953528285
118	0.9969978332519531	0.0028494675643742085	0.00015276869817171246	0.9961841702461243	0.0036680572666227818	0.00014777196338400245
119	0.9972820281982422	0.002464642282575369	0.0002532871440052986	0.9481409788131714	0.05141165852546692	0.00044736225390806794
120	0.9699571132659912	0.027696510776877403	0.002346427645534277	0.9920105934143066	0.007271844428032637	0.0007175615173764527
121	0.9957597851753235	0.00404660589993	0.00019361767044756562	0.9829318523406982	0.01676211878657341	0.00030601141043007374
122	0.996273398399353	0.003493423108011484	0.0002331642317585647	0.9967337846755981	0.003046731697395444	0.0002195321867475286
123	0.927513062953949	0.052064042538404465	0.020422862842679024	0.9775511622428894	0.021160567179322243	0.00128822005353868
124	0.9836668968200684	0.011988521553575993	0.004344632383435965	0.984701931476593	0.014301765710115433	0.0009962953627109528
125	0.08824104815721512	0.1556159406900406	0.7561430335044861	0.018791532143950462	0.3660823404788971	0.6151261329650879
126	0.9962269067764282	0.003520895028486848	0.0002522316062822938	0.9964196681976318	0.0031921572517603636	0.00038818566827103496
127	0.9932807087898254	0.006532660685479641	0.00018668858683668077	0.9940630793571472	0.005770367104560137	0.000166550453286618
128	0.03681677579879761	0.9324705004692078	0.03071269951760769	0.9717164039611816	0.022223683074116707	0.006059923674911261
129	0.9915133118629456	0.00826556608080864	0.00022116552281659096	0.992763102054596	0.007014506030827761	0.00022240557882469147
130	0.9872217774391174	0.012418212369084358	0.0003599705232772976	0.9900200366973877	0.009565861895680428	0.0004141291428823024
131	0.9966005682945251	0.0032072660978883505	0.00019224564312025905	0.997826874256134	0.0019793210085481405	0.00019383059407118708
132	0.7214041948318481	0.27505406737327576	0.003541679820045829	0.6677445769309998	0.31811535358428955	0.014140069484710693
133	0.9731625914573669	0.02615363895893097	0.0006837959517724812	0.9967957139015198	0.0029888132121413946	0.00021549909433815628
134	0.9966799020767212	0.003163562621921301	0.00015659739437978715	0.9965212345123291	0.003298155963420868	0.00018056733824778348
135	0.9888609051704407	0.00860954262316227	0.0025295494124293327	0.34916460514068604	0.09851720184087753	0.5523182153701782
136	0.9728894829750061	0.026812346652150154	0.00029816472670063376	0.9593268036842346	0.04040719196200371	0.0002659228921402246
137	0.9958628416061401	0.003974254708737135	0.0001629358739592135	0.9962074756622314	0.00362102291546762	0.00017143621516879648
138	0.9966973066329956	0.002856895560398698	0.00044587874435819685	0.9963485598564148	0.0030595550779253244	0.0005918716196902096
139	0.9971373081207275	0.002632339484989643	0.00023032228637021035	0.996483325958252	0.0033509444911032915	0.0001657138782320544
140	0.9977947473526001	0.0020028152503073215	0.00020242112805135548	0.9975503087043762	0.0022608947474509478	0.0001888234110083431
141	0.9959424138069153	0.00391542399302125	0.00014209809887688607	0.9970146417617798	0.0028067321982234716	0.00017860686057247221
142	0.9970089793205261	0.0028005412314087152	0.00019053024880122393	0.9968411922454834	0.002969245193526149	0.00018955110863316804
143	0.9973721504211426	0.0024134793784469366	0.0002144032478099689	0.9973471164703369	0.0024466062895953655	0.00020627881167456508
144	0.9960667490959167	0.0036725178360939026	0.0002607131318654865	0.9965618252754211	0.0032223109155893326	0.00021584278147201985
145	0.9972912669181824	0.0025711944326758385	0.00013745446631219238	0.9974600672721863	0.0023953928612172604	0.00014457423822022974
146	0.9977567791938782	0.001911034225486219	0.00033225869992747903	0.9978594183921814	0.0018416306702420115	0.00029892116435803473
147	0.9925898313522339	0.006683207117021084	0.0007268974441103637	0.8216401934623718	0.17688767611980438	0.0014721660409122705
148	0.9965713024139404	0.0032708721701055765	0.0001578687661094591	0.9969857335090637	0.002853977493941784	0.00016026388038881123
149	0.9806612730026245	0.019074488431215286	0.0002642054168973118	0.9958551526069641	0.003910390194505453	0.00023438254720531404
150	0.996069073677063	0.0036954456008970737	0.0002354406751692295	0.9957603812217712	0.003969367127865553	0.0002703186764847487
151	0.8691831231117249	0.0867474302649498	0.04406939074397087	0.7312390208244324	0.028703579679131508	0.24005737900733948
152	0.3168830871582031	0.6813697218894958	0.0017471889732405543	0.9831162095069885	0.016574840992689133	0.000308985443552956
153	0.9718015789985657	0.009966124780476093	0.018232230097055435	0.5581331253051758	0.07465813308954239	0.3672087490558624
154	0.9971216320991516	0.002657457021996379	0.00022086818353272974	0.9969136714935303	0.0028224531561136246	0.0002638160658534616
155	0.9968780279159546	0.0029722191393375397	0.00014974104124121368	0.9897140860557556	0.010142788290977478	0.00014313992869574577
156	0.9936332702636719	0.006058886647224426	0.00030782597605139017	0.9842405915260315	0.015306631103157997	0.0004527790879365057
157	0.988701343536377	0.00989342201501131	0.001405223156325519	0.9079771041870117	0.08961093425750732	0.002411999274045229
158	0.9971505999565125	0.002667756052687764	0.00018163504137191921	0.966352105140686	0.03152051195502281	0.002127319108694792
159	0.9953153133392334	0.004326432477682829	0.00035827691317535937	0.9943884015083313	0.005381344351917505	0.00023023779795039445
160	0.9434008598327637	0.05421280860900879	0.0023863716050982475	0.977935791015625	0.020198948681354523	0.0018652183935046196
161	0.9966567754745483	0.003123280592262745	0.00021991755056660622	0.9971170425415039	0.002651474205777049	0.00023148932086769491
162	0.9935696125030518	0.006023543421179056	0.00040683778934180737	0.9911648631095886	0.00854042824357748	0.00029471892048604786
163	0.9969068169593811	0.0029228602070361376	0.00017028627917170525	0.9967377781867981	0.0030860919505357742	0.00017606935580261052
164	0.9874498844146729	0.010815371759235859	0.0017347505781799555	0.979296863079071	0.01785285212099552	0.0028503157664090395
165	0.9974853992462158	0.0020737904123961926	0.00044081558007746935	0.9948145747184753	0.0046419971622526646	0.0005434370832517743
166	0.9970728158950806	0.0026442205999046564	0.0002829883305821568	0.9964843988418579	0.003176357364282012	0.0003392162034288049
167	0.7434324622154236	0.19118216633796692	0.0653853788971901	0.9418176412582397	0.032040078192949295	0.026142247021198273
168	0.9965428709983826	0.003283811965957284	0.00017324757936876267	0.9967190623283386	0.003113432787358761	0.00016748555935919285
169	0.9970083832740784	0.0028098064940422773	0.00018177495803683996	0.9966603517532349	0.0031544070225208998	0.00018527088104747236
170	0.9942353367805481	0.005604755599051714	0.00015991627878975123	0.9946962594985962	0.005151083692908287	0.0001526388805359602
171	0.9976390600204468	0.0021287205163389444	0.0002322437649127096	0.9974237680435181	0.0023367959074676037	0.00023948910529725254
172	0.9934499859809875	0.006342058070003986	0.0002080251433653757	0.9941844344139099	0.005604989361017942	0.00021065014880150557
173	0.9599362015724182	0.039755210280418396	0.0003085321222897619	0.9953355193138123	0.004526286851614714	0.00013819219020660967
174	0.9933102130889893	0.00642356975004077	0.0002662574115674943	0.9921948909759521	0.007518659811466932	0.0002864493289962411
175	0.9959446787834167	0.003760086139664054	0.0002952459908556193	0.9952849745750427	0.0044447374530136585	0.0002703401551116258
176	0.9971296191215515	0.002623598789796233	0.00024678721092641354	0.996767520904541	0.0029461930971592665	0.0002862910332623869
177	0.9558436274528503	0.034159205853939056	0.009997132234275341	0.01160368137061596	0.984836757183075	0.0035596108064055443
178	0.994788408279419	0.0049885232001543045	0.00022301918943412602	0.9953716397285461	0.004417164251208305	0.00021121288591530174
179	0.9931851029396057	0.006555455736815929	0.0002595043333712965	0.9917859435081482	0.007968193851411343	0.0002458296366967261
180	0.9952321648597717	0.004574964288622141	0.00019289893680252135	0.9953593611717224	0.0044389949180185795	0.00020168688206467777
181	0.995859682559967	0.0039889998733997345	0.0001512786402599886	0.9968230724334717	0.0030268148984760046	0.0001501100923633203
182	0.9975395202636719	0.0023131780326366425	0.00014729944814462215	0.9970220923423767	0.002851660130545497	0.00012623843213077635
183	0.9939430356025696	0.00562177412211895	0.00043518247548490763	0.23262563347816467	0.7665112614631653	0.0008631685050204396
184	0.9957116842269897	0.004083419684320688	0.00020489249436650425	0.9971833825111389	0.0026221892330795527	0.00019436102593317628
185	0.9968035221099854	0.0029930295422673225	0.00020344428776297718	0.9968423843383789	0.002957039512693882	0.0002006340801017359
186	0.9895039796829224	0.01003322284668684	0.0004628421738743782	0.99405437707901	0.005544910207390785	0.00040068928501568735
187	0.9848891496658325	0.014090189710259438	0.0010207098675891757	0.0009632286964915693	0.9981822967529297	0.0008544999873265624
188	0.9951933026313782	0.004508267156779766	0.0002983839076478034	0.9950036406517029	0.004353353753685951	0.000643046572804451
189	0.9957962036132812	0.0040559666231274605	0.00014783081132918596	0.9952817559242249	0.004508999176323414	0.00020926030992995948
190	0.9915899634361267	0.008126168511807919	0.00028387224301695824	0.9908816814422607	0.008842355571687222	0.00027593638515099883
191	0.05138865113258362	0.9471991658210754	0.0014122723368927836	0.9927800297737122	0.006054645404219627	0.001165270572528243
192	0.9961034059524536	0.0037227519787847996	0.0001739013532642275	0.9972109198570251	0.002632531337440014	0.00015653208538424224
193	0.9630494117736816	0.03640058636665344	0.0005499713588505983	0.9964635968208313	0.0032715715933591127	0.0002648083318490535
194	0.9968388080596924	0.002722409088164568	0.0004387299413792789	0.9969354867935181	0.0026709504891186953	0.0003936005523428321
195	0.9963546991348267	0.0034297772217541933	0.00021554266277235	0.981727123260498	0.017920272424817085	0.0003525927313603461
196	0.9965577721595764	0.0029191782232373953	0.0005229716771282256	0.9962628483772278	0.003281619865447283	0.0004555121995508671
197	0.6770387291908264	0.3155559003353119	0.00740537466481328	0.9506441950798035	0.04776466265320778	0.00159115728456527
198	0.9923334121704102	0.00735144829377532	0.000315104000037536	0.9818289279937744	0.017216257750988007	0.0009547805530019104
199	0.9968628883361816	0.0029918423388153315	0.00014528523024637252	0.9972116351127625	0.0026281257160007954	0.0001602677657501772
