0	0.02355640009045601	0.13397842645645142	0.8424652218818665	0.016413358971476555	0.04896920546889305	0.9346175193786621
1	0.015264858491718769	0.008119899779558182	0.9766151905059814	0.5828104615211487	0.06587215512990952	0.3513173460960388
2	0.8380891680717468	0.1571711301803589	0.004739671945571899	0.957265317440033	0.04177974909543991	0.0009548659436404705
3	0.014901583082973957	0.9817171096801758	0.0033812178298830986	0.9795453548431396	0.01999766379594803	0.00045693753054365516
4	0.3018183410167694	0.6662320494651794	0.031949643045663834	0.011851913295686245	0.9837681651115417	0.004379920661449432
5	0.03105608932673931	0.7872198820114136	0.18172404170036316	0.0028916930314153433	0.903121292591095	0.09398703277111053
6	0.07685038447380066	0.4272841215133667	0.4958655536174774	0.4808094799518585	0.4633283019065857	0.05586228147149086
7	0.026810036972165108	0.9709276556968689	0.0022623459808528423	0.9703273177146912	0.02923404984176159	0.00043859376455657184
8	0.7869444489479065	0.20790576934814453	0.005149776116013527	0.007454539183527231	0.9919140338897705	0.0006314173806458712
9	0.006617805454879999	0.042952172458171844	0.9504299759864807	0.17427030205726624	0.0743037685751915	0.7514258623123169
10	0.0343613475561142	0.9644842743873596	0.0011544019216671586	0.9727290272712708	0.024856505915522575	0.002414490794762969
11	0.6456800103187561	0.24965481460094452	0.10466518998146057	0.9855569005012512	0.013681693002581596	0.0007614598143845797
12	0.02540220133960247	0.9689119458198547	0.0056859152391552925	0.8781319856643677	0.11289427429437637	0.008973750285804272
13	0.171195849776268	0.504497230052948	0.32430699467658997	0.5161814093589783	0.36162373423576355	0.12219478189945221
14	0.8315994143486023	0.16484247148036957	0.0035580836702138186	0.616310179233551	0.3801344931125641	0.003555348375812173
15	0.004960137885063887	0.9914228320121765	0.003616999601945281	0.8431974649429321	0.15573281049728394	0.0010697756661102176
16	0.6868342161178589	0.30638670921325684	0.006779019720852375	0.8795560002326965	0.11892707645893097	0.0015169365797191858
17	0.3476962149143219	0.6173058152198792	0.03499791771173477	0.2481178641319275	0.6898698806762695	0.062012262642383575
18	0.027736295014619827	0.9534931778907776	0.018770577386021614	0.027768567204475403	0.9446876645088196	0.027543846517801285
19	0.014240686781704426	0.02089608460664749	0.9648632407188416	0.030000383034348488	0.06984993815422058	0.9001497626304626
20	0.5115532279014587	0.37392458319664	0.11452226340770721	0.141510009765625	0.8195536732673645	0.038936350494623184
21	0.0162461306899786	0.9829726219177246	0.0007812184630893171	0.7877687811851501	0.2114638388156891	0.0007673599757254124
22	0.019894296303391457	0.8758429884910583	0.10426264256238937	0.12727487087249756	0.27364668250083923	0.5990784168243408
23	0.03302542120218277	0.9642847180366516	0.0026899243239313364	0.5387511849403381	0.4580222964286804	0.0032264795154333115
24	0.2952004671096802	0.7012629508972168	0.003536532400175929	0.9933837056159973	0.006062373053282499	0.0005539522971957922
25	0.012272769585251808	0.9837049841880798	0.004022230859845877	0.3271893560886383	0.6676846146583557	0.005126049742102623
26	0.06799349188804626	0.06394276022911072	0.868063747882843	0.035491716116666794	0.05684966221451759	0.907658576965332
27	0.522773265838623	0.4341697692871094	0.043056949973106384	0.848732054233551	0.14932702481746674	0.0019408557564020157
28	0.9965733289718628	0.0029378607869148254	0.0004888208350166678	0.9965460896492004	0.0031739845871925354	0.0002798819332383573
29	0.026404835283756256	0.9720883369445801	0.00150683440733701	0.05128594487905502	0.942254900932312	0.006459215190261602
30	0.9895686507225037	0.00897908117622137	0.0014522838173434138	0.983849287033081	0.015011390671133995	0.001139290165156126
31	0.6484063863754272	0.3501283824443817	0.0014652354875579476	0.8362690210342407	0.16309329867362976	0.0006376555538736284
32	0.01576853357255459	0.9819275736808777	0.0023038971703499556	0.0832851231098175	0.9140323996543884	0.0026825156528502703
33	0.944719135761261	0.05397449806332588	0.001306352554820478	0.9944354295730591	0.003730792086571455	0.0018337202491238713
34	0.4866538345813751	0.39947107434272766	0.11387500166893005	0.03515957295894623	0.560093879699707	0.40474656224250793
35	0.8487053513526917	0.10892802476882935	0.042366642504930496	0.7174783945083618	0.27610263228416443	0.0064189862459897995
36	0.2500423491001129	0.7385345697402954	0.01142301969230175	0.7587592005729675	0.24015864729881287	0.0010821162723004818
37	0.9757056832313538	0.023681500926613808	0.0006127903470769525	0.9760156869888306	0.02361389249563217	0.0003704185946844518
38	0.11232592165470123	0.8501912355422974	0.03748287260532379	0.20383836328983307	0.7886431813240051	0.007518456783145666
39	0.007104483433067799	0.047509919852018356	0.9453855156898499	0.11202814429998398	0.17123140394687653	0.7167404890060425
40	0.27040544152259827	0.7288351058959961	0.0007594497292302549	0.9937305450439453	0.006062118336558342	0.00020735665748361498
41	0.004696357063949108	0.9942747950553894	0.001028856378979981	0.953195333480835	0.04450921341776848	0.002295480342581868
42	0.2883577346801758	0.707342803478241	0.004299511667340994	0.28079602122306824	0.7106309533119202	0.008573034778237343
43	0.14597105979919434	0.3244094252586365	0.5296194553375244	0.5830986499786377	0.2265225350856781	0.19037885963916779
44	0.7767881155014038	0.20753885805606842	0.015673013404011726	0.022395020350813866	0.9709210991859436	0.006683825049549341
45	0.056288138031959534	0.9424213171005249	0.001290520653128624	0.016329776495695114	0.977224588394165	0.006445648148655891
46	0.004869451746344566	0.028521370142698288	0.9666092395782471	0.00126104976516217	0.01097858976572752	0.9877603650093079
47	0.00119377754162997	0.9837814569473267	0.015024777501821518	0.8440940976142883	0.14606818556785583	0.009837675839662552
48	0.974687397480011	0.024495786055922508	0.0008168790373019874	0.9887043833732605	0.010978732258081436	0.0003169117262586951
49	0.0014908087905496359	0.9818529486656189	0.01665622740983963	0.5109067559242249	0.4854929745197296	0.0036002304404973984
50	0.03237687423825264	0.5043780207633972	0.46324509382247925	0.021993596106767654	0.42532768845558167	0.5526787042617798
51	0.993482768535614	0.006300910376012325	0.00021631451090797782	0.9964630007743835	0.0033680920023471117	0.00016898657486308366
52	0.02050701156258583	0.9757072329521179	0.0037858097348362207	0.01907292753458023	0.9754700064659119	0.005456996615976095
53	0.0985075831413269	0.8980215787887573	0.0034708199091255665	0.9345797300338745	0.06502655148506165	0.0003937850415240973
54	0.008551561273634434	0.9904430508613586	0.0010053074220195413	0.0005581905134022236	0.9988516569137573	0.0005901545519009233
55	0.44661182165145874	0.3509558141231537	0.20243239402770996	0.7691982388496399	0.1286620944738388	0.10213970392942429
56	0.011477864347398281	0.9689632058143616	0.019559001550078392	0.0660305842757225	0.9323992729187012	0.0015701005468145013
57	0.002700928132981062	0.2900082767009735	0.7072907090187073	0.0017859162762761116	0.11649877578020096	0.8817153573036194
58	0.6966304779052734	0.28850796818733215	0.014861619099974632	0.933526337146759	0.06447238475084305	0.002001302083954215
59	0.2837928831577301	0.7088738083839417	0.007333244662731886	0.7710822820663452	0.19381096959114075	0.035106781870126724
60	0.0003401736030355096	0.013331443071365356	0.9863284230232239	0.0011682953918352723	0.146363765001297	0.852467954158783
61	0.009585079737007618	0.020061032846570015	0.9703538417816162	0.11965928971767426	0.05004037171602249	0.8303003311157227
62	0.0008300881600007415	0.9978852868080139	0.001284574274905026	0.8432085514068604	0.1556972712278366	0.0010941255604848266
63	0.5397059917449951	0.4582734704017639	0.0020206014160066843	0.22732190787792206	0.7671926021575928	0.005485495552420616
64	0.8197307586669922	0.15912766754627228	0.02114158123731613	0.032181113958358765	0.9564846754074097	0.011334205977618694
65	0.15370552241802216	0.8421148061752319	0.004179689567536116	0.9313229322433472	0.06835096329450607	0.00032607297180220485
66	0.06779514998197556	0.9035720229148865	0.028632791712880135	0.13725048303604126	0.8461126685142517	0.01663690246641636
67	0.08267846703529358	0.8162204623222351	0.10110107809305191	0.18066564202308655	0.7804571390151978	0.03887724503874779
68	0.004442774690687656	0.0053914268501102924	0.9901657700538635	0.0023985342122614384	0.003645021002739668	0.9939563870429993
69	0.034432895481586456	0.09595084935426712	0.8696162700653076	0.060122862458229065	0.9050865173339844	0.03479060158133507
70	0.004363131243735552	0.8600767254829407	0.13556011021137238	0.4145911633968353	0.10665490478277206	0.4787538945674896
71	0.024921810254454613	0.9547344446182251	0.02034376934170723	0.9812864661216736	0.017945392057299614	0.0007681207498535514
72	0.8385433554649353	0.16030780971050262	0.001148913288488984	0.9586072564125061	0.040887828916311264	0.0005049158935435116
73	0.6465816497802734	0.3088364899158478	0.04458193480968475	0.006540864706039429	0.989436149597168	0.0040229326114058495
74	0.004114416893571615	0.028211038559675217	0.9676745533943176	0.016734180971980095	0.03913256525993347	0.9441332817077637
75	0.9830443263053894	0.016183286905288696	0.0007724296301603317	0.007538828533142805	0.9919233918190002	0.0005378316855058074
76	0.2760469317436218	0.3737107217311859	0.35024234652519226	0.9604335427284241	0.03355859965085983	0.006007826421409845
77	0.0043142810463905334	0.994412362575531	0.001273376983590424	0.07467421144247055	0.9245121479034424	0.0008136702817864716
78	0.1992780566215515	0.6858678460121155	0.11485406756401062	0.5584586262702942	0.30582475662231445	0.13571667671203613
79	0.03236052393913269	0.965630829334259	0.002008581068366766	0.4291158616542816	0.5699911117553711	0.0008930686744861305
80	0.8297843933105469	0.1689482182264328	0.0012674203608185053	0.9883105754852295	0.011538537219166756	0.00015089608496055007
81	0.04538886994123459	0.942711591720581	0.011899449862539768	0.993084192276001	0.006443631835281849	0.0004721154400613159
82	0.013716056011617184	0.027384044602513313	0.9588999152183533	0.015444214455783367	0.027056174352765083	0.957499623298645
83	0.14532266557216644	0.5645060539245605	0.2901713252067566	0.5662851333618164	0.2969171106815338	0.1367977410554886
84	0.44170641899108887	0.5510051250457764	0.007288369350135326	0.016976336017251015	0.979051947593689	0.00397174758836627
85	0.001462210319004953	0.9953300952911377	0.003207801142707467	0.0038124262355268	0.9939718842506409	0.0022156755439937115
86	0.9959269165992737	0.003568238578736782	0.0005048621096648276	0.996625542640686	0.003013261593878269	0.0003612560103647411
87	0.02663278952240944	0.020601019263267517	0.9527661800384521	0.21233142912387848	0.25548064708709717	0.5321878790855408
88	0.7854567170143127	0.21117003262043	0.003373244311660528	0.9948171973228455	0.005006060469895601	0.00017669182852841914
89	0.01046131644397974	0.401506632566452	0.5880320072174072	0.12831275165081024	0.0898604542016983	0.7818266749382019
90	0.8849403262138367	0.0996331050992012	0.015426496043801308	0.9794133901596069	0.020198071375489235	0.00038857589242979884
91	0.20908890664577484	0.3892616033554077	0.40164950489997864	0.8823679089546204	0.08214126527309418	0.03549087047576904
92	0.190978541970253	0.7815861701965332	0.02743520215153694	0.01731744594871998	0.17171604931354523	0.8109664916992188
93	0.12769460678100586	0.868159294128418	0.004146075341850519	0.6478464007377625	0.34940972924232483	0.002743894699960947
94	0.9730876088142395	0.026103029027581215	0.0008093737997114658	0.9966347813606262	0.0032168524339795113	0.00014844219549559057
95	0.009841972030699253	0.9856823086738586	0.004475693218410015	0.9688425660133362	0.029866721481084824	0.0012907444033771753
96	0.022883854806423187	0.9717003107070923	0.005415906198322773	0.7995572686195374	0.19536970555782318	0.005073007196187973
97	0.07772054523229599	0.009591549634933472	0.9126878380775452	0.027635356411337852	0.006878852844238281	0.9654858112335205
98	0.0027115631382912397	0.9955710768699646	0.001717486884444952	0.9531343579292297	0.04575851559638977	0.0011070948094129562
99	0.0023265830241143703	0.972345769405365	0.025327645242214203	0.8977453708648682	0.04634280130267143	0.05591190233826637
100	0.07825389504432678	0.3868393301963806	0.534906804561615	0.0013280785642564297	0.015012141317129135	0.9836597442626953
101	0.9930139183998108	0.006532391533255577	0.0004537222266662866	0.7151501178741455	0.28317198157310486	0.00167786271777004
102	0.9967246651649475	0.003056976245716214	0.00021840671251993626	0.9969401359558105	0.0028361582662910223	0.00022377242567017674
103	0.1678817719221115	0.3727421164512634	0.45937615633010864	0.0014878356596454978	0.9952870607376099	0.0032251188531517982
104	0.20258471369743347	0.7554503679275513	0.041964881122112274	0.6121079921722412	0.15155546367168427	0.2363365888595581
105	0.000930044159758836	0.09135258197784424	0.9077173471450806	0.003257189877331257	0.06481310725212097	0.9319297075271606
106	0.0380166694521904	0.9517510533332825	0.010232227854430676	0.9542827010154724	0.04503389447927475	0.0006833977531641722
107	0.9955114126205444	0.004231024067848921	0.0002575755352154374	0.9913814663887024	0.00824803113937378	0.00037046929355710745
108	0.683375358581543	0.3119528293609619	0.004671822302043438	0.20352007448673248	0.7849483489990234	0.011531601659953594
109	0.24350251257419586	0.7476099729537964	0.00888755451887846	0.8249703049659729	0.17407095432281494	0.000958724704105407
110	0.9270634651184082	0.040229808539152145	0.03270670771598816	0.9793682098388672	0.01918352022767067	0.0014482516562566161
111	0.003722141729667783	0.023505980148911476	0.9727717638015747	0.0026274872943758965	0.005167103372514248	0.9922054409980774
112	0.9957945346832275	0.0038973938208073378	0.0003080248716287315	0.9305270314216614	0.06810374557971954	0.001369232777506113
113	0.9810669422149658	0.017586885020136833	0.001346117234788835	0.7035031914710999	0.2925804853439331	0.003916279412806034
114	0.0018305241828784347	0.996009349822998	0.002160127740353346	0.70162433385849	0.29657691717147827	0.0017987481551244855
115	0.9851921796798706	0.014529519714415073	0.0002782719093374908	0.8566824793815613	0.14247970283031464	0.0008378567290492356
116	0.14594018459320068	0.4790106415748596	0.3750491738319397	0.016330448910593987	0.5285702347755432	0.45509931445121765
117	0.9068586230278015	0.07455451041460037	0.018586929887533188	0.9933561086654663	0.006001794710755348	0.000642166705802083
118	0.06090332567691803	0.801383376121521	0.13771329820156097	0.8711472749710083	0.12766414880752563	0.0011886339634656906
119	0.7241647243499756	0.2706955373287201	0.005139795131981373	0.9571293592453003	0.04241466522216797	0.0004560228844638914
120	0.3318885564804077	0.6667776107788086	0.0013337890850380063	0.9374970197677612	0.06185244396328926	0.0006505579221993685
121	0.0038833387661725283	0.02782333642244339	0.9682933688163757	0.007130955811589956	0.007415600586682558	0.9854534268379211
122	0.00813379231840372	0.9910475611686707	0.000818553555291146	0.004104407504200935	0.9929617047309875	0.002933974377810955
123	0.7363324165344238	0.1407574713230133	0.12291010469198227	0.5302045345306396	0.33647528290748596	0.13332021236419678
124	0.011233814060688019	0.9824075102806091	0.006358616054058075	0.9164064526557922	0.08264689147472382	0.0009466687333770096
125	0.0050871302373707294	0.9698829650878906	0.025029895827174187	0.13997922837734222	0.8356014490127563	0.024419356137514114
126	0.024392144754529	0.9725185036659241	0.0030893825460225344	0.7086819410324097	0.2884742319583893	0.0028437848668545485
127	0.17656220495700836	0.8120548725128174	0.011382916942238808	0.0044244728051126	0.9944479465484619	0.0011276412988081574
128	0.0005688192322850227	0.00981308612972498	0.9896180033683777	0.004385697655379772	0.020157307386398315	0.975456953048706
129	0.33353549242019653	0.5168104767799377	0.14965403079986572	0.7822222709655762	0.18721401691436768	0.03056376241147518
130	0.00576468650251627	0.015163380652666092	0.9790719151496887	0.003005310660228133	0.06337113678455353	0.9336234927177429
131	0.05663247033953667	0.9419683814048767	0.0013991391751915216	0.0005507849855348468	0.9980226755142212	0.001426622737199068
132	0.6588383316993713	0.2604060471057892	0.08075562864542007	0.19900110363960266	0.7991947531700134	0.0018041494768112898
133	0.925639271736145	0.0733841136097908	0.0009765987051650882	0.9807091951370239	0.01882144995033741	0.00046936594299040735
134	0.7084078788757324	0.2465842217206955	0.04500782862305641	0.08159058541059494	0.9132136702537537	0.00519578205421567
135	0.8665066957473755	0.13216976821422577	0.0013235537335276604	0.912057638168335	0.0874495804309845	0.0004928279668092728
136	0.8454777002334595	0.15392272174358368	0.0005995817482471466	0.992866039276123	0.006922429893165827	0.00021152978297322989
137	0.8839291930198669	0.10941177606582642	0.0066590881906449795	0.7740490436553955	0.21999533474445343	0.005955647677183151
138	0.9318546652793884	0.06242389976978302	0.005721439141780138	0.98802649974823	0.011039174161851406	0.0009342984994873405
139	0.02785041555762291	0.8858127593994141	0.08633681386709213	0.18601398169994354	0.7021575570106506	0.11182846873998642
140	0.037395186722278595	0.19615039229393005	0.7664543986320496	0.14392805099487305	0.3793499171733856	0.47672203183174133
141	0.005134612787514925	0.9904605746269226	0.004404809791594744	0.41072237491607666	0.5766102075576782	0.012667392380535603
142	0.004916704259812832	0.8194402456283569	0.17564313113689423	0.8263831734657288	0.16543912887573242	0.008177702315151691
143	0.0978594496846199	0.11837588995695114	0.7837647199630737	0.07286574691534042	0.2003461867570877	0.7267879843711853
144	0.6706165075302124	0.1958550363779068	0.1335284560918808	0.021905824542045593	0.8897607326507568	0.08833347260951996
145	0.026246914640069008	0.9426792860031128	0.031073754653334618	0.40819650888442993	0.5901258587837219	0.0016775837866589427
146	0.0894085168838501	0.877626895904541	0.032964594662189484	0.3400125801563263	0.6328442096710205	0.027143169194459915
147	0.18224170804023743	0.10024964809417725	0.7175085544586182	0.05552244558930397	0.7722570896148682	0.17222049832344055
148	0.03488636016845703	0.9574289917945862	0.007684681098908186	0.5206910371780396	0.45977693796157837	0.019531942903995514
149	0.06941039860248566	0.9263867735862732	0.004202844575047493	0.46763455867767334	0.49865615367889404	0.03370935469865799
150	0.16793638467788696	0.17088685929775238	0.6611768007278442	0.5930302143096924	0.21112032234668732	0.1958494633436203
151	0.9955163598060608	0.004280723165720701	0.00020295615831855685	0.9959365129470825	0.0038747109938412905	0.0001887753896880895
152	0.8173044919967651	0.1810842752456665	0.0016112198354676366	0.4326900839805603	0.5644131898880005	0.0028967151883989573
153	0.9674049019813538	0.028360353782773018	0.004234708845615387	0.9606898427009583	0.03696223720908165	0.0023479575756937265
154	0.29813528060913086	0.6777927875518799	0.024071933701634407	0.5009620189666748	0.4834844470024109	0.01555347628891468
155	0.038402143865823746	0.5972540974617004	0.36434370279312134	0.8505290150642395	0.09004046767950058	0.059430450201034546
156	0.04886692017316818	0.9381985664367676	0.012934519909322262	0.756932258605957	0.2330167442560196	0.010050998069345951
157	0.9493322968482971	0.05023021250963211	0.00043744765571318567	0.9955610036849976	0.004199934657663107	0.00023902952671051025
158	0.6897063255310059	0.30580103397369385	0.0044926912523806095	0.7982387542724609	0.19835716485977173	0.0034041069447994232
159	0.001758117345161736	0.9953481554985046	0.0028938103932887316	0.5926753878593445	0.3340253531932831	0.07329917699098587
160	0.005035743582993746	0.053493015468120575	0.94147127866745	0.12488798797130585	0.040816616266965866	0.834295392036438
161	0.0006739302771165967	0.9802501201629639	0.019075963646173477	0.5478853583335876	0.4365939497947693	0.015520716086030006
162	0.040611766278743744	0.9330486059188843	0.026339605450630188	0.16702961921691895	0.7943183183670044	0.03865216299891472
163	0.00888057705014944	0.007125870790332556	0.9839935302734375	0.010301324538886547	0.09457941353321075	0.8951192498207092
164	0.001405677874572575	0.9968852400779724	0.0017090579494833946	0.049209918826818466	0.9494420289993286	0.0013480046764016151
165	0.009067768231034279	0.9618791937828064	0.029053043574094772	0.05917578190565109	0.8295546174049377	0.11126960813999176
166	0.9539932608604431	0.04274042323231697	0.003266245825216174	0.7849152088165283	0.18477575480937958	0.030309006571769714
167	0.14471061527729034	0.2245078831911087	0.6307814717292786	0.016860133036971092	0.4258616864681244	0.5572781562805176
168	0.9955384135246277	0.003652969840914011	0.0008085325825959444	0.995148241519928	0.004400743171572685	0.00045099976705387235
169	0.5871009230613708	0.37992244958877563	0.032976701855659485	0.02868952602148056	0.9474155902862549	0.023894816637039185
170	0.8020347356796265	0.18454672396183014	0.013418539427220821	0.8937056660652161	0.10405224561691284	0.0022421125322580338
171	0.003939846996217966	0.030818607658147812	0.9652414917945862	0.0020046550780534744	0.00825505144894123	0.989740252494812
172	0.03310633450746536	0.9630627632141113	0.003830831730738282	0.0010340242879465222	0.9983464479446411	0.0006196086760610342
173	0.002775434870272875	0.996227502822876	0.000997155555523932	0.20878416299819946	0.779114842414856	0.012100903317332268
174	0.4148685038089752	0.5324528813362122	0.052678562700748444	0.010052072815597057	0.6956814527511597	0.29426655173301697
175	0.03598926588892937	0.9592718482017517	0.004738854710012674	0.7843415141105652	0.21419388055801392	0.0014645609771832824
176	0.2953455150127411	0.6855864524841309	0.019067982211709023	0.37009745836257935	0.5355564951896667	0.09434596449136734
177	0.8277913928031921	0.17131909728050232	0.0008894631173461676	0.9773894548416138	0.02240740694105625	0.00020320677140261978
178	0.8771171569824219	0.09080123156309128	0.03208164498209953	0.9506775736808777	0.041665200144052505	0.007657171692699194
179	0.007178307976573706	0.9912350177764893	0.0015867308247834444	0.0043417769484221935	0.9916027188301086	0.004055515397340059
180	0.5422318577766418	0.45145219564437866	0.006315870210528374	0.893325924873352	0.08616644144058228	0.020507680252194405
181	0.23890681564807892	0.14296604692935944	0.6181270480155945	0.9800274968147278	0.014894199557602406	0.0050782752223312855
182	0.9629281163215637	0.03637545183300972	0.0006964891217648983	0.9882822632789612	0.011541194282472134	0.00017653690883889794
183	0.01313390489667654	0.9721927642822266	0.014673415571451187	0.8983176350593567	0.10033205151557922	0.0013502542860805988
184	0.01021998655050993	0.28509804606437683	0.704681932926178	0.03808792307972908	0.21135903894901276	0.7505530714988708
185	0.6260651350021362	0.29917511343955994	0.07475973665714264	0.76360023021698	0.14445815980434418	0.09194167703390121
186	0.006569344084709883	0.9917148947715759	0.0017157394904643297	0.012376050464808941	0.9822554588317871	0.0053684948943555355
187	0.05796485394239426	0.22076061367988586	0.7212745547294617	0.003806725610047579	0.056605637073516846	0.9395877122879028
188	0.9943897128105164	0.0054929135367274284	0.00011737843306036666	0.9784168004989624	0.021412141621112823	0.0001710176729829982
189	0.8021355867385864	0.18698455393314362	0.010879878886044025	0.9942166805267334	0.005493990145623684	0.000289274612441659
190	0.01357719860970974	0.9061377048492432	0.08028509467840195	0.788476824760437	0.19242390990257263	0.019099267199635506
191	0.0023811780847609043	0.9959458708763123	0.0016729396302253008	0.3061765432357788	0.07285112887620926	0.6209723353385925
192	0.5624682903289795	0.4332943856716156	0.004237364046275616	0.9916081428527832	0.008004214614629745	0.00038762815529480577
193	0.9362697601318359	0.06266579777002335	0.0010644812136888504	0.9318584203720093	0.0664767473936081	0.0016648402670398355
194	0.873079240322113	0.11000258475542068	0.016918238252401352	0.05986487865447998	0.9212051033973694	0.018930036574602127
195	0.013264911249279976	0.9849498271942139	0.0017852927558124065	0.9799812436103821	0.019812840968370438	0.00020597752882167697
196	0.07725602388381958	0.9156998991966248	0.007044102530926466	0.11868312209844589	0.872195303440094	0.009121526964008808
197	0.9914999604225159	0.008133450523018837	0.00036666783853434026	0.9940849542617798	0.005572701338678598	0.0003423596208449453
198	0.2728610634803772	0.7247090935707092	0.0024298939388245344	0.9906248450279236	0.008709379471838474	0.0006658339407294989
199	0.453057199716568	0.4381650686264038	0.10877774655818939	0.6757844090461731	0.266165167093277	0.05805036425590515
