0	0.9972298741340637	0.0026030673179775476	0.0001670087076490745	0.9969178438186646	0.0029219810385257006	0.0001602049742359668
1	0.9942427277565002	0.005574513226747513	0.00018278969218954444	0.9906628131866455	0.009067566134035587	0.0002696117735467851
2	0.9965613484382629	0.003140269313007593	0.0002984338207170367	0.9966433048248291	0.003115631639957428	0.00024109717924147844
3	0.9970695972442627	0.0027698965277522802	0.00016049057012423873	0.9970699548721313	0.0027480863500386477	0.000181974217412062
4	0.9974665641784668	0.002311966847628355	0.000221461639739573	0.9971523284912109	0.0026626114267855883	0.00018506277410779148
5	0.9977669715881348	0.00206260709092021	0.00017038836085703224	0.9978358149528503	0.002023079665377736	0.0001411678094882518
6	0.9969164133071899	0.0028401007875800133	0.0002434799389448017	0.9952040910720825	0.0045346906408667564	0.0002612578100524843
7	0.9918656945228577	0.007776950486004353	0.00035736014251597226	0.9799108505249023	0.019494494423270226	0.0005947005702182651
8	0.9948208332061768	0.0046758586540818214	0.0005032794433645904	0.9960131645202637	0.003644471988081932	0.00034238636726513505
9	0.9948352575302124	0.004761564079672098	0.00040312926284968853	0.9965299963951111	0.0032387503888458014	0.0002312224532943219
10	0.9941319823265076	0.00562156131491065	0.0002464576973579824	0.003259332152083516	0.9928810596466064	0.003859621938318014
11	0.997226893901825	0.002584830392152071	0.00018827730673365295	0.9967054724693298	0.003079341957345605	0.00021518839639611542
12	0.9857940077781677	0.011800647713243961	0.002405367558822036	0.9092962741851807	0.08527817577123642	0.005425561219453812
13	0.9938650727272034	0.0059993029572069645	0.00013559051149059087	0.9956270456314087	0.004241000860929489	0.00013196468353271484
14	0.996425211429596	0.0033281375654041767	0.0002466100559104234	0.9952459931373596	0.004553135950118303	0.00020086772565264255
15	0.9969583749771118	0.0028238086961209774	0.00021782153635285795	0.9963273406028748	0.003455993952229619	0.00021668306726496667
16	0.997697651386261	0.0018143121851608157	0.0004880214692093432	0.9971396923065186	0.0022815405391156673	0.0005788367125205696
17	0.997175931930542	0.002595983911305666	0.00022811806411482394	0.9971653819084167	0.002574277576059103	0.0002602798631414771
18	0.06758273392915726	0.9311959743499756	0.001221345504745841	0.9862824082374573	0.013120359741151333	0.0005972416838631034
19	0.9921574592590332	0.007628667633980513	0.0002139000571332872	0.9952346682548523	0.004557120148092508	0.0002081793500110507
20	0.0033134298864752054	0.9943272471427917	0.0023593364749103785	0.9954083561897278	0.004140002187341452	0.0004516792541835457
21	0.8037063479423523	0.056686848402023315	0.1396067589521408	0.648882269859314	0.2227826565504074	0.12833504378795624
22	0.9973747730255127	0.0024386642035096884	0.0001865729282144457	0.9974229335784912	0.0024045994505286217	0.00017244803893845528
23	0.9973589777946472	0.0024614252615720034	0.00017956449300982058	0.9968771934509277	0.0029549102764576674	0.00016789806250017136
24	0.9969520568847656	0.0028035317081958055	0.0002443735720589757	0.9970494508743286	0.0026982701383531094	0.0002522350987419486
25	0.9960829019546509	0.0037286533042788506	0.00018847716273739934	0.9897246360778809	0.010021334514021873	0.00025398636353202164
26	0.009130765683948994	0.931877851486206	0.05899129807949066	0.9181361794471741	0.026096725836396217	0.05576711893081665
27	0.9975231289863586	0.002312676515430212	0.00016417585720773786	0.997238278388977	0.0025740445125848055	0.0001876916066976264
28	0.997031569480896	0.0027664657682180405	0.00020199795835651457	0.9971852898597717	0.0026156092062592506	0.00019911689742002636
29	0.9960952401161194	0.003621811745688319	0.0002829126315191388	0.9955655932426453	0.004145103041082621	0.0002893057244364172
30	0.9778472185134888	0.021404866129159927	0.0007479264168068767	0.9854885935783386	0.011871236376464367	0.0026402168441563845
31	0.9970059990882874	0.0028291582129895687	0.00016482554201502353	0.9967818260192871	0.0030583557672798634	0.00015982575132511556
32	0.9971352815628052	0.0026574693620204926	0.00020727234368678182	0.9972387552261353	0.002547569340094924	0.00021367223234847188
33	0.9978197813034058	0.001964088063687086	0.00021609420946333557	0.9977008700370789	0.001995580503717065	0.0003035565314348787
34	0.9931672215461731	0.006592449266463518	0.00024040639982558787	0.9795283079147339	0.02011743187904358	0.0003542591875884682
35	0.997717022895813	0.0020434088073670864	0.00023954809876158834	0.9973543882369995	0.0024015274830162525	0.00024410063633695245
36	0.994857668876648	0.004225411452353001	0.0009168725227937102	0.9624008536338806	0.021813340485095978	0.01578580215573311
37	0.9969978332519531	0.0028494675643742085	0.00015276869817171246	0.9961841702461243	0.0036680572666227818	0.00014777196338400245
38	0.927513062953949	0.052064042538404465	0.020422862842679024	0.9775511622428894	0.021160567179322243	0.00128822005353868
39	0.08824104815721512	0.1556159406900406	0.7561430335044861	0.018791532143950462	0.3660823404788971	0.6151261329650879
40	0.9731625914573669	0.02615363895893097	0.0006837959517724812	0.9967957139015198	0.0029888132121413946	0.00021549909433815628
41	0.9971252083778381	0.0026493575423955917	0.00022547366097569466	0.9970034956932068	0.0027764367405325174	0.00022010505199432373
42	0.9966799020767212	0.003163562621921301	0.00015659739437978715	0.9965212345123291	0.003298155963420868	0.00018056733824778348
43	0.9725577235221863	0.026133954524993896	0.0013082744553685188	0.9869324564933777	0.012186105363070965	0.000881465501151979
44	0.9971373081207275	0.002632339484989643	0.00023032228637021035	0.996483325958252	0.0033509444911032915	0.0001657138782320544
45	0.9973721504211426	0.0024134793784469366	0.0002144032478099689	0.9973471164703369	0.0024466062895953655	0.00020627881167456508
46	0.9972912669181824	0.0025711944326758385	0.00013745446631219238	0.9974600672721863	0.0023953928612172604	0.00014457423822022974
47	0.9977567791938782	0.001911034225486219	0.00033225869992747903	0.9978594183921814	0.0018416306702420115	0.00029892116435803473
48	0.9968780279159546	0.0029722191393375397	0.00014974104124121368	0.9897140860557556	0.010142788290977478	0.00014313992869574577
49	0.9936332702636719	0.006058886647224426	0.00030782597605139017	0.9842405915260315	0.015306631103157997	0.0004527790879365057
50	0.9953153133392334	0.004326432477682829	0.00035827691317535937	0.9943884015083313	0.005381344351917505	0.00023023779795039445
51	0.9935696125030518	0.006023543421179056	0.00040683778934180737	0.9911648631095886	0.00854042824357748	0.00029471892048604786
52	0.9969068169593811	0.0029228602070361376	0.00017028627917170525	0.9967377781867981	0.0030860919505357742	0.00017606935580261052
53	0.9874498844146729	0.010815371759235859	0.0017347505781799555	0.979296863079071	0.01785285212099552	0.0028503157664090395
54	0.9974853992462158	0.0020737904123961926	0.00044081558007746935	0.9948145747184753	0.0046419971622526646	0.0005434370832517743
55	0.9952321648597717	0.004574964288622141	0.00019289893680252135	0.9953593611717224	0.0044389949180185795	0.00020168688206467777
56	0.9975395202636719	0.0023131780326366425	0.00014729944814462215	0.9970220923423767	0.002851660130545497	0.00012623843213077635
57	0.9968035221099854	0.0029930295422673225	0.00020344428776297718	0.9968423843383789	0.002957039512693882	0.0002006340801017359
58	0.9915899634361267	0.008126168511807919	0.00028387224301695824	0.9908816814422607	0.008842355571687222	0.00027593638515099883
59	0.05138865113258362	0.9471991658210754	0.0014122723368927836	0.9927800297737122	0.006054645404219627	0.001165270572528243
60	0.9923334121704102	0.00735144829377532	0.000315104000037536	0.9818289279937744	0.017216257750988007	0.0009547805530019104
61	0.9968628883361816	0.0029918423388153315	0.00014528523024637252	0.9972116351127625	0.0026281257160007954	0.0001602677657501772
62	0.9965509176254272	0.0032594488002359867	0.00018964815535582602	0.9961226582527161	0.0036819176748394966	0.0001953928585862741
63	0.623225212097168	0.3758776783943176	0.0008970796479843557	0.9924570322036743	0.007288857363164425	0.00025412446120753884
64	0.9971556663513184	0.0025770196225494146	0.0002672606788109988	0.9972405433654785	0.002483848249539733	0.0002755980531219393
65	0.9968288540840149	0.002831463934853673	0.0003396902757231146	0.9959284663200378	0.003707348369061947	0.00036413792986422777
66	0.5804207921028137	0.40674781799316406	0.012831447646021843	0.996181845664978	0.0035317642614245415	0.00028644336271099746
67	0.9959671497344971	0.003831033129245043	0.00020185486937407404	0.9915362596511841	0.008239353075623512	0.0002244237984996289
68	0.9963324666023254	0.0033890956547111273	0.00027850756305269897	0.5977388024330139	0.3936452865600586	0.008615889586508274
69	0.994921863079071	0.004891193006187677	0.0001870041887741536	0.9944763779640198	0.005332231521606445	0.00019138306379318237
70	0.9968609809875488	0.002914748154580593	0.00022428235388360918	0.9963248372077942	0.003454817458987236	0.00022036318841855973
71	0.9958779811859131	0.003795795375481248	0.0003262211102992296	0.8293154835700989	0.17015205323696136	0.0005324561498127878
72	0.9942898750305176	0.005507034715265036	0.00020308594685047865	0.9948604702949524	0.004900681786239147	0.00023881714150775224
73	0.9920774102210999	0.0076813832856714725	0.00024115077394526452	0.9972077012062073	0.002550377743318677	0.00024191172269638628
74	0.9939607381820679	0.0059080240316689014	0.000131204302306287	0.9973354935646057	0.002511207479983568	0.00015327245637308806
75	0.9971662163734436	0.002631070325151086	0.0002027055452344939	0.9975889921188354	0.002222919138148427	0.00018814766372088343
76	0.9833295345306396	0.01585889793932438	0.0008116004755720496	0.9955163598060608	0.0037278335075825453	0.0007558368379250169
77	0.9888111352920532	0.006470443680882454	0.004718431271612644	0.7805056571960449	0.0683872327208519	0.15110710263252258
78	0.013509104959666729	0.22035303711891174	0.7661378383636475	0.0015136183938011527	0.0029495456255972385	0.9955368041992188
79	0.22300732135772705	0.7761370539665222	0.0008556070970371366	0.997922956943512	0.0018797862576320767	0.0001972470199689269
80	0.9950472116470337	0.004671488888561726	0.0002813301107380539	0.9931637644767761	0.006479397416114807	0.00035681523149833083
81	0.9953824877738953	0.004275355953723192	0.0003420835710130632	0.9800323247909546	0.01957784779369831	0.00038988879532553256
82	0.995462954044342	0.0042933449149131775	0.0002437248476780951	0.9946863651275635	0.005052156280726194	0.00026144084404222667
83	0.9959884285926819	0.0034557871986180544	0.0005557253607548773	0.9841187000274658	0.015266338363289833	0.0006149650434963405
84	0.9968427419662476	0.0029182620346546173	0.00023898808285593987	0.9957371950149536	0.003872969653457403	0.00038980573299340904
85	0.9962823987007141	0.00351134454831481	0.00020628511265385896	0.9961975812911987	0.003638287540525198	0.00016419350868090987
86	0.9852450489997864	0.014501691795885563	0.00025329465279355645	0.9965531826019287	0.003261704696342349	0.0001851444540079683
87	0.9964659214019775	0.003366820514202118	0.000167195699759759	0.9965628981590271	0.0031937016174197197	0.00024343539553228766
88	0.9962575435638428	0.003472783137112856	0.00026964652352035046	0.9964801669120789	0.0032587514724582434	0.0002611443633213639
89	0.9968512654304504	0.0029348486568778753	0.0002139294520020485	0.996846616268158	0.002938416786491871	0.00021497393026947975
90	0.9968072175979614	0.003007244784384966	0.0001855319569585845	0.9965744018554688	0.0032633328810334206	0.0001623436837689951
91	0.9962764382362366	0.0034647819120436907	0.0002587438502814621	0.9957648515701294	0.003966779448091984	0.0002683290804270655
92	0.9969401359558105	0.0029349506366997957	0.00012488744687289	0.997383177280426	0.002462413627654314	0.00015440788411069661
93	0.006504526827484369	0.0010173117043450475	0.9924781322479248	0.002590554766356945	0.0007148727308958769	0.9966945648193359
94	0.9946520328521729	0.005041804630309343	0.0003061771858483553	0.9950706958770752	0.0045884656719863415	0.00034085538936778903
95	0.9969719648361206	0.0028644127305597067	0.00016356255218852311	0.9972597360610962	0.0025700244586914778	0.00017018338257912546
96	0.9969732761383057	0.002884314861148596	0.0001424508518539369	0.9955593347549438	0.004295398946851492	0.00014523311983793974
97	0.990958571434021	0.008713946677744389	0.00032751832623034716	0.9941458702087402	0.00556021137163043	0.000293851422611624
98	0.997170627117157	0.0025508252438157797	0.00027854464133270085	0.9976258873939514	0.002075403230264783	0.0002987306797876954
99	0.9942585229873657	0.005307265091687441	0.0004341616004239768	0.9924712181091309	0.006962847430258989	0.0005659667076542974
100	0.993247389793396	0.0061363596469163895	0.000616234727203846	0.9945228099822998	0.0050689540803432465	0.00040825697942636907
101	0.9945878982543945	0.0052061136811971664	0.00020604132441803813	0.9948529601097107	0.0049115512520074844	0.00023548041644971818
102	0.9738881587982178	0.01126677542924881	0.0148451067507267	0.9906492829322815	0.008133267983794212	0.0012174570001661777
103	0.9971981048583984	0.0026403421070426702	0.00016158066864591092	0.9969335794448853	0.0029097236692905426	0.00015664382954128087
104	0.9777218699455261	0.022104205563664436	0.00017400378419551998	0.9904918074607849	0.009377013891935349	0.00013115764886606485
105	0.9964512586593628	0.0030594123527407646	0.000489276775624603	0.9961135387420654	0.0033671148121356964	0.0005193561082705855
106	0.9061098098754883	0.0915849357843399	0.0023052433971315622	0.9467940926551819	0.05071384459733963	0.0024920173455029726
107	0.8190010786056519	0.0331098735332489	0.14788903295993805	0.9811387658119202	0.012866695411503315	0.005994487088173628
108	0.9972944855690002	0.0024399973917752504	0.000265483686234802	0.9974133372306824	0.002333743730559945	0.00025297407410107553
109	0.9964454770088196	0.0033711805008351803	0.00018340740643907338	0.9957615733146667	0.0041022938676178455	0.00013614118506666273
110	0.8524220585823059	0.06501342356204987	0.08256451785564423	0.9439396858215332	0.036219991743564606	0.019840260967612267
111	0.9973715543746948	0.0022724089212715626	0.00035606644814834	0.9978846907615662	0.0018132571130990982	0.00030198204331099987
112	0.9968869090080261	0.0028129105921834707	0.00030019631958566606	0.9942770600318909	0.0053234281949698925	0.0003995846782345325
113	0.9905064702033997	0.00928102619946003	0.00021257999469526112	0.9901242852210999	0.00966308917850256	0.0002126844774466008
114	0.9937825798988342	0.00607798807322979	0.00013941129145678133	0.9951075315475464	0.004713595379143953	0.0001788475929060951
115	0.994147539138794	0.005296181421726942	0.0005562689621001482	0.3764883577823639	0.6155790686607361	0.007932550273835659
116	0.9938526153564453	0.0059843650087714195	0.00016302762378472835	0.9949156045913696	0.004940883256494999	0.00014356969040818512
117	0.005800194106996059	0.0011111674830317497	0.9930886626243591	0.0013092695735394955	0.0008111492497846484	0.9978796243667603
118	0.9958819150924683	0.0038711042143404484	0.0002470059844199568	0.9956414699554443	0.004098186735063791	0.0002602965396363288
119	0.9967085123062134	0.0031676446087658405	0.00012381756096147	0.9974600672721863	0.0023783117067068815	0.00016161341045517474
120	0.9960752129554749	0.003618859453126788	0.00030595308635383844	0.994941771030426	0.004682469181716442	0.00037576325121335685
121	0.2278248518705368	0.7164366841316223	0.05573846399784088	0.9739809632301331	0.017847852781414986	0.008171137422323227
122	0.9965147972106934	0.0032465760596096516	0.00023859684006311	0.9964229464530945	0.0033931045327335596	0.00018396820814814419
123	0.9822309613227844	0.013976475223898888	0.003792594885453582	0.9745871424674988	0.0200878344476223	0.0053249988704919815
124	0.998217761516571	0.0016052268911153078	0.00017695879796519876	0.9978412389755249	0.001988309435546398	0.00017044832929968834
125	0.9978581070899963	0.0019195404602214694	0.0002223081683041528	0.6343520283699036	0.3645775020122528	0.001070490456186235
126	0.996553897857666	0.0032419615890830755	0.0002041613479377702	0.996489942073822	0.0032867768313735723	0.00022326667385641485
127	0.9973480701446533	0.0024341053795069456	0.00021784621640108526	0.9972564578056335	0.002526683732867241	0.00021690435823984444
128	0.9972624778747559	0.0025591368321329355	0.00017833345918916166	0.9972840547561646	0.002537405351176858	0.00017852686869446188
129	0.9963195323944092	0.0034252337645739317	0.00025519009795971215	0.9957139492034912	0.0040644695982337	0.00022165622795000672
130	0.9974268078804016	0.0023534500505775213	0.00021971981914248317	0.9974204301834106	0.0023834826424717903	0.00019608302682172507
131	0.17624519765377045	0.055644333362579346	0.768110454082489	0.022312458604574203	0.010536051355302334	0.967151403427124
132	0.9929972290992737	0.006676924414932728	0.0003258614451624453	0.9931761622428894	0.006486607249826193	0.00033722654916346073
133	0.9954050779342651	0.004288921598345041	0.00030596309807151556	0.9928069114685059	0.007000199984759092	0.00019286539463791996
134	0.996971607208252	0.0028621861711144447	0.00016619004600215703	0.997809112071991	0.00199204427190125	0.00019880663603544235
135	0.9831956028938293	0.015335102565586567	0.0014692593831568956	0.9868742823600769	0.011879797093570232	0.001245900639332831
136	0.03454088792204857	0.09630918502807617	0.8691498637199402	0.08330397307872772	0.29459553956985474	0.6221004724502563
137	0.9967514276504517	0.003042148659005761	0.00020644206961151212	0.9969363212585449	0.0028254729695618153	0.00023826722463127226
138	0.9921756386756897	0.007537816185504198	0.00028653861954808235	0.9728795289993286	0.026186225935816765	0.000934218114707619
139	0.9958351850509644	0.003844338934868574	0.000320486695272848	0.9960300326347351	0.0036713373847305775	0.0002985559112858027
140	0.99638831615448	0.003414180828258395	0.00019753657397814095	0.9968329071998596	0.0029628616757690907	0.00020421910448931158
141	0.9858317375183105	0.012809263542294502	0.0013590282760560513	0.9893744587898254	0.00954401958733797	0.0010815858840942383
142	0.9926325678825378	0.0070537966676056385	0.0003136053855996579	0.9934024214744568	0.006304578389972448	0.00029302993789315224
143	0.996147632598877	0.003694273065775633	0.0001580870884936303	0.9961920976638794	0.003654786152765155	0.00015311382594518363
144	0.9958242177963257	0.0038708189968019724	0.00030498846899718046	0.9965685606002808	0.003129253163933754	0.0003022154269274324
145	0.9965023994445801	0.0033456983510404825	0.00015196033928077668	0.9972063899040222	0.0026217170525342226	0.0001718380517559126
146	0.9935488104820251	0.006283884402364492	0.00016734609380364418	0.9922354817390442	0.007512201555073261	0.00025226009893231094
147	0.9951026439666748	0.00461543956771493	0.00028185523115098476	0.9955007433891296	0.004231959115713835	0.00026732421247288585
148	0.9963409304618835	0.0033602877520024776	0.00029874936444684863	0.9964056015014648	0.0032646197360008955	0.0003297805960755795
149	0.9835768342018127	0.015838241204619408	0.0005849616136401892	0.9931437969207764	0.006540087983012199	0.00031613826286047697
150	0.9974607229232788	0.0023575893137604	0.0001816683216020465	0.9974851608276367	0.0023463836405426264	0.00016841448086779565
151	0.059573620557785034	0.9358920454978943	0.004534346517175436	0.9939311742782593	0.005517281126230955	0.0005516096716746688
152	0.9952476620674133	0.004569726530462503	0.00018268397252541035	0.99042809009552	0.009356058202683926	0.00021581296459771693
153	0.9960845708847046	0.0037021557800471783	0.0002132054214598611	0.9944983124732971	0.005261512473225594	0.0002401629026280716
154	0.9970287680625916	0.0027090173680335283	0.00026227778289467096	0.9973668456077576	0.0024458628613501787	0.0001872911088867113
155	0.9930946826934814	0.006759934592992067	0.00014537459355778992	0.9968274235725403	0.0029821728821843863	0.00019037841411773115
156	0.0018301964737474918	0.9973445534706116	0.0008252866682596505	0.9947116374969482	0.004906720016151667	0.0003816835524048656
157	0.9969909191131592	0.002847007242962718	0.00016208550368901342	0.9953981041908264	0.004413321614265442	0.00018854113295674324
158	0.9926409125328064	0.00620710663497448	0.0011520101688802242	0.9926019310951233	0.004992329981178045	0.002405773848295212
159	0.0009655483299866319	0.0031064022332429886	0.9959279894828796	0.9744011759757996	0.0064870864152908325	0.0191117562353611
160	0.9964959025382996	0.003315863898023963	0.0001882202341221273	0.9969822764396667	0.0028197159990668297	0.00019801092275884002
161	0.9852390289306641	0.013764400966465473	0.0009965593926608562	0.9912548065185547	0.008131385780870914	0.0006137976888567209
162	0.9973599314689636	0.0022193153854459524	0.000420780066633597	0.991033136844635	0.004842549096792936	0.004124268889427185
163	0.9956858158111572	0.004070095252245665	0.00024409344769082963	0.6935933232307434	0.3055054843425751	0.0009011928923428059
164	0.9974689483642578	0.0023504653945565224	0.00018060604634229094	0.9974604845046997	0.0023419104982167482	0.0001975175109691918
165	0.9956746697425842	0.004181505646556616	0.00014379368803929538	0.9977103471755981	0.0020711577963083982	0.00021846138406544924
166	0.983975887298584	0.014536195434629917	0.0014878647634759545	0.9864387512207031	0.012266304343938828	0.0012949672527611256
167	0.9956589937210083	0.004146494437009096	0.00019449264800641686	0.9958106279373169	0.003992696758359671	0.00019666532170958817
168	0.9975168704986572	0.0023379602935165167	0.0001452154974685982	0.9973203539848328	0.002524113282561302	0.00015548629744444042
169	0.994473397731781	0.005364029202610254	0.00016257609240710735	0.9950893521308899	0.004743370693176985	0.00016729543858673424
170	0.08540751785039902	0.025163371115922928	0.8894290924072266	0.07394923269748688	0.028997603803873062	0.8970531821250916
171	0.9951790571212769	0.004602810833603144	0.00021820013353135437	0.987307608127594	0.012381130829453468	0.0003112348495051265
172	0.001539800432510674	0.9974549412727356	0.0010051954304799438	0.9888482093811035	0.010805107653141022	0.00034666660940274596
173	0.9968836903572083	0.0027933865785598755	0.00032287233625538647	0.9969173669815063	0.0027358888182789087	0.0003467908827587962
174	0.9975249171257019	0.002337635727599263	0.00013741418661084026	0.9975857734680176	0.0022845242638140917	0.0001296562113566324
175	0.994283139705658	0.005275976378470659	0.00044081444502808154	0.9724781513214111	0.02431032992899418	0.003211528994143009
176	0.9970166683197021	0.0028173201717436314	0.00016605765267740935	0.9979555606842041	0.0018512133974581957	0.00019326250185258687
177	0.9543118476867676	0.04432259500026703	0.001365531818009913	0.9964577555656433	0.003278540913015604	0.0002636742719914764
178	0.99679034948349	0.003051977837458253	0.0001576894719619304	0.9942534565925598	0.005553478375077248	0.00019299614359624684
179	0.9955647587776184	0.004128179978579283	0.00030697794863954186	0.9962471127510071	0.0034809282515197992	0.00027190864784643054
180	0.9858367443084717	0.013892869465053082	0.00027038302505388856	0.9878929257392883	0.01184582058340311	0.000261242181295529
181	0.9972835779190063	0.00255588605068624	0.00016056298045441508	0.9971961975097656	0.002592895645648241	0.00021092408860567957
182	0.9964576363563538	0.003359538968652487	0.00018277876370120794	0.99611496925354	0.0036434978246688843	0.00024147407384589314
183	0.9877257943153381	0.011064572259783745	0.0012095851125195622	0.9893429279327393	0.008486640639603138	0.0021704479586333036
184	0.9928520321846008	0.006886233109980822	0.0002617583377286792	0.9932824373245239	0.006433619186282158	0.0002839895314536989
185	0.9948369264602661	0.004930384922772646	0.00023274478735402226	0.9944416880607605	0.005323626566678286	0.00023470254382118583
186	0.9881290793418884	0.010284003801643848	0.001586900558322668	0.9942527413368225	0.005022117402404547	0.0007251247297972441
187	0.9960610270500183	0.0038108231965452433	0.00012817050446756184	0.9962276220321655	0.0036344958934932947	0.00013787670468445867
188	0.9201619625091553	0.07424710690975189	0.005590938031673431	0.9851825833320618	0.010486273095011711	0.004331135656684637
189	0.997295081615448	0.002534371567890048	0.00017050831229425967	0.9967702627182007	0.003061787225306034	0.0001679242413956672
190	0.996757447719574	0.002975837327539921	0.000266758055659011	0.9976396560668945	0.0020530479960143566	0.0003073265543207526
191	0.9975636005401611	0.002240004949271679	0.0001964295661309734	0.9972321391105652	0.0026050799060612917	0.00016283038712572306
192	0.9942564368247986	0.005487085785716772	0.0002564618189353496	0.9962091445922852	0.0035386511590331793	0.0002521730202715844
193	0.9978284239768982	0.0019932000432163477	0.00017835367179941386	0.9975582361221313	0.0022639755625277758	0.00017779410700313747
194	0.9878934025764465	0.011352216824889183	0.000754387816414237	0.9960379600524902	0.003447719383984804	0.0005143545567989349
195	0.9962414503097534	0.0034714718349277973	0.00028712814673781395	0.9931806325912476	0.006524385418742895	0.0002950640919152647
196	0.9892361760139465	0.010057643987238407	0.0007061560754664242	0.006880935747176409	0.9922226071357727	0.0008964278385974467
197	0.997031569480896	0.00275825965218246	0.0002100987476296723	0.9972397089004517	0.0025949296541512012	0.00016536697512492537
198	0.994200587272644	0.005535430274903774	0.00026405276730656624	0.9944272041320801	0.005274341441690922	0.0002984668535646051
199	0.997732400894165	0.0020650920923799276	0.00020248204236850142	0.9971746206283569	0.002630736446008086	0.0001946425618370995
