0	0.0024768493603914976	0.004157871473580599	0.9933652281761169	0.0025213053449988365	0.0054147494956851006	0.9920639395713806
1	0.0022635147906839848	0.05388816073536873	0.9438483715057373	0.0019247831078246236	0.035587653517723083	0.962487518787384
2	0.0010019057663157582	0.02879294566810131	0.9702051281929016	0.0005944650620222092	0.03760100156068802	0.9618045091629028
3	0.0025819670408964157	0.00588300870731473	0.991534948348999	0.0027497808914631605	0.004688179586082697	0.9925619959831238
4	0.003880816511809826	0.007301542442291975	0.9888176918029785	0.0032046232372522354	0.007847962900996208	0.9889473915100098
5	0.0004553206090349704	0.0008167747873812914	0.9987279772758484	0.0006292396574281156	0.0011019986122846603	0.998268723487854
6	0.002764631761237979	0.0038514528423547745	0.9933838248252869	0.003303686622530222	0.003959411755204201	0.9927369356155396
7	0.004110564477741718	0.00420497078448534	0.9916844367980957	0.002994969254359603	0.003675311105325818	0.9933297038078308
8	0.8652425408363342	0.13058176636695862	0.004175644367933273	0.9840199947357178	0.011418413370847702	0.0045616235584020615
9	0.05889250710606575	0.0220804363489151	0.9190270900726318	0.016626859083771706	0.01183554157614708	0.9715376496315002
10	0.0022155034821480513	0.005879722069948912	0.9919047355651855	0.002199364360421896	0.006722646299749613	0.9910780191421509
11	0.0012505070772022009	0.0024744225665926933	0.9962750673294067	0.0011180259753018618	0.0034254163037985563	0.9954565763473511
12	0.0007667786558158696	0.021433740854263306	0.9777994751930237	0.0008271874394267797	0.06277266144752502	0.9364001750946045
13	0.0013489171396940947	0.005835257936269045	0.9928158521652222	0.0012254207395017147	0.004158253315836191	0.9946163296699524
14	0.21132133901119232	0.03779920935630798	0.7508794069290161	0.016500147059559822	0.011002573184669018	0.972497284412384
15	0.008411175571382046	0.0042429654859006405	0.9873458743095398	0.0106662567704916	0.005002318881452084	0.984331488609314
16	0.0008753873407840729	0.0009921760065481067	0.9981324076652527	0.0007131758611649275	0.0008564293966628611	0.9984303116798401
17	0.005738948471844196	0.006290967110544443	0.9879701137542725	0.005108059849590063	0.0074844760820269585	0.9874074459075928
18	0.3389265835285187	0.31820595264434814	0.3428674638271332	0.5499929785728455	0.13412915170192719	0.31587791442871094
19	0.010076346807181835	0.056187573820352554	0.9337361454963684	0.012514910660684109	0.034620944410562515	0.9528641104698181
20	0.0017172418301925063	0.003930625971406698	0.9943521022796631	0.0016486064996570349	0.0037463917396962643	0.9946050047874451
21	0.009197964332997799	0.035067059099674225	0.9557349681854248	0.007291597779840231	0.009666645899415016	0.9830416440963745
22	0.008287481963634491	0.018974635750055313	0.9727378487586975	0.0036825218703597784	0.006522699724882841	0.9897946715354919
23	0.7869585156440735	0.18697412312030792	0.026067357510328293	0.7483136057853699	0.17969173192977905	0.07199467718601227
24	0.7280253767967224	0.04093663766980171	0.23103800415992737	0.1295621246099472	0.06075599789619446	0.8096818923950195
25	0.016427285969257355	0.011556754820048809	0.9720160365104675	0.003341403789818287	0.004824947100132704	0.9918335676193237
26	0.004740048199892044	0.00876782275736332	0.9864920973777771	0.0017796882893890142	0.003417729865759611	0.9948025941848755
27	0.001034020446240902	0.003161740256473422	0.9958042502403259	0.0009768905583769083	0.0029843098018318415	0.9960387945175171
28	0.0004738366696983576	0.001461138017475605	0.9980649352073669	0.0007838333840481937	0.0014713368145748973	0.9977449178695679
29	0.0030343784019351006	0.0035321032628417015	0.9934335947036743	0.004768533632159233	0.0034817636478692293	0.9917497038841248
30	0.6423904895782471	0.3427744507789612	0.014835064299404621	0.6225517988204956	0.33794090151786804	0.03950726240873337
31	0.018119344487786293	0.015767445787787437	0.966113269329071	0.04406174644827843	0.013616570271551609	0.9423215985298157
32	0.0024629009421914816	0.011205200105905533	0.9863318204879761	0.0012753434712067246	0.008168357424438	0.9905563592910767
33	0.01156983058899641	0.005658344365656376	0.9827718138694763	0.013110839761793613	0.006618719082325697	0.980270504951477
34	0.001993329729884863	0.006993366405367851	0.99101322889328	0.0006258808425627649	0.00327859609387815	0.9960954785346985
35	0.002454962581396103	0.0034750886261463165	0.9940699338912964	0.0008696800796315074	0.0014373197918757796	0.9976930022239685
36	0.09406866878271103	0.10604844987392426	0.7998828887939453	0.03358941152691841	0.04530191421508789	0.9211087226867676
37	0.0029682873282581568	0.007593005429953337	0.9894385933876038	0.0008757396135479212	0.0025081520434468985	0.9966161847114563
38	0.14463941752910614	0.07455217093229294	0.7808084487915039	0.04163550212979317	0.03590908274054527	0.9224554896354675
39	0.0038906896952539682	0.00754126301035285	0.9885680675506592	0.001673454768024385	0.007100691553205252	0.9912258982658386
40	0.00042311465949751437	0.002545291790738702	0.997031569480896	0.0007274803356267512	0.002842961810529232	0.9964296221733093
41	0.03831646218895912	0.020587123930454254	0.941096305847168	0.012541534379124641	0.014522741548717022	0.9729357361793518
42	0.002935106633231044	0.004390934016555548	0.992673933506012	0.004424360115081072	0.004671210888773203	0.9909043908119202
43	0.648210346698761	0.3422454297542572	0.00954423937946558	0.6062501072883606	0.358317494392395	0.03543243557214737
44	0.00432151835411787	0.0029725164640694857	0.9927060008049011	0.00311505189165473	0.002557208761572838	0.99432772397995
45	0.17539054155349731	0.03453578054904938	0.7900736927986145	0.09513429552316666	0.029876936227083206	0.874988853931427
46	0.00536079378798604	0.013665540143847466	0.9809736609458923	0.006333059165626764	0.01781722530722618	0.9758496880531311
47	0.04653454199433327	0.06084669753909111	0.8926187753677368	0.03778036683797836	0.03523395210504532	0.9269857406616211
48	0.04164734482765198	0.03297796472907066	0.9253747463226318	0.020296216011047363	0.02390374056994915	0.9558000564575195
49	0.13184158504009247	0.13784949481487274	0.7303089499473572	0.042079564183950424	0.03126094117760658	0.9266595840454102
50	0.003255281364545226	0.003606055863201618	0.9931386113166809	0.009919919073581696	0.006729125045239925	0.983350932598114
51	0.00040950594120658934	0.002399896504357457	0.997190535068512	0.00048532013897784054	0.0034967369865626097	0.9960179924964905
52	0.0006082630716264248	0.0019801657181233168	0.9974115490913391	0.00042762915836647153	0.0014937344240024686	0.9980787038803101
53	0.7884482741355896	0.16995500028133392	0.04159671068191528	0.8896944522857666	0.08092256635427475	0.02938300557434559
54	0.03327884525060654	0.006526549346745014	0.9601946473121643	0.002618490718305111	0.001446492737159133	0.9959349632263184
55	0.18879075348377228	0.0651669055223465	0.7460423707962036	0.05709017068147659	0.050794653594493866	0.8921151757240295
56	0.0004189506289549172	0.0023721817415207624	0.9972088932991028	0.00030842641717754304	0.0008733908180147409	0.9988182187080383
57	0.0007967560086399317	0.0275590643286705	0.9716441035270691	0.0012715407647192478	0.08626625686883926	0.9124621748924255
58	0.0014816944021731615	0.015275130048394203	0.9832431674003601	0.0017315379809588194	0.021015679463744164	0.9772527813911438
59	0.15129895508289337	0.06276179105043411	0.7859392762184143	0.10314705967903137	0.0754961147904396	0.8213568925857544
60	0.9862194657325745	0.012958046980202198	0.0008225469500757754	0.9367708563804626	0.061414074152708054	0.001815036521293223
61	0.021522946655750275	0.064506895840168	0.9139701128005981	0.022343719378113747	0.026101617142558098	0.9515546560287476
62	0.0015702475793659687	0.008458447642624378	0.9899712800979614	0.001849610824137926	0.005964800249785185	0.992185652256012
63	0.001374262385070324	0.005341845564544201	0.9932838678359985	0.002405585953965783	0.00791795551776886	0.9896765351295471
64	0.0006409184425137937	0.001128640491515398	0.9982303977012634	0.0009309602901339531	0.001754016033373773	0.9973151087760925
65	0.0011462108232080936	0.0019209145102649927	0.996932864189148	0.0012019911082461476	0.0017479871166869998	0.9970499277114868
66	0.0003161052882205695	0.0015269207069650292	0.9981569647789001	0.0005173985264264047	0.002797656925395131	0.9966848492622375
67	0.1253942847251892	0.013132763095200062	0.861473023891449	0.5210385322570801	0.030375370755791664	0.4485860764980316
68	0.011813044548034668	0.021412881091237068	0.9667739868164062	0.018521491438150406	0.016362430527806282	0.9651161432266235
69	0.0011795323807746172	0.0024526098277419806	0.9963678121566772	0.0015220863278955221	0.0023618550039827824	0.996116042137146
70	0.010278118774294853	0.010395610705018044	0.9793262481689453	0.013563510030508041	0.012024324387311935	0.9744121432304382
71	0.005910869222134352	0.004468548111617565	0.989620566368103	0.002841103123500943	0.003590513253584504	0.9935684204101562
72	0.010711140930652618	0.017361532896757126	0.971927285194397	0.0336170569062233	0.035118792206048965	0.9312641024589539
73	0.0010383432963863015	0.003019035095348954	0.9959425330162048	0.0006273529143072665	0.002608646173030138	0.9967639446258545
74	0.09106821566820145	0.441954106092453	0.46697768568992615	0.05365583673119545	0.11245332658290863	0.8338909149169922
75	0.0003058123984374106	0.0006099996389821172	0.9990841150283813	0.0002804957621265203	0.0005609687650576234	0.999158501625061
76	0.9541511535644531	0.013646731153130531	0.03220204636454582	0.8343818187713623	0.037754736840724945	0.12786340713500977
77	0.01091447751969099	0.004905118141323328	0.9841803312301636	0.021990381181240082	0.006711086258292198	0.9712985157966614
78	0.0011081186821684241	0.0011821058578789234	0.9977097511291504	0.0004987983265891671	0.0012602254282683134	0.9982409477233887
79	0.11230115592479706	0.04881541430950165	0.8388834595680237	0.1563175767660141	0.0426299124956131	0.8010525107383728
80	0.0037302460987120867	0.033506035804748535	0.9627636671066284	0.003074617125093937	0.03833932802081108	0.9585860967636108
81	0.003460339270532131	0.008482389152050018	0.9880573749542236	0.006706503685563803	0.010061085224151611	0.983232319355011
82	0.002344104927033186	0.004878220148384571	0.9927776455879211	0.0019483166979625821	0.003522156970575452	0.9945294260978699
83	0.002108560875058174	0.03631117567420006	0.9615802764892578	0.0021541910246014595	0.03928689286112785	0.9585589170455933
84	0.005307061597704887	0.005449611693620682	0.9892432689666748	0.003212010022252798	0.004635645542293787	0.9921523928642273
85	0.03115982562303543	0.051867567002773285	0.9169725775718689	0.027796126902103424	0.05377751961350441	0.9184263944625854
86	0.03168991953134537	0.03603368252515793	0.9322764873504639	0.015850456431508064	0.019219188019633293	0.9649302959442139
87	0.014041312038898468	0.008374053053557873	0.9775846600532532	0.01647387258708477	0.009425882250070572	0.9741002917289734
88	0.12638618052005768	0.5337117910385132	0.3399020731449127	0.188379168510437	0.7285921573638916	0.08302860707044601
89	0.000617241021245718	0.02774997428059578	0.9716327786445618	0.000680798024404794	0.020858144387602806	0.9784610867500305
90	0.0033762238454073668	0.04715622216463089	0.9494675993919373	0.002984382212162018	0.015687625855207443	0.9813280701637268
91	0.9299997687339783	0.06723096966743469	0.002769293263554573	0.15189698338508606	0.8433619737625122	0.004741007462143898
92	0.001369258388876915	0.004251796752214432	0.9943789839744568	0.0012227228144183755	0.003919567912817001	0.994857668876648
93	0.0006530495011247694	0.0006708442233502865	0.9986761212348938	0.12353677302598953	0.01118005346506834	0.865283191204071
94	0.3919724225997925	0.2035166174173355	0.4045109152793884	0.04604998603463173	0.069750115275383	0.8841997981071472
95	0.029828215017914772	0.04550712928175926	0.9246646761894226	0.02665054053068161	0.061392802745103836	0.9119566679000854
96	0.03018917515873909	0.028607066720724106	0.9412038326263428	0.0527690164744854	0.03521891310811043	0.9120121002197266
97	0.8950628638267517	0.06665683537721634	0.038280241191387177	0.6012763381004333	0.10822419077157974	0.29049941897392273
98	0.00185577932279557	0.013470164500176907	0.9846739768981934	0.002017599530518055	0.025335146114230156	0.9726472496986389
99	0.0038439426571130753	0.00823035929352045	0.9879257678985596	0.0037433519028127193	0.014600599184632301	0.9816561341285706
100	0.014108902774751186	0.005303667392581701	0.9805874824523926	0.01808854751288891	0.004819152411073446	0.9770922660827637
101	0.04948235675692558	0.05466632917523384	0.8958512544631958	0.060949694365262985	0.03770394250750542	0.9013463854789734
102	0.16112670302391052	0.13282054662704468	0.7060527801513672	0.005451674573123455	0.05630671977996826	0.9382416009902954
103	0.00213234918192029	0.005736956838518381	0.992130696773529	0.0023482278920710087	0.006222706753760576	0.9914290308952332
104	0.0037009911611676216	0.009604205377399921	0.9866948127746582	0.005227529909461737	0.00884947832673788	0.9859229326248169
105	0.0032886527478694916	0.005749926436692476	0.9909613728523254	0.003629988059401512	0.006431718822568655	0.9899382591247559
106	0.013453087769448757	0.008108776062726974	0.978438138961792	0.0027924112509936094	0.006273797247558832	0.9909337759017944
107	0.7412641644477844	0.06611478328704834	0.19262100756168365	0.8768789172172546	0.10643649101257324	0.016684526577591896
108	0.15759673714637756	0.052995067089796066	0.7894081473350525	0.47838547825813293	0.03956657275557518	0.48204800486564636
109	0.0017861636588349938	0.01026925165206194	0.9879446029663086	0.0015468633500859141	0.04160193353891373	0.9568513035774231
110	0.0007639876566827297	0.0017076344229280949	0.9975283741950989	0.0006365524604916573	0.0017657889984548092	0.9975976347923279
111	0.0009580684709362686	0.0015747513389214873	0.9974671602249146	0.010391511023044586	0.005108509212732315	0.9844999313354492
112	0.00314056477509439	0.002874076599255204	0.9939854741096497	0.021441124379634857	0.008162529207766056	0.9703963994979858
113	0.00449245935305953	0.007288320921361446	0.988219141960144	0.0023849690333008766	0.007073010317981243	0.9905419945716858
114	0.004915338475257158	0.01507926732301712	0.9800053834915161	0.009692123159766197	0.028121378272771835	0.9621864557266235
115	0.007120037451386452	0.1853341907262802	0.8075457811355591	0.006195696536451578	0.3266761898994446	0.6671281456947327
116	0.014529990963637829	0.8092366456985474	0.17623332142829895	0.01208976935595274	0.8475093841552734	0.14040082693099976
117	0.011599201709032059	0.015037533827126026	0.9733632206916809	0.010071691125631332	0.017563289031386375	0.9723649621009827
118	0.0029210345819592476	0.0027507301419973373	0.9943283200263977	0.0031560405623167753	0.004394046030938625	0.9924499988555908
119	0.0026444089598953724	0.004043428227305412	0.9933121800422668	0.0030404655262827873	0.0027536600828170776	0.994205892086029
120	0.002075762255117297	0.010145186446607113	0.9877790808677673	0.00132370600476861	0.005386148579418659	0.9932900667190552
121	0.00185592717025429	0.003015781519934535	0.9951282739639282	0.004824354778975248	0.0047128284350037575	0.9904628396034241
122	0.0025719511322677135	0.0022169805597513914	0.9952110648155212	0.0015570602845400572	0.0021158515010029078	0.9963271021842957
123	0.07660691440105438	0.02209283597767353	0.9013002514839172	0.0054906215518713	0.009670574218034744	0.9848387241363525
124	0.0012158602476119995	0.0022868195082992315	0.9964973330497742	0.005259005352854729	0.0042539057321846485	0.9904871582984924
125	0.007334898225963116	0.003519732039421797	0.9891452789306641	0.009302113205194473	0.0034802246373146772	0.9872177243232727
126	0.001304556499235332	0.004031961318105459	0.9946634769439697	0.004582555033266544	0.0078047290444374084	0.987612783908844
127	0.016505979001522064	0.10352516174316406	0.8799688816070557	0.012670466676354408	0.061110638082027435	0.9262188673019409
128	0.0016319470014423132	0.0022699718829244375	0.9960981607437134	0.0013852560659870505	0.0033016991801559925	0.9953130483627319
129	0.8443979620933533	0.05384282022714615	0.10175924748182297	0.2578967809677124	0.09898708760738373	0.6431161761283875
130	0.0004929170245304704	0.0020893863402307034	0.997417688369751	0.0009634549496695399	0.0038381856866180897	0.9951984286308289
131	0.002184644341468811	0.0036306334659457207	0.9941847920417786	0.009073025546967983	0.008280918933451176	0.982646107673645
132	0.03519508242607117	0.02584070712327957	0.9389642477035522	0.00933659914880991	0.07846720516681671	0.912196159362793
133	0.002278020838275552	0.011815540492534637	0.9859063625335693	0.0012198783224448562	0.009371981024742126	0.989408016204834
134	0.0004636164812836796	0.0004879901243839413	0.9990484118461609	0.0009397846297360957	0.0007683652802370489	0.9982917904853821
135	0.000765085278544575	0.006347279064357281	0.9928876757621765	0.0006664584507234395	0.0037002793978899717	0.9956333041191101
136	0.10045387595891953	0.021805552765727043	0.8777405619621277	0.24906058609485626	0.05181987211108208	0.699119508266449
137	0.0839197114109993	0.030294066295027733	0.885786235332489	0.3696401119232178	0.05327969789505005	0.5770801305770874
138	0.0015870033530518413	0.006259563844650984	0.9921534657478333	0.0032337920274585485	0.0076168435625731945	0.989149272441864
139	0.0365828201174736	0.019731827080249786	0.9436853528022766	0.0333729088306427	0.018305569887161255	0.9483215808868408
140	0.005255165044218302	0.006593632511794567	0.9881511926651001	0.0031389344949275255	0.005861307960003614	0.9909997582435608
141	0.004856318701058626	0.01311066746711731	0.9820330739021301	0.009550695307552814	0.019022095948457718	0.9714272022247314
142	0.013559688813984394	0.02211814373731613	0.9643222093582153	0.052496716380119324	0.06215072050690651	0.885352611541748
143	0.0015682203229516745	0.003619715105742216	0.99481201171875	0.0014644474722445011	0.004899824038147926	0.9936357736587524
144	0.0025715974625200033	0.006150387693196535	0.9912780523300171	0.002754007698968053	0.004357834812253714	0.9928881525993347
145	0.013135281391441822	0.012625941075384617	0.9742387533187866	0.007533828262239695	0.009976418688893318	0.9824897050857544
146	0.0029031008016318083	0.006585728842765093	0.9905112385749817	0.0029124622233211994	0.008928186260163784	0.9881594181060791
147	0.0039163320325315	0.015267055481672287	0.980816662311554	0.0015040927100926638	0.007950661703944206	0.9905451536178589
148	0.001927889185026288	0.005736527498811483	0.9923356175422668	0.0005970405763946474	0.001916213775984943	0.9974867105484009
149	0.0026133335195481777	0.004677923396229744	0.9927088022232056	0.0013675522059202194	0.002949465299025178	0.995682954788208
150	0.0007971246377564967	0.0009422142175026238	0.9982606768608093	0.0006071217358112335	0.0008247926598414779	0.998568058013916
151	0.0013524467358365655	0.0023724683560431004	0.9962750673294067	0.0007310033543035388	0.00259487796574831	0.9966740608215332
152	0.0028835234697908163	0.015886938199400902	0.9812295436859131	0.001733363838866353	0.011158235371112823	0.9871085286140442
153	0.012630038894712925	0.008054652251303196	0.9793154001235962	0.00423082709312439	0.007854974828660488	0.9879142642021179
154	0.001239921199157834	0.0029868436977267265	0.9957732558250427	0.001409333199262619	0.004705430939793587	0.9938852190971375
155	0.005669925361871719	0.012049252167344093	0.9822807908058167	0.006688860710710287	0.007678447291254997	0.9856327772140503
156	0.49101337790489197	0.16404718160629272	0.3449394106864929	0.598270833492279	0.09934850037097931	0.30238065123558044
157	0.0008642635075375438	0.009711195714771748	0.9894245862960815	0.0008932679775170982	0.0062345052137970924	0.9928722381591797
158	0.002030234318226576	0.0072457860223948956	0.9907240271568298	0.004564634524285793	0.017910949885845184	0.9775245189666748
159	0.0011326682288199663	0.002719395561143756	0.9961479902267456	0.0006483940524049103	0.001439815852791071	0.9979117512702942
160	0.0005283057689666748	0.001183896791189909	0.9982878565788269	0.0005162112647667527	0.0011218575527891517	0.9983620047569275
161	0.00111101265065372	0.011999006383121014	0.9868899583816528	0.0010081923101097345	0.010755728930234909	0.9882360100746155
162	0.004179019946604967	0.007055422756820917	0.9887655973434448	0.009914351627230644	0.007717244792729616	0.9823684096336365
163	0.009914563037455082	0.010581561364233494	0.9795038104057312	0.02496897242963314	0.014481080695986748	0.9605500102043152
164	0.9466018080711365	0.04772306606173515	0.005675168242305517	0.1961817443370819	0.7724179029464722	0.03140031546354294
165	0.026199879124760628	0.022068360820412636	0.9517316818237305	0.06168731302022934	0.03947295993566513	0.8988396525382996
166	0.9366208910942078	0.043172504752874374	0.020206619054079056	0.9758013486862183	0.021239621564745903	0.002959037199616432
167	0.00018512811220716685	0.0006643368978984654	0.9991505146026611	0.00023171122302301228	0.000489710015244782	0.9992786049842834
168	0.41744840145111084	0.06135642156004906	0.5211951732635498	0.5097217559814453	0.07709257304668427	0.41318565607070923
169	0.0009966579964384437	0.006580610293895006	0.9924227595329285	0.0007521971128880978	0.0054167513735592365	0.9938310384750366
170	0.0007354372646659613	0.0012712888419628143	0.9979932308197021	0.0005507874302566051	0.0011003626277670264	0.9983488321304321
171	0.002741685137152672	0.0043826960027217865	0.9928755760192871	0.0014788132393732667	0.004692967515438795	0.9938282370567322
172	0.004149921704083681	0.019617505371570587	0.9762325286865234	0.004523296374827623	0.013903889805078506	0.9815728664398193
173	0.04352779686450958	0.0163434948772192	0.940128743648529	0.0669848769903183	0.02057816833257675	0.9124369621276855
174	0.0021818068344146013	0.0020838133059442043	0.9957343935966492	0.0011029046727344394	0.003477437188848853	0.9954197406768799
175	0.004473768174648285	0.011566980741918087	0.9839592576026917	0.004960353951901197	0.015159991569817066	0.9798795580863953
176	0.0027400851249694824	0.0022415940184146166	0.9950182437896729	0.0018748824950307608	0.0017933993367478251	0.9963316321372986
177	0.0009832264622673392	0.002050956944003701	0.9969658255577087	0.0010746883926913142	0.0021185707300901413	0.9968067407608032
178	0.005968090146780014	0.008582435548305511	0.9854494333267212	0.006246231030672789	0.010929005220532417	0.9828248023986816
179	0.96039879322052	0.03271082788705826	0.0068904380314052105	0.9657649993896484	0.03090777061879635	0.0033271831925958395
180	0.005932901054620743	0.011273214593529701	0.982793927192688	0.00215246737934649	0.0040708486922085285	0.9937766790390015
181	0.0008391613373532891	0.001888038357719779	0.997272789478302	0.00047099575749598444	0.0014856051420792937	0.9980432987213135
182	0.013177827000617981	0.03332444652915001	0.9534977078437805	0.0026774508878588676	0.00911661610007286	0.9882060289382935
183	0.006655504927039146	0.0020165664609521627	0.9913279414176941	0.013865490444004536	0.004351420793682337	0.9817830920219421
184	0.0007136771455407143	0.004139086697250605	0.9951472878456116	0.0012462871382012963	0.003569715889170766	0.9951840043067932
185	0.0035196912940591574	0.009091004729270935	0.987389326095581	0.0023633309174329042	0.011633682064712048	0.986003041267395
186	0.002683469094336033	0.015226953662931919	0.982089638710022	0.0023302650079131126	0.021580500528216362	0.9760891795158386
187	0.004357688594609499	0.009210343472659588	0.986431896686554	0.002853548154234886	0.004263734444975853	0.9928827285766602
188	0.00849591288715601	0.015474826097488403	0.9760293364524841	0.005744610913097858	0.008655775338411331	0.9855996370315552
189	0.0018175311852246523	0.002722770906984806	0.9954597353935242	0.00142299837898463	0.002357118995860219	0.9962199330329895
190	0.5156683325767517	0.35368579626083374	0.13064590096473694	0.4732101559638977	0.33769410848617554	0.18909569084644318
191	0.0015206680400297046	0.0034953290596604347	0.9949839115142822	0.0014327130047604442	0.0038511387538164854	0.994716227054596
192	0.006470814347267151	0.012556029483675957	0.9809731245040894	0.015565101057291031	0.027919920161366463	0.9565150141716003
193	0.9755334258079529	0.01985805854201317	0.004608550574630499	0.9871388077735901	0.01193165685981512	0.0009295286145061255
194	0.0012666134862229228	0.012049540877342224	0.9866837859153748	0.0026951245963573456	0.00963604636490345	0.9876688122749329
195	0.02058263123035431	0.008203895762562752	0.9712135195732117	0.05291837081313133	0.012662192806601524	0.9344193935394287
196	0.6457927823066711	0.06636099517345428	0.2878462076187134	0.6027082204818726	0.09362342953681946	0.303668349981308
197	0.0023574167862534523	0.0053137619979679585	0.9923288226127625	0.0023734259884804487	0.00490985345095396	0.9927167296409607
198	0.0007902209763415158	0.007065636571496725	0.9921442270278931	0.0005456660874187946	0.011877521872520447	0.9875768423080444
199	0.0008514574146829545	0.0025467893574386835	0.9966017007827759	0.0006716413190588355	0.002325052861124277	0.9970032572746277
