0	0.9948981404304504	0.004742526914924383	0.00035936711356043816	0.994512677192688	0.0050837695598602295	0.0004036088939756155
1	0.9941319823265076	0.00562156131491065	0.0002464576973579824	0.003259332152083516	0.9928810596466064	0.003859621938318014
2	0.9660224914550781	0.03002866357564926	0.003948850557208061	0.9958206415176392	0.0035749899689108133	0.0006043209577910602
3	0.9941934943199158	0.005593189038336277	0.00021337128418963403	0.9939263463020325	0.005868204403668642	0.00020551015040837228
4	0.9932807087898254	0.006532660685479641	0.00018668858683668077	0.9940630793571472	0.005770367104560137	0.000166550453286618
5	0.9965713024139404	0.0032708721701055765	0.0001578687661094591	0.9969857335090637	0.002853977493941784	0.00016026388038881123
6	0.9558436274528503	0.034159205853939056	0.009997132234275341	0.01160368137061596	0.984836757183075	0.0035596108064055443
7	0.995859682559967	0.0039889998733997345	0.0001512786402599886	0.9968230724334717	0.0030268148984760046	0.0001501100923633203
8	0.9951933026313782	0.004508267156779766	0.0002983839076478034	0.9950036406517029	0.004353353753685951	0.000643046572804451
9	0.9974445104598999	0.0023241713643074036	0.0002313137229066342	0.05813094973564148	0.9412484765052795	0.0006205589743331075
10	0.9951698184013367	0.004559331573545933	0.00027079935534857213	0.9961786270141602	0.0035745990462601185	0.0002467461454216391
11	0.9975844621658325	0.0022008686792105436	0.00021472045045811683	0.9978959560394287	0.0018586439546197653	0.00024535771808587015
12	0.9961462020874023	0.003643575357273221	0.00021025938622187823	0.9960156083106995	0.0037715304642915726	0.00021288063726387918
13	0.9967672824859619	0.002970936708152294	0.0002618194557726383	0.996236264705658	0.0035346983931958675	0.00022911146515980363
14	0.9942161440849304	0.005492329131811857	0.00029159747646190226	0.9962032437324524	0.0035554084461182356	0.00024133455008268356
15	0.9957783222198486	0.0040322039276361465	0.00018946877389680594	0.9975072741508484	0.0022843347396701574	0.00020844906975980848
16	0.2278248518705368	0.7164366841316223	0.05573846399784088	0.9739809632301331	0.017847852781414986	0.008171137422323227
17	0.9977970123291016	0.002045821864157915	0.00015723079559393227	0.9973912239074707	0.0023691789247095585	0.00023952286574058235
18	0.9796198010444641	0.015247414819896221	0.0051328158006072044	0.805736243724823	0.16603931784629822	0.028224391862750053
19	0.9973480701446533	0.0024341053795069456	0.00021784621640108526	0.9972564578056335	0.002526683732867241	0.00021690435823984444
20	0.9831956028938293	0.015335102565586567	0.0014692593831568956	0.9868742823600769	0.011879797093570232	0.001245900639332831
21	0.9527353644371033	0.046381428837776184	0.000883230590261519	0.9944157600402832	0.005028097424656153	0.0005561314756050706
22	0.9965535402297974	0.003259609919041395	0.00018690475553739816	0.9961913824081421	0.0036046882160007954	0.0002039121900452301
23	0.994200587272644	0.005535430274903774	0.00026405276730656624	0.9944272041320801	0.005274341441690922	0.0002984668535646051
24	0.03672074154019356	0.0358712375164032	0.9274080395698547	0.002779539441689849	0.011923491954803467	0.9852970242500305
25	0.997765064239502	0.002067999681457877	0.00016697104729246348	0.9978067278862	0.0020119575783610344	0.00018135823484044522
26	0.9940968751907349	0.005561210215091705	0.00034190938458777964	0.9969974756240845	0.0027270223945379257	0.00027550908271223307
27	0.9837719798088074	0.015932409092783928	0.0002956212847493589	0.9914131164550781	0.008340938948094845	0.0002459065290167928
28	0.9901436567306519	0.009441855363547802	0.0004144748381804675	0.9917784333229065	0.007838488556444645	0.00038310574018396437
29	0.9966375827789307	0.0030541287269443274	0.0003083170740865171	0.9971053004264832	0.002587004564702511	0.00030765708652324975
30	0.9963991641998291	0.0034386259503662586	0.0001622329727979377	0.9972364902496338	0.002587541239336133	0.00017591736104805022
31	0.9972221851348877	0.0025532988365739584	0.0002245188079541549	0.9972929358482361	0.0025089182890951633	0.0001980886736419052
32	0.9001111388206482	0.095470130443573	0.004418741911649704	0.9933359622955322	0.00627895025536418	0.0003850997018162161
33	0.9935994148254395	0.006154769100248814	0.00024588138330727816	0.9978557229042053	0.0019599648658186197	0.0001842840574681759
34	0.9422619938850403	0.04699775576591492	0.010740264318883419	0.9715594053268433	0.02620457485318184	0.0022360060829669237
35	0.2818412184715271	0.7100642919540405	0.008094496093690395	0.9949448704719543	0.004739254247397184	0.0003158687904942781
36	0.9979555606842041	0.0018201125785708427	0.00022430905664805323	0.9979602098464966	0.0018375113140791655	0.00020228813809808344
37	0.9952179789543152	0.004589678719639778	0.00019236821390222758	0.9952011108398438	0.004603922367095947	0.0001949254219653085
38	0.9890722036361694	0.01045104768127203	0.00047681049909442663	0.9889640808105469	0.010541914030909538	0.000493986124638468
39	0.9857455492019653	0.01384433638304472	0.0004100529185961932	0.863609790802002	0.13454771041870117	0.0018424858571961522
40	0.9950255751609802	0.004749548155814409	0.00022489098773803562	0.9942295551300049	0.005535644479095936	0.00023477939248550683
41	0.9899819493293762	0.009668276645243168	0.0003497437573969364	0.9926109910011292	0.0070167225785553455	0.0003722629917319864
42	0.9925117492675781	0.007196247577667236	0.0002920120896305889	0.992319643497467	0.007382811047136784	0.0002975699899252504
43	0.9972485899925232	0.0025281833950430155	0.00022325816098600626	0.9972631931304932	0.002582776825875044	0.00015407014871016145
44	0.9952985644340515	0.004405021667480469	0.00029642655863426626	0.9954961538314819	0.004282600712031126	0.00022120993526186794
45	0.9980081915855408	0.0017885826528072357	0.00020325722289271653	0.997661828994751	0.002119053853675723	0.00021916796686127782
46	0.9947496056556702	0.005088238511234522	0.00016215247160289437	0.997258186340332	0.002577632199972868	0.00016413522826042026
47	0.994641900062561	0.0052206809632480145	0.00013741798466071486	0.995468020439148	0.0043714833445847034	0.0001605215365998447
48	0.9963512420654297	0.0035118500236421824	0.00013684250006917864	0.9131813645362854	0.08651266992092133	0.00030603338382206857
49	0.9963241815567017	0.0034946193918585777	0.000181229057488963	0.9970918893814087	0.0027070376090705395	0.00020099822722841054
50	0.9956884980201721	0.004034636542201042	0.00027686802786774933	0.9965633749961853	0.003203730098903179	0.00023285049246624112
51	0.9965452551841736	0.0033330474980175495	0.00012164458894403651	0.9966104626655579	0.0032659710850566626	0.0001235456729773432
52	0.9975456595420837	0.002297038910910487	0.00015723930846434087	0.9976710677146912	0.00217227591201663	0.00015669722051825374
53	0.9842219352722168	0.015033289790153503	0.0007447730167768896	0.9930992126464844	0.006416074000298977	0.0004846391675528139
54	0.9975749850273132	0.0022179053630679846	0.00020710741227958351	0.9973970651626587	0.0023698422592133284	0.00023304017668124288
55	0.9854397177696228	0.009676198475062847	0.004884031601250172	0.9733952283859253	0.025415316224098206	0.0011894607450813055
56	0.9853183031082153	0.01400414202362299	0.0006775626679882407	0.8712648749351501	0.12763983011245728	0.001095297746360302
57	0.995226263999939	0.004530879203230143	0.0002428139268886298	0.9809579253196716	0.018546873703598976	0.0004952095332555473
58	0.00549154682084918	0.011823702603578568	0.9826847910881042	0.1129303127527237	0.016248352825641632	0.8708213567733765
59	0.9866264462471008	0.012411304749548435	0.0009621989447623491	0.9563561081886292	0.04274793341755867	0.0008959744009189308
60	0.9960072636604309	0.00375436176545918	0.00023838435299694538	0.990936815738678	0.008784002624452114	0.00027916993713006377
61	0.9964750409126282	0.0032501420937478542	0.000274754042038694	0.9957563281059265	0.003944913856685162	0.0002987837069667876
62	0.997570812702179	0.0022588539868593216	0.00017031555762514472	0.9975652694702148	0.002233954146504402	0.00020081308321096003
63	0.99648118019104	0.003150448901578784	0.00036839384119957685	0.9962930083274841	0.003386076306924224	0.00032093198387883604
64	0.9965139031410217	0.0033113432582467794	0.00017482557450421154	0.995250940322876	0.004595739301294088	0.0001533132599433884
65	0.5763939619064331	0.06148665025830269	0.3621194660663605	0.8118432760238647	0.0902455747127533	0.09791111201047897
66	0.9963682889938354	0.003193527227267623	0.00043820368591696024	0.9953054785728455	0.004330926109105349	0.00036360276862978935
67	0.019351718947291374	0.12828472256660461	0.8523635268211365	0.002013630699366331	0.015984881669282913	0.9820014834403992
68	0.9924267530441284	0.007148225326091051	0.0004249870253261179	0.8577746748924255	0.14086011052131653	0.0013652476482093334
69	0.9952854514122009	0.004502440802752972	0.0002121437428286299	0.9966443777084351	0.0031242084223777056	0.00023142881400417536
70	0.9957899451255798	0.003987349569797516	0.00022271909983828664	0.996538519859314	0.003273877315223217	0.0001875822781585157
71	0.9943302869796753	0.00543593056499958	0.00023372120631393045	0.9948034882545471	0.004936850629746914	0.00025967348483391106
72	0.9979447722434998	0.001828615553677082	0.00022655559587292373	0.9959702491760254	0.0038470830768346786	0.00018274635658599436
73	0.9890127182006836	0.010737985372543335	0.0002492521598469466	0.9955101013183594	0.004286887589842081	0.00020298933668527752
74	0.9975864887237549	0.002177639864385128	0.00023591204080730677	0.9970253109931946	0.0027198768220841885	0.00025481838383711874
75	0.0740971788764	0.8586863279342651	0.06721653789281845	0.047531772404909134	0.8765343427658081	0.0759337916970253
76	0.997363269329071	0.0024116402491927147	0.0002251479891128838	0.9972250461578369	0.002572600729763508	0.00020241516176611185
77	0.9975125789642334	0.0023283036425709724	0.0001590723404660821	0.9972413778305054	0.0026160560082644224	0.0001426230592187494
78	0.9960941672325134	0.0037490467075258493	0.00015683480887673795	0.9964832067489624	0.0033697907347232103	0.0001470017887186259
79	0.9974650144577026	0.002240330446511507	0.00029469336732290685	0.9973514080047607	0.0023293807171285152	0.0003191530122421682
80	0.9944794178009033	0.00533069483935833	0.0001898685732157901	0.9955669045448303	0.004243026953190565	0.00019003887427970767
81	0.9925467371940613	0.00720821600407362	0.0002449964522384107	0.9966398477554321	0.003151342738419771	0.0002087486209347844
82	0.9974174499511719	0.002185542369261384	0.00039704819209873676	0.9974279999732971	0.0021924441680312157	0.0003795150259975344
83	0.9946531057357788	0.00493382615968585	0.00041305614286102355	0.9959477782249451	0.003737594000995159	0.00031467468943446875
84	0.9967663288116455	0.0030186015646904707	0.00021506591292563826	0.9918837547302246	0.007862066850066185	0.0002541739377193153
85	0.942798912525177	0.05682091787457466	0.0003802079882007092	0.9740315675735474	0.025584306567907333	0.0003841628786176443
86	0.6733087301254272	0.0416610985994339	0.28503018617630005	0.25169411301612854	0.1110091358423233	0.6372967958450317
87	0.9978109002113342	0.0020090246107429266	0.00018008223560173064	0.9976281523704529	0.0022049967665225267	0.00016689178301021457
88	0.973297655582428	0.02612404339015484	0.0005782862426713109	0.9850459694862366	0.013896780088543892	0.0010572924511507154
89	0.9974706172943115	0.0023072801996022463	0.0002220993919763714	0.9966997504234314	0.0030928347259759903	0.00020742518245242536
90	0.015229601413011551	0.9843272566795349	0.00044318067375570536	0.9960640072822571	0.003767967689782381	0.0001679698470979929
91	0.9962409734725952	0.003539560828357935	0.00021948224457446486	0.9964476823806763	0.0033799796365201473	0.00017235535779036582
92	0.9955458641052246	0.0042090932838618755	0.0002450314350426197	0.9958421587944031	0.0038826216477900743	0.00027515884721651673
93	0.9908738136291504	0.008840278722345829	0.000285845686448738	0.9929640293121338	0.006815672852098942	0.0002203190524596721
94	0.9967798590660095	0.0029585324227809906	0.00026166849420405924	0.9964677095413208	0.003339905757457018	0.00019235095533076674
95	0.9967695474624634	0.002980247139930725	0.0002502052520867437	0.9974857568740845	0.0022098582703620195	0.0003043861361220479
96	0.9963244795799255	0.003490375354886055	0.00018512015230953693	0.9976096153259277	0.0021710849832743406	0.00021934823598712683
97	0.9901831746101379	0.008608301170170307	0.001208523754030466	0.9858276844024658	0.012780621647834778	0.001391724799759686
98	0.997992753982544	0.0018430812051519752	0.00016419458552263677	0.9980344176292419	0.0018266758415848017	0.00013888932880945504
99	0.9924262762069702	0.007256169803440571	0.0003175442398060113	0.9907641410827637	0.008836480788886547	0.00039929276681505144
100	0.9712637662887573	0.027509309351444244	0.001226963009685278	0.9703704714775085	0.028852976858615875	0.000776575063355267
101	0.9961389899253845	0.0037068857345730066	0.00015412559150718153	0.9964073300361633	0.003412873949855566	0.00017974730872083455
102	0.9944342970848083	0.005139085929840803	0.00042662941268645227	0.9943693280220032	0.005125828552991152	0.0005048051825724542
103	0.992874026298523	0.006880710367113352	0.0002453015185892582	0.9878729581832886	0.011834892444312572	0.00029219029238447547
104	0.9899167418479919	0.008184140548110008	0.0018990698736160994	0.9915095567703247	0.007987440563738346	0.0005029810126870871
105	0.9978072047233582	0.0020236142445355654	0.00016924261581152678	0.9964796900749207	0.0032596029341220856	0.0002606938942335546
106	0.9953228831291199	0.004477528389543295	0.00019961899670306593	0.9958186745643616	0.0039723715744912624	0.0002090246562147513
107	0.959488034248352	0.006591936573386192	0.03391999006271362	0.1964530348777771	0.008500602096319199	0.7950462698936462
108	0.9923048615455627	0.0075419689528644085	0.00015316616918426007	0.9969406127929688	0.0028704944998025894	0.00018897508562076837
109	0.9893190264701843	0.010467173531651497	0.0002138771815225482	0.9848196506500244	0.014929465018212795	0.000250928831519559
110	0.996458113193512	0.0033180410973727703	0.00022388661454897374	0.9968735575675964	0.0029060267843306065	0.00022043850913178176
111	0.9977681636810303	0.0020495366770774126	0.000182271032826975	0.9977582693099976	0.002052956260740757	0.00018875276145990938
112	0.9976752400398254	0.0021372123155742884	0.0001875895104603842	0.9976831674575806	0.0021181677002459764	0.00019864545902237296
113	0.9941509366035461	0.005681153386831284	0.00016784193576313555	0.9971070885658264	0.0027185038197785616	0.00017436484631616622
114	0.06684500724077225	0.15642715990543365	0.7767278552055359	0.06239517405629158	0.1209898442029953	0.8166149854660034
115	0.11009052395820618	0.8860411643981934	0.003868287894874811	0.9364072680473328	0.06211647763848305	0.0014762404607608914
116	0.9943634271621704	0.005307042971253395	0.00032956042559817433	0.992215096950531	0.0069497511722147465	0.0008351277210749686
117	0.9820442199707031	0.0172612052410841	0.0006945824134163558	0.994080126285553	0.0054764291271567345	0.000443424767581746
118	0.8785481452941895	0.12116775661706924	0.00028411473613232374	0.9967394471168518	0.0031340341083705425	0.0001265212777070701
119	0.9970400929450989	0.002775836968794465	0.00018410339544061571	0.9961528182029724	0.003671849612146616	0.00017526678857393563
120	0.997038722038269	0.0027426646556705236	0.0002186176716350019	0.9959509372711182	0.003830243833363056	0.0002188213256886229
121	0.9959775805473328	0.003829301567748189	0.000193148385733366	0.9981706142425537	0.0016469837864860892	0.00018238299526274204
122	0.9972755312919617	0.0025101539213210344	0.00021427229512482882	0.997014045715332	0.0027241434436291456	0.00026180161512456834
123	0.997825562953949	0.0019531156867742538	0.0002212892286479473	0.9979813694953918	0.0017911087488755584	0.0002274996804771945
124	0.9972326159477234	0.0025546285323798656	0.00021276909683365375	0.9974969029426575	0.0022952710278332233	0.0002077740937238559
125	0.9937361478805542	0.006091810762882233	0.00017206101620104164	0.988483726978302	0.011253918521106243	0.00026241099112667143
126	0.9979683756828308	0.0018377165542915463	0.00019383331527933478	0.9979579448699951	0.0018414560472592711	0.00020057434448972344
127	0.9950814247131348	0.004614854231476784	0.0003037680289708078	0.9953082203865051	0.004392944276332855	0.0002988204942084849
128	0.9975149631500244	0.0022092675790190697	0.00027578038861975074	0.9977447986602783	0.0020008604042232037	0.000254413957009092
129	0.9936031699180603	0.00621171947568655	0.00018515776901040226	0.9962255954742432	0.003592623397707939	0.0001817842130549252
130	0.9917888045310974	0.007760422304272652	0.0004507915291469544	0.9944656491279602	0.005258818622678518	0.0002755744499154389
131	0.9968922734260559	0.002891127485781908	0.00021667632972821593	0.9965357780456543	0.0032366556115448475	0.00022757475380785763
132	0.9977782368659973	0.0019418610027059913	0.00027984712505713105	0.9976551532745361	0.0020469333976507187	0.00029785471269860864
133	0.9969508647918701	0.002824529306963086	0.0002246099611511454	0.9968389272689819	0.002936137840151787	0.00022490153787657619
134	0.9916805624961853	0.007611843291670084	0.0007076202309690416	0.9954777359962463	0.004267534241080284	0.0002547217591200024
135	0.008735522627830505	0.988298237323761	0.0029661855660378933	0.9729572534561157	0.022882215678691864	0.004160522483289242
136	0.9967063069343567	0.0028804587200284004	0.00041330725071020424	0.9972367286682129	0.002386215142905712	0.0003770596522372216
137	0.9973459243774414	0.0024538834113627672	0.00020018903887830675	0.9945412278175354	0.0052176592871546745	0.00024114754342008382
138	0.9975171089172363	0.0022197908256202936	0.00026315380819141865	0.9852563738822937	0.01443528849631548	0.000308290560496971
139	0.9981638789176941	0.0016362923197448254	0.0001998589577851817	0.9977401494979858	0.002094472525641322	0.0001653289800742641
140	0.995665967464447	0.004079462494701147	0.000254575366852805	0.9956166744232178	0.004122069105505943	0.000261262699496001
141	0.9965903759002686	0.0031913311686366796	0.0002183069009333849	0.9966729879379272	0.0030938920099288225	0.00023311807308346033
142	0.990936815738678	0.00889146700501442	0.00017178391863126308	0.9971131086349487	0.0027021237183362246	0.00018476558034308255
143	0.9964653253555298	0.00331954937428236	0.00021508074132725596	0.9962041974067688	0.0035773511044681072	0.00021844884031452239
144	0.9826798439025879	0.017080673947930336	0.00023954718199092895	0.9950544834136963	0.004627613816410303	0.00031793187372386456
145	0.9967541098594666	0.0030470057390630245	0.0001989156153285876	0.9959571957588196	0.003814880270510912	0.00022788424394093454
146	0.9744884371757507	0.025235263630747795	0.00027626659721136093	0.9974700212478638	0.0023467878345400095	0.00018320926756132394
147	0.9976319074630737	0.0020876936614513397	0.00028039992321282625	0.9978895783424377	0.0018370202742516994	0.0002734617446549237
148	0.9889756441116333	0.010739371180534363	0.0002850530727300793	0.918212354183197	0.08086040616035461	0.0009272045572288334
149	0.9976215958595276	0.0021707641426473856	0.00020761425548698753	0.9969684481620789	0.002823019865900278	0.0002085364394588396
150	0.9967013001441956	0.0030911527574062347	0.00020755412697326392	0.9965609908103943	0.0032353210262954235	0.0002036539081018418
151	0.13713015615940094	0.8617405891418457	0.0011291923001408577	0.9970002770423889	0.002761194482445717	0.00023853078891988844
152	0.9971796274185181	0.002436503069475293	0.0003838562115561217	0.9969769716262817	0.002649150788784027	0.00037391678779385984
153	0.7029489874839783	0.22836744785308838	0.06868354976177216	0.7442963719367981	0.2125736027956009	0.04313002526760101
154	0.9911893606185913	0.00837743654847145	0.00043317320523783565	0.8865711092948914	0.022613435983657837	0.0908154845237732
155	0.9974749684333801	0.0023805529344826937	0.00014444548287428916	0.9969208240509033	0.002940087579190731	0.00013910570123698562
156	0.9867761731147766	0.011576440185308456	0.001647338503971696	0.9781900644302368	0.014104942791163921	0.007704931311309338
157	0.99631667137146	0.0034195235930383205	0.00026375360903330147	0.9952225089073181	0.004531322047114372	0.00024613746791146696
158	0.9975760579109192	0.002268512500450015	0.00015548954252153635	0.9966276288032532	0.003203656990081072	0.00016872896230779588
159	0.9962097406387329	0.0036074044182896614	0.00018287119746673852	0.9960238933563232	0.003789795096963644	0.00018627668032422662
160	0.9955872297286987	0.0037796085234731436	0.0006331702461466193	0.995001494884491	0.004135120660066605	0.0008633529068902135
161	0.995439350605011	0.00430792011320591	0.00025278807152062654	0.995989978313446	0.0037771204952150583	0.00023289058299269527
162	0.9972864389419556	0.002540452405810356	0.0001730672811390832	0.9970645308494568	0.0027635800652205944	0.00017183161980938166
163	0.9973952770233154	0.002345752902328968	0.0002589524374343455	0.9967464208602905	0.003029102925211191	0.00022443587658926845
164	0.9969684481620789	0.002825371455401182	0.00020614839741028845	0.9969582557678223	0.002827942371368408	0.00021382083650678396
165	0.9783431887626648	0.019644808024168015	0.0020119710825383663	0.9739760160446167	0.025467876344919205	0.0005561274592764676
166	0.997166097164154	0.0026367695536464453	0.00019708782201632857	0.9969683289527893	0.002819756045937538	0.0002119925629813224
167	0.020113961771130562	0.9788722395896912	0.001013779197819531	0.9912489652633667	0.008062793873250484	0.0006881733424961567
168	0.14101576805114746	0.8574422597885132	0.0015420534182339907	0.9922349452972412	0.006311824545264244	0.0014532924396917224
169	0.9980511665344238	0.0017377426847815514	0.0002110940549755469	0.9978616833686829	0.0019078698242083192	0.00023039797088131309
170	0.9926865100860596	0.0030332594178617	0.004280237480998039	0.9496346116065979	0.005724492948502302	0.04464084282517433
171	0.9969742298126221	0.0028159201610833406	0.00020986517483834177	0.6046954393386841	0.3944832980632782	0.000821232795715332
172	0.9971420168876648	0.002637312049046159	0.0002207004581578076	0.9972568154335022	0.0025312139187008142	0.00021202114294283092
173	0.9963433146476746	0.0034779293928295374	0.00017880006635095924	0.9965037107467651	0.003308274317532778	0.0001879944175016135
174	0.9975680708885193	0.0022524502128362656	0.0001795035059330985	0.9971227049827576	0.0026038240175694227	0.0002734755107667297
175	0.9852880835533142	0.013724077492952347	0.0009877901757135987	0.9889556765556335	0.00971471518278122	0.0013295775279402733
176	0.9632540941238403	0.03617109730839729	0.0005748170078732073	0.9922728538513184	0.007417929824441671	0.0003092968254350126
177	0.9948209524154663	0.004904288332909346	0.0002747228427324444	0.9950199127197266	0.0046864221803843975	0.0002935999946203083
178	0.9948215484619141	0.004790614824742079	0.00038783226045779884	0.9924746155738831	0.007180194836109877	0.0003452257951721549
179	0.9973377585411072	0.002401898382231593	0.0002603387110866606	0.996021568775177	0.003640915732830763	0.0003375633677933365
180	0.9973801970481873	0.0022734147496521473	0.0003463536559138447	0.0006026359042152762	0.9979212880134583	0.001476110308431089
181	0.9964883327484131	0.003275194438174367	0.00023650698130950332	0.6394013166427612	0.35987046360969543	0.0007281888974830508
182	0.9961379170417786	0.003608813276514411	0.00025328362244181335	0.9972829818725586	0.0024872985668480396	0.00022967657423578203
183	0.9971537590026855	0.0026662221644073725	0.00017996363749261945	0.994661271572113	0.005164549686014652	0.0001741647138260305
184	0.9976035952568054	0.0021914232056587934	0.00020504702115431428	0.9979724287986755	0.0018356115324422717	0.00019190061721019447
185	0.9927207827568054	0.006975582800805569	0.00030363435507752	0.9941008687019348	0.005582939833402634	0.0003161192580591887
186	0.997595489025116	0.0021651333663612604	0.00023931502073537558	0.9973769187927246	0.0024326625280082226	0.00019043304200749844
187	0.9972484707832336	0.0025377077981829643	0.00021379764075390995	0.997144877910614	0.0026282528415322304	0.00022686934971716255
188	0.9947201013565063	0.004681084770709276	0.0005988057819195092	0.9504574537277222	0.044155366718769073	0.005387196317315102
189	0.996853768825531	0.0029948607552796602	0.00015139470633585006	0.9972662925720215	0.0025579570792615414	0.00017575091624166816
190	0.9952701926231384	0.004496210254728794	0.00023364825756289065	0.9967964291572571	0.0029781325720250607	0.0002254203864140436
191	0.9966701865196228	0.003182231681421399	0.0001475979370297864	0.9966937303543091	0.00317132449708879	0.00013495466555468738
192	0.9966496825218201	0.003159774700179696	0.0001905542449094355	0.9968243837356567	0.0029620551504194736	0.0002136121765943244
193	0.9970694184303284	0.0027539499569684267	0.00017665750056039542	0.9961089491844177	0.0037162955850362778	0.00017480870883446187
194	0.990753173828125	0.008832932449877262	0.0004139264638070017	0.9791268706321716	0.02028883993625641	0.0005842130049131811
195	0.9969679713249207	0.0028626781422644854	0.00016941310605034232	0.9944182634353638	0.005411773454397917	0.00017001402738969773
196	0.9967063069343567	0.0029186499305069447	0.00037503434577956796	0.9959709048271179	0.0036401667166501284	0.0003888521168846637
197	0.9895976185798645	0.010150467045605183	0.00025188643485307693	0.9958440661430359	0.0039203595370054245	0.00023554715153295547
198	0.9968704581260681	0.002757628681138158	0.0003719221567735076	0.9887844324111938	0.010966750793159008	0.00024879214470274746
199	0.9960209727287292	0.0038221548311412334	0.000156878333655186	0.9954643845558167	0.004371734336018562	0.00016393628902733326
