0	0.0023056899663060904	0.0014847166603431106	0.9962096214294434	0.00030668548424728215	0.0005612129461951554	0.9991320967674255
1	0.00334944692440331	0.0011419913498684764	0.9955085515975952	0.005402616690844297	0.0028329493943601847	0.9917643666267395
2	0.018372366204857826	0.003263576189056039	0.9783640503883362	0.03396241366863251	0.008179821074008942	0.9578577876091003
3	0.3734418749809265	0.07884800434112549	0.5477100610733032	0.07336381822824478	0.38614389300346375	0.5404923558235168
4	0.006322650704532862	0.008365657180547714	0.98531174659729	0.00233417097479105	0.013416966423392296	0.9842488169670105
5	0.005604349076747894	0.0031346026808023453	0.9912610650062561	0.004354141652584076	0.00446008425205946	0.99118572473526
6	0.0045706345699727535	0.002797096036374569	0.9926322102546692	0.0028330739587545395	0.00356960273347795	0.9935972690582275
7	0.00390570773743093	0.0016231801128014922	0.9944710731506348	0.0014409589348360896	0.0028705892618745565	0.9956883788108826
8	0.004618685692548752	0.0021509500220417976	0.9932304620742798	0.000252283934969455	0.0007098816568031907	0.9990378618240356
9	0.0033052454236894846	0.0019722748547792435	0.9947224855422974	0.0027923763263970613	0.002039647661149502	0.9951679706573486
10	0.4462287127971649	0.043436199426651	0.5103350281715393	0.15608495473861694	0.21336764097213745	0.6305473446846008
11	0.0015980424359440804	0.0011666807113215327	0.9972352385520935	0.0003902388853020966	0.00040716229705139995	0.9992026686668396
12	0.0033995183184742928	0.0020116984378546476	0.9945888519287109	0.0020554829388856888	0.001425576163455844	0.9965189695358276
13	0.0037644875701516867	0.0013586946297436953	0.9948769211769104	0.0012625919189304113	0.0013408790109679103	0.9973965883255005
14	0.0013719922862946987	0.0004561027162708342	0.9981719255447388	0.00039430256583727896	0.0003714592312462628	0.9992343187332153
15	0.00833439826965332	0.0027445293962955475	0.988921046257019	0.004619958810508251	0.0038078820798546076	0.9915722608566284
16	0.0018587748054414988	0.0007382457260973752	0.9974029660224915	0.0005704947398044169	0.0011447060387581587	0.9982847571372986
17	0.3576551675796509	0.19201497733592987	0.45032984018325806	0.5886522531509399	0.3556850552558899	0.05566266551613808
18	0.001025806413963437	0.0004890660056844354	0.9984851479530334	0.0009759009699337184	0.0006774495705030859	0.9983466863632202
19	0.06596755981445312	0.009828750975430012	0.9242036938667297	0.020620984956622124	0.028016002848744392	0.9513629674911499
20	0.0020817413460463285	0.0011602138401940465	0.9967580437660217	0.001358394860289991	0.001079663634300232	0.9975619316101074
21	0.008459209464490414	0.00490936916321516	0.986631453037262	0.0038562454283237457	0.002964508254081011	0.993179202079773
22	0.0029448694549500942	0.00103232532273978	0.9960228204727173	0.0004786481149494648	0.0003309865714982152	0.9991903901100159
23	0.014074372127652168	0.020399795845150948	0.9655258059501648	0.006692016031593084	0.14256511628627777	0.8507429361343384
24	0.010260216891765594	0.0023253329563885927	0.9874144196510315	0.004592044744640589	0.0052377525717020035	0.9901701807975769
25	0.02102329209446907	0.01534838043153286	0.9636282920837402	0.02514137700200081	0.0686815083026886	0.9061771631240845
26	0.0011447605211287737	0.0008447123691439629	0.9980105757713318	0.0002776309265755117	0.0014064426068216562	0.9983159303665161
27	0.08508501201868057	0.016314834356307983	0.898600161075592	0.03499354422092438	0.034848473966121674	0.9301580190658569
28	0.004164745565503836	0.0013318925630301237	0.994503378868103	0.0005749110132455826	0.007934707216918468	0.9914904236793518
29	0.3147897720336914	0.013193616643548012	0.6720166802406311	0.05289394408464432	0.01095216628164053	0.9361538887023926
30	0.009909876622259617	0.00823687482625246	0.9818533062934875	0.0013915406307205558	0.03262658417224884	0.9659819006919861
31	0.0021056917030364275	0.0017402383964508772	0.9961540102958679	0.002030177041888237	0.0037454047705978155	0.994224488735199
32	0.001225106418132782	0.0009297404903918505	0.9978451728820801	0.0004404518404044211	0.0008491490734741092	0.9987103939056396
33	0.0030782984104007483	0.0010774314869195223	0.995844304561615	0.0019275161903351545	0.0016883860807865858	0.9963840246200562
34	0.003409982193261385	0.002562351291999221	0.9940276145935059	0.0003432061057537794	0.0025102386716753244	0.9971465468406677
35	0.9760249257087708	0.018804317340254784	0.005170762073248625	0.4750787913799286	0.05660867691040039	0.468312531709671
36	0.0020978462416678667	0.0016342888120561838	0.9962678551673889	0.0006678053177893162	0.0009682478848844767	0.9983639121055603
37	0.0010300659341737628	0.0006519810413010418	0.998318076133728	0.00023770738334860653	0.0005106569151394069	0.9992515444755554
38	0.004014447797089815	0.001522286213003099	0.9944632649421692	0.0007518678321503103	0.014890477061271667	0.9843577146530151
39	0.001214411691762507	0.0014464925043284893	0.9973391890525818	0.0006904578767716885	0.0019993491005152464	0.9973101615905762
40	0.001760701765306294	0.0013285374734550714	0.9969107508659363	0.0013476331951096654	0.0033732708543539047	0.9952791929244995
41	0.0008882410475052893	0.00042876144289039075	0.9986830353736877	0.0003607649414334446	0.0005288610700517893	0.9991104006767273
42	0.013340858742594719	0.003562411991879344	0.9830968379974365	0.0010579690570011735	0.0022847827058285475	0.9966572523117065
43	0.006020354572683573	0.011984785087406635	0.9819949269294739	0.03269141912460327	0.6149181127548218	0.35239046812057495
44	0.4462287127971649	0.043436199426651	0.5103350281715393	0.15608495473861694	0.21336764097213745	0.6305473446846008
45	0.008044819347560406	0.006717436946928501	0.9852377772331238	0.07081715017557144	0.2564771771430969	0.6727056503295898
46	0.004056490492075682	0.0012370229233056307	0.9947065711021423	0.0036549356300383806	0.002520589157938957	0.9938244819641113
47	0.012804573401808739	0.0021089448127895594	0.9850864410400391	0.0065869842655956745	0.005316402297466993	0.9880967140197754
48	0.0049070920795202255	0.03342058137059212	0.961672306060791	0.004156624432653189	0.47556960582733154	0.520273745059967
49	0.005446102935820818	0.0008887335425242782	0.9936652183532715	0.007914685644209385	0.012802962213754654	0.9792823195457458
50	0.0007722345180809498	0.0004697717959061265	0.9987579584121704	0.0002616318524815142	0.0010200442047789693	0.99871826171875
51	0.0032740423921495676	0.0013492906000465155	0.995376706123352	0.0013923676451668143	0.0013996314955875278	0.9972079396247864
52	0.9657145738601685	0.009772741235792637	0.024512717500329018	0.9876741766929626	0.00868508592247963	0.0036407029256224632
53	0.005315915681421757	0.0013535857433453202	0.9933304190635681	0.0011014537885785103	0.0010355557315051556	0.9978631138801575
54	0.09476218372583389	0.02172870747745037	0.8835092186927795	0.007478129118680954	0.006433919072151184	0.9860879778862
55	0.001448477036319673	0.0010110500734299421	0.9975404739379883	0.0011295058066025376	0.0024713026359677315	0.9963991641998291
56	0.000812025333289057	0.0013431861298158765	0.9978448152542114	0.0006039371364749968	0.0028624595142900944	0.9965335130691528
57	0.18423356115818024	0.009515462443232536	0.8062509894371033	0.007661649491637945	0.02423051744699478	0.9681078195571899
58	0.0111607126891613	0.0022256476804614067	0.9866136908531189	0.008189249783754349	0.0054473537020385265	0.9863634705543518
59	0.02415054477751255	0.006477706599980593	0.9693717956542969	0.006117683369666338	0.004482879303395748	0.9893993735313416
60	0.035052381455898285	0.006381402723491192	0.9585661292076111	0.012797798961400986	0.03563329949975014	0.9515689015388489
61	0.010097690857946873	0.006437087897211313	0.9834651947021484	0.050337597727775574	0.09435021877288818	0.8553122282028198
62	0.004343532957136631	0.0017369394190609455	0.9939194917678833	0.0055135684087872505	0.004549971781671047	0.9899364709854126
63	0.0036760305520147085	0.0022303196601569653	0.9940937161445618	0.0011804160894826055	0.0011550787603482604	0.9976645708084106
64	0.03751150891184807	0.007321008015424013	0.9551674127578735	0.000534715480171144	0.00825268030166626	0.9912126660346985
65	0.0007025701925158501	0.00043468631338328123	0.9988627433776855	0.0008213291293941438	0.000572067336179316	0.9986066222190857
66	0.004641540814191103	0.0017126442398875952	0.9936457872390747	0.013461765833199024	0.017956743016839027	0.9685814380645752
67	0.011824549175798893	0.00982002355158329	0.9783554077148438	0.26260924339294434	0.1447131633758545	0.5926775336265564
68	0.009803857654333115	0.0015678333584219217	0.9886283278465271	0.005117369350045919	0.0026389078702777624	0.9922437071800232
69	0.0017239198787137866	0.001068459707312286	0.9972075819969177	0.001327252364717424	0.00230638706125319	0.9963663816452026
70	0.01076155249029398	0.002756961388513446	0.9864814281463623	0.013085911050438881	0.0038960864767432213	0.9830180406570435
71	0.0012377439998090267	0.0005757216131314635	0.9981865286827087	0.00173417036421597	0.0017024653498083353	0.9965633749961853
72	0.005993228871375322	0.0026229226496070623	0.9913837909698486	0.0012116970028728247	0.0024161869660019875	0.9963722229003906
73	0.001863207551650703	0.0009348664898425341	0.9972019195556641	0.0005579242715612054	0.002653801115229726	0.9967883825302124
74	0.0019292947836220264	0.0007040936034172773	0.9973666071891785	0.0005859072552993894	0.0010144890984520316	0.998399555683136
75	0.006011904217302799	0.0013050357811152935	0.9926831126213074	0.00908392108976841	0.002813592553138733	0.9881024956703186
76	0.0044485582038760185	0.0016939594643190503	0.9938574433326721	0.0027055374812334776	0.0023314817808568478	0.9949629306793213
77	0.002186993369832635	0.0012062399182468653	0.9966068267822266	0.001044252421706915	0.000751004321500659	0.9982047080993652
78	0.0012684745015576482	0.0013000635663047433	0.9974314570426941	0.001821089768782258	0.002910311333835125	0.9952685236930847
79	0.010691111907362938	0.0023716529831290245	0.9869372248649597	0.002256711246445775	0.0030974671244621277	0.9946458339691162
80	0.006794493179768324	0.0021700530778616667	0.9910354614257812	0.0012316537322476506	0.0012129317037761211	0.9975554347038269
81	0.9934861063957214	0.006174860522150993	0.00033901786082424223	0.9875813722610474	0.010525343008339405	0.001893246895633638
82	0.17107464373111725	0.007365564815700054	0.821559727191925	0.4225133955478668	0.023113200441002846	0.5543734431266785
83	0.004672402050346136	0.0018671195721253753	0.9934604167938232	0.2829030454158783	0.06703253835439682	0.6500644087791443
84	0.9954187870025635	0.0043031745590269566	0.00027800785028375685	0.9911653399467468	0.007116398774087429	0.0017182230949401855
85	0.004820303991436958	0.0012047041673213243	0.9939749836921692	0.004400492645800114	0.0017185353208333254	0.9938809871673584
86	0.986602783203125	0.01217081118375063	0.0012263571843504906	0.9668986797332764	0.02304079383611679	0.010060552507638931
87	0.9484565854072571	0.01396254450082779	0.03758091479539871	0.864276111125946	0.10333839803934097	0.0323854498565197
88	0.062036093324422836	0.010985840111970901	0.9269781112670898	0.020930016413331032	0.009983785450458527	0.969086229801178
89	0.009250296279788017	0.013523750007152557	0.9772260189056396	0.043328531086444855	0.5129205584526062	0.44375088810920715
90	0.008695919997990131	0.005150604993104935	0.9861534833908081	0.023018449544906616	0.08150573819875717	0.8954758048057556
91	0.005630718544125557	0.006742777768522501	0.9876264929771423	0.011586375534534454	0.008685982786118984	0.9797276258468628
92	0.001025806413963437	0.0004890660056844354	0.9984851479530334	0.0009759009699337184	0.0006774495705030859	0.9983466863632202
93	0.1347847729921341	0.027878625318408012	0.8373365998268127	0.08149353414773941	0.2091768980026245	0.7093296051025391
94	0.012121295556426048	0.005438343621790409	0.9824403524398804	0.003492971183732152	0.005305850878357887	0.9912011623382568
95	0.01102862972766161	0.005786046851426363	0.983185350894928	0.008327838033437729	0.026281271129846573	0.9653909206390381
96	0.0015773888444527984	0.0007102438248693943	0.9977123737335205	0.0006049523944966495	0.0008630927768535912	0.9985319375991821
97	0.006407174747437239	0.002991180866956711	0.990601658821106	0.003808588720858097	0.002403995720669627	0.9937875270843506
98	0.01662689633667469	0.0026353260036557913	0.9807377457618713	0.002152808476239443	0.0023747929371893406	0.9954723715782166
99	0.014956366270780563	0.0039182500913739204	0.9811253547668457	0.00037613316089846194	0.0013491509016603231	0.9982746839523315
100	0.06894174963235855	0.019092733040452003	0.9119654893875122	0.003104277653619647	0.009347268380224705	0.9875484704971313
101	0.013753911480307579	0.003222425002604723	0.9830237030982971	0.002440201584249735	0.0022200390230864286	0.9953397512435913
102	0.02690366469323635	0.004492208827286959	0.9686040282249451	0.0030322307720780373	0.002504277043044567	0.9944635033607483
103	0.3734418749809265	0.07884800434112549	0.5477100610733032	0.07336381822824478	0.38614389300346375	0.5404923558235168
104	0.001976720290258527	0.00395726365968585	0.9940659999847412	0.006698937155306339	0.026133844628930092	0.9671672582626343
105	0.0030779328662902117	0.0016773641109466553	0.9952446818351746	0.0016791191883385181	0.002162630669772625	0.9961583018302917
106	0.01725565642118454	0.003831250825896859	0.9789131283760071	0.01031031459569931	0.004857299383729696	0.9848323464393616
107	0.008596314117312431	0.0014548584586009383	0.9899488687515259	0.001545545645058155	0.0039467415772378445	0.9945076107978821
108	0.014053823426365852	0.00417164945974946	0.9817744493484497	0.005142667330801487	0.009035591967403889	0.9858217835426331
109	0.007301346864551306	0.00879129208624363	0.9839073419570923	0.002485503675416112	0.013846589252352715	0.9836679100990295
110	0.0007448438555002213	0.0005014515481889248	0.9987536668777466	0.00021692989685107023	0.0009118146845139563	0.9988711476325989
111	0.0008169215871021152	0.0004756589187309146	0.9987074136734009	0.0001936153566930443	0.00027477878029458225	0.999531626701355
112	0.9535760879516602	0.010534201748669147	0.03588968142867088	0.8880724310874939	0.01759042590856552	0.09433713555335999
113	0.004056490492075682	0.0012370229233056307	0.9947065711021423	0.0036549356300383806	0.002520589157938957	0.9938244819641113
114	0.008219287730753422	0.001825738581828773	0.989954948425293	0.0033644097857177258	0.0018694133032113314	0.9947662353515625
115	0.9110280871391296	0.03494011238217354	0.054031796753406525	0.9722073078155518	0.020067645236849785	0.007725061848759651
116	0.0023056899663060904	0.0014847166603431106	0.9962096214294434	0.00030668548424728215	0.0005612129461951554	0.9991320967674255
117	0.004994765855371952	0.001319201779551804	0.9936860203742981	0.008580493740737438	0.003175143152475357	0.9882442951202393
118	0.0025757288094609976	0.0008554720552638173	0.9965687990188599	0.001437787781469524	0.0017771325074136257	0.996785044670105
119	0.013013186864554882	0.0028385205660015345	0.9841482639312744	0.027585534378886223	0.020549701526761055	0.9518647789955139
120	0.00253664399497211	0.00147063541226089	0.9959927201271057	0.0008055039797909558	0.0018078534631058574	0.997386634349823
121	0.003262010868638754	0.0014798037009313703	0.9952581524848938	0.003416879568248987	0.0014636777341365814	0.995119571685791
122	0.05149352550506592	0.009037516079843044	0.9394689202308655	0.019457213580608368	0.030649175867438316	0.949893593788147
123	0.0006135004223324358	0.0005109813064336777	0.9988755583763123	0.00028351787477731705	0.0002919296966865659	0.9994245767593384
124	0.0019408471416682005	0.001872264314442873	0.9961869120597839	0.0017336702439934015	0.003993060439825058	0.9942732453346252
125	0.00326251657679677	0.0011028728913515806	0.9956346154212952	0.006070947274565697	0.003177453065291047	0.9907516241073608
126	0.001775357872247696	0.0011401833035051823	0.9970844388008118	0.0014225244522094727	0.0016080008354038	0.9969695210456848
127	0.003764396533370018	0.001096090185455978	0.995139479637146	0.0003846627951133996	0.00041758158477023244	0.999197781085968
128	0.008606401272118092	0.001453483127988875	0.9899401068687439	0.0017462142277508974	0.004265764728188515	0.993988037109375
129	0.06571248918771744	0.007017846219241619	0.9272697567939758	0.0032545446883887053	0.0021327577996999025	0.9946126937866211
130	0.015333889052271843	0.0034829461947083473	0.9811831712722778	0.0006140950135886669	0.002193411346524954	0.9971925616264343
131	0.0006551010883413255	0.0002882156113628298	0.9990566372871399	0.0002149019273929298	0.0005011166795156896	0.9992839694023132
132	0.0020522589329630136	0.0007486114627681673	0.9971991777420044	0.0004511338484007865	0.0004741270386148244	0.9990746974945068
133	0.08185126632452011	0.010495265014469624	0.9076535105705261	0.003964322153478861	0.05706246942281723	0.9389731884002686
134	0.011773874051868916	0.0017783130751922727	0.986447811126709	0.004492172505706549	0.0014908078592270613	0.9940170049667358
135	0.0005646260106004775	0.00033162639010697603	0.9991037249565125	0.00031782413134351373	0.0008383950334973633	0.998843789100647
136	0.10336433351039886	0.01740952394902706	0.8792260885238647	0.1086122915148735	0.09575188159942627	0.7956358790397644
137	0.9037414789199829	0.013048437424004078	0.08321011066436768	0.43598827719688416	0.21875087916851044	0.3452607989311218
138	0.0017606854671612382	0.00043480595923028886	0.997804582118988	0.0008986585307866335	0.0005783748929388821	0.998522937297821
139	0.004371540620923042	0.0012310075107961893	0.9943974018096924	0.0013861944898962975	0.0022247389424592257	0.9963891506195068
140	0.02703181467950344	0.01913236640393734	0.9538357853889465	0.013514269143342972	0.12216947972774506	0.8643162250518799
141	0.06596755981445312	0.009828750975430012	0.9242036938667297	0.020620984956622124	0.028016002848744392	0.9513629674911499
142	0.0033116862177848816	0.0012623086804524064	0.9954259991645813	0.0009820122504606843	0.0013400036841630936	0.9976779818534851
143	0.0056352270767092705	0.0016690935008227825	0.992695689201355	0.001686822040937841	0.00596780376508832	0.99234539270401
144	0.9940481185913086	0.0054448796436190605	0.0005070394254289567	0.9171069860458374	0.08018875867128372	0.0027042028959840536
145	0.006938200909644365	0.002992931054905057	0.9900688529014587	0.0033777086064219475	0.004763096105307341	0.9918591380119324
146	0.005187264643609524	0.03360934555530548	0.9612034559249878	0.012979837134480476	0.4774973392486572	0.5095227360725403
147	0.05331224575638771	0.005136015359312296	0.941551685333252	0.02631600946187973	0.016118817031383514	0.957565188407898
148	0.02600838989019394	0.015363289043307304	0.9586282968521118	0.004982685670256615	0.42322930693626404	0.5717880129814148
149	0.12017858028411865	0.008600868284702301	0.8712205290794373	0.04880516603589058	0.07358548045158386	0.877609372138977
150	0.010229403153061867	0.002479861257597804	0.9872907996177673	0.0014536340022459626	0.004020314663648605	0.9945260882377625
151	0.0014136231038719416	0.0004637981182895601	0.99812251329422	0.00039278384065255523	0.0003606501850299537	0.9992465972900391
152	0.012246545404195786	0.0016933109145611525	0.9860601425170898	0.014631177298724651	0.009572231210768223	0.9757965803146362
153	0.0047704558819532394	0.0031094688456505537	0.9921201467514038	0.0005238612648099661	0.0033400917891412973	0.9961360096931458
154	0.0007923429366201162	0.0008932260680012405	0.998314380645752	0.0006307712756097317	0.0028067007660865784	0.9965624213218689
155	0.003719764994457364	0.0010026058880612254	0.9952776432037354	0.000366750085959211	0.00033046925091184676	0.9993027448654175
156	0.013740438036620617	0.004171640612185001	0.9820879101753235	0.0022037250455468893	0.009110926650464535	0.9886852502822876
157	0.006938200909644365	0.002992931054905057	0.9900688529014587	0.0033777086064219475	0.004763096105307341	0.9918591380119324
158	0.0013933106092736125	0.0019815387204289436	0.9966250658035278	0.0036582895554602146	0.02062329091131687	0.9757183790206909
159	0.001612829859368503	0.000586514885071665	0.9978006482124329	0.0005898534436710179	0.000376746931578964	0.9990334510803223
160	0.0439457893371582	0.0052486308850348	0.9508054852485657	0.022175174206495285	0.007114985026419163	0.9707098007202148
161	0.005791718605905771	0.0032726910430938005	0.9909356236457825	0.0026980761904269457	0.007017006631940603	0.9902849793434143
162	0.03877557814121246	0.004120206460356712	0.9571042060852051	0.05541568621993065	0.013238375075161457	0.9313458800315857
163	0.0031634478364139795	0.0012221175711601973	0.9956144094467163	0.001223818282596767	0.0016611309256404638	0.9971150159835815
164	0.07180500030517578	0.004710671957582235	0.9234842658042908	0.010589756071567535	0.003582889912649989	0.9858273267745972
165	0.005121306981891394	0.0011951621854677796	0.9936835765838623	0.00033602610346861184	0.0007593425689265132	0.9989045858383179
166	0.004705626983195543	0.0010284382151439786	0.9942659735679626	0.0014344119699671865	0.0012088986113667488	0.997356653213501
167	0.002415564376860857	0.004879743792116642	0.9927046895027161	0.0017665252089500427	0.045184049755334854	0.95304936170578
168	0.0027157103177160025	0.0014315374428406358	0.9958527088165283	0.002129586646333337	0.001758716069161892	0.9961116909980774
169	0.001490793307311833	0.0009762545232661068	0.997532844543457	0.0004143176192883402	0.00047523726243525743	0.9991104006767273
170	0.004706223029643297	0.0014963072026148438	0.9937974810600281	0.0014198013814166188	0.006659999024122953	0.9919202327728271
171	0.01080409623682499	0.00528679508715868	0.9839090704917908	0.0074868458323180676	0.008028089068830013	0.9844850301742554
172	0.9266393780708313	0.011390523053705692	0.06197004020214081	0.47787415981292725	0.19312690198421478	0.3289988934993744
173	0.011617789044976234	0.0036970407236367464	0.9846851825714111	0.0016541084041818976	0.0015601408667862415	0.9967857599258423
174	0.8381054401397705	0.12869712710380554	0.033197443932294846	0.7233173251152039	0.25704795122146606	0.01963474415242672
175	0.00541963754221797	0.0014677620492875576	0.9931125044822693	0.01347420085221529	0.0037369930651038885	0.9827888607978821
176	0.02372097037732601	0.005673964507877827	0.9706051349639893	0.013596940785646439	0.009645551443099976	0.9767574667930603
177	0.0016747781774029136	0.001003297045826912	0.9973219037055969	0.0008902198169380426	0.0013940188800916076	0.9977157115936279
178	0.0006983301718719304	0.0004925424000248313	0.9988090991973877	0.00046347948955371976	0.00076998898293823	0.9987665414810181
179	0.001181067549623549	0.000640872516669333	0.9981780052185059	0.00031838464201427996	0.0007227952009998262	0.9989587068557739
180	0.0005328046972863376	0.00033205587533302605	0.9991351962089539	0.0003860012220684439	0.00036229295074008405	0.9992517828941345
181	0.013141652569174767	0.00572505546733737	0.9811332821846008	0.007887622341513634	0.009564502164721489	0.9825479388237
182	0.0015105432830750942	0.0009447673801332712	0.9975445866584778	0.0006522838957607746	0.0016155007760971785	0.9977321624755859
183	0.0024109885562211275	0.0009535112185403705	0.9966354966163635	0.0038140180986374617	0.0022047292441129684	0.9939811825752258
184	0.005424367263913155	0.001500361249782145	0.9930752515792847	0.005198989529162645	0.0024414951913058758	0.9923595786094666
185	0.9896581768989563	0.009129747748374939	0.00121211854275316	0.8420537710189819	0.07511603832244873	0.08283016830682755
186	0.010664368979632854	0.002608407521620393	0.9867271780967712	0.010174357332289219	0.00552855059504509	0.9842970967292786
187	0.006989572662860155	0.001960344146937132	0.991050124168396	0.0027664867229759693	0.0015535843558609486	0.9956798553466797
188	0.016736024990677834	0.002540079178288579	0.9807238578796387	0.0007997362408787012	0.001136315637268126	0.998063862323761
189	0.003242094535380602	0.001438333885744214	0.9953195452690125	0.007410524412989616	0.0019058526959270239	0.9906835556030273
190	0.001414611586369574	0.0014875192428007722	0.9970978498458862	0.0007610048050992191	0.0021519409492611885	0.9970870614051819
191	0.01300255861133337	0.006368863862007856	0.9806286096572876	0.0014179011341184378	0.03400186076760292	0.964580237865448
192	0.0045300195924937725	0.002330073621124029	0.993139922618866	0.01006609108299017	0.012014437466859818	0.9779194593429565
193	0.5498948693275452	0.017717141658067703	0.43238794803619385	0.36964449286460876	0.12090959399938583	0.50944584608078
194	0.004014447797089815	0.001522286213003099	0.9944632649421692	0.0007518678321503103	0.014890477061271667	0.9843577146530151
195	0.004084934946149588	0.0015020479913800955	0.9944130778312683	0.003172942902892828	0.0024604029022157192	0.9943667054176331
196	0.01104708481580019	0.0018406093586236238	0.9871122241020203	0.005757592152804136	0.008097594603896141	0.9861447811126709
197	0.3240576386451721	0.013706750236451626	0.6622356176376343	0.9115024209022522	0.03007606603205204	0.0584215447306633
198	0.0010208133608102798	0.00044297456042841077	0.998536229133606	0.0003416436957195401	0.00023781492200214416	0.9994205236434937
199	0.009285831823945045	0.0026015799958258867	0.9881126284599304	0.006453025620430708	0.007592714857310057	0.985954225063324
