0	0.9968500733375549	0.002970245899632573	0.0001796734140953049	0.9977789521217346	0.0020828505512326956	0.0001382367336191237
1	0.9905546307563782	0.008274747058749199	0.0011706515215337276	0.9936416745185852	0.005761200096458197	0.0005971785285510123
2	0.9973867535591125	0.0023929360322654247	0.00022031339176464826	0.9972444772720337	0.0025339287240058184	0.00022158448700793087
3	0.9821709394454956	0.01708885096013546	0.0007402634364552796	0.9947226047515869	0.004985264036804438	0.000292163691483438
4	0.9942427277565002	0.005574513226747513	0.00018278969218954444	0.9906628131866455	0.009067566134035587	0.0002696117735467851
5	0.997969925403595	0.0018124341731891036	0.00021766338613815606	0.997945249080658	0.0018814262002706528	0.00017327889509033412
6	0.0009832666255533695	0.9981953501701355	0.0008213832043111324	0.9780108332633972	0.02178061008453369	0.00020855235925409943
7	0.9970695972442627	0.0027698965277522802	0.00016049057012423873	0.9970699548721313	0.0027480863500386477	0.000181974217412062
8	0.9974665641784668	0.002311966847628355	0.000221461639739573	0.9971523284912109	0.0026626114267855883	0.00018506277410779148
9	0.9610558748245239	0.037587907165288925	0.001356205204501748	0.9590632915496826	0.0389944389462471	0.0019422771874815226
10	0.005045370664447546	0.9944091439247131	0.0005454045603983104	0.9970555305480957	0.00273892586119473	0.0002055442746495828
11	0.9976503252983093	0.002193566644564271	0.00015615603479091078	0.9979938268661499	0.001869788859039545	0.00013637107622344047
12	0.9974084496498108	0.0023367218673229218	0.000254849495831877	0.997312068939209	0.0022915436420589685	0.00039641925832256675
13	0.18486201763153076	0.7899278402328491	0.02521015889942646	0.38387036323547363	0.6090566515922546	0.007072987034916878
14	0.9948208332061768	0.0046758586540818214	0.0005032794433645904	0.9960131645202637	0.003644471988081932	0.00034238636726513505
15	0.9948352575302124	0.004761564079672098	0.00040312926284968853	0.9965299963951111	0.0032387503888458014	0.0002312224532943219
16	0.9941319823265076	0.00562156131491065	0.0002464576973579824	0.003259332152083516	0.9928810596466064	0.003859621938318014
17	0.9939634203910828	0.005781589075922966	0.00025503887445665896	0.9917328357696533	0.007951602339744568	0.00031558345654048026
18	0.8007610440254211	0.19715498387813568	0.0020839315839111805	0.9924095869064331	0.007130168378353119	0.0004602427943609655
19	0.9938650727272034	0.0059993029572069645	0.00013559051149059087	0.9956270456314087	0.004241000860929489	0.00013196468353271484
20	0.9935321807861328	0.006180761847645044	0.0002869815216399729	0.9954067468643188	0.004274267703294754	0.0003189921844750643
21	0.996425211429596	0.0033281375654041767	0.0002466100559104234	0.9952459931373596	0.004553135950118303	0.00020086772565264255
22	0.7233734726905823	0.02500523254275322	0.2516212463378906	0.9157825708389282	0.03215046226978302	0.05206691473722458
23	0.9930642247200012	0.006692206487059593	0.00024357502115890384	0.0013939682394266129	0.9982181191444397	0.0003879750438500196
24	0.997175931930542	0.002595983911305666	0.00022811806411482394	0.9971653819084167	0.002574277576059103	0.0002602798631414771
25	0.9934653639793396	0.006326359696686268	0.00020827788102906197	0.9972654581069946	0.002543966518715024	0.00019053801952395588
26	0.9964529275894165	0.003251100890338421	0.0002959569392260164	0.1250540167093277	0.872947096824646	0.0019988445565104485
27	0.9971713423728943	0.0026073679327964783	0.00022128064301796257	0.9974932670593262	0.002319963416084647	0.00018676582840271294
28	0.9943390488624573	0.005289866589009762	0.0003710453165695071	0.9972440004348755	0.002567082643508911	0.00018887726764660329
29	0.9960361123085022	0.003619065973907709	0.0003448995412327349	0.011636799201369286	0.9830374121665955	0.005325774196535349
30	0.0033134298864752054	0.9943272471427917	0.0023593364749103785	0.9954083561897278	0.004140002187341452	0.0004516792541835457
31	0.9973589777946472	0.0024614252615720034	0.00017956449300982058	0.9968771934509277	0.0029549102764576674	0.00016789806250017136
32	0.9949147701263428	0.004761951509863138	0.00032325557549484074	0.994866132736206	0.004813480656594038	0.00032034891773946583
33	0.08552013337612152	0.016373906284570694	0.8981059789657593	0.10776645690202713	0.014676068909466267	0.8775575160980225
34	0.9848243594169617	0.013797790743410587	0.0013778466964140534	0.9945653676986694	0.0047838096506893635	0.000650828005746007
35	0.009130765683948994	0.931877851486206	0.05899129807949066	0.9181361794471741	0.026096725836396217	0.05576711893081665
36	0.9933744072914124	0.006457759067416191	0.00016781114391051233	0.9944503307342529	0.00540879275649786	0.00014095449296291918
37	0.9924505352973938	0.007367985788732767	0.0001814807328628376	0.9915253520011902	0.008300879038870335	0.00017379569180775434
38	0.9732827544212341	0.026373008266091347	0.0003442871675360948	0.9900561571121216	0.009678526781499386	0.0002653378469403833
39	0.9964885711669922	0.0032980823889374733	0.00021334765187930316	0.9953931570053101	0.004411174450069666	0.0001956632040673867
40	0.8337634205818176	0.1201014369726181	0.046135179698467255	0.022046441212296486	0.6366913914680481	0.3412621021270752
41	0.9967633485794067	0.0029968218877911568	0.00023980095284059644	0.9969357252120972	0.0028486556839197874	0.0002155885740648955
42	0.9633849263191223	0.03636598587036133	0.0002490080369170755	0.9884306192398071	0.011208409443497658	0.0003609680279623717
43	0.995641827583313	0.004017764702439308	0.0003404066665098071	0.9959346055984497	0.003670154372230172	0.0003951827820856124
44	0.9125751256942749	0.08582717180252075	0.0015976930735632777	0.9929137229919434	0.0067533389665186405	0.0003329501487314701
45	0.9931672215461731	0.006592449266463518	0.00024040639982558787	0.9795283079147339	0.02011743187904358	0.0003542591875884682
46	0.996320366859436	0.0034335176460444927	0.000246073876041919	0.9964208602905273	0.0033366051502525806	0.00024255052267108113
47	0.992874026298523	0.006768197752535343	0.0003578215546440333	0.993837296962738	0.005799367558211088	0.0003632806765381247
48	0.9911890029907227	0.006004610564559698	0.00280634593218565	0.9922831654548645	0.007439125329256058	0.00027767656138166785
49	0.995094895362854	0.004428864922374487	0.00047623863792978227	0.995400607585907	0.004135266877710819	0.00046415170072577894
50	0.17959712445735931	0.49977752566337585	0.32062530517578125	0.6481590867042542	0.23286908864974976	0.11897177994251251
51	0.9969978332519531	0.0028494675643742085	0.00015276869817171246	0.9961841702461243	0.0036680572666227818	0.00014777196338400245
52	0.9699571132659912	0.027696510776877403	0.002346427645534277	0.9920105934143066	0.007271844428032637	0.0007175615173764527
53	0.927513062953949	0.052064042538404465	0.020422862842679024	0.9775511622428894	0.021160567179322243	0.00128822005353868
54	0.9836668968200684	0.011988521553575993	0.004344632383435965	0.984701931476593	0.014301765710115433	0.0009962953627109528
55	0.08824104815721512	0.1556159406900406	0.7561430335044861	0.018791532143950462	0.3660823404788971	0.6151261329650879
56	0.9932807087898254	0.006532660685479641	0.00018668858683668077	0.9940630793571472	0.005770367104560137	0.000166550453286618
57	0.03681677579879761	0.9324705004692078	0.03071269951760769	0.9717164039611816	0.022223683074116707	0.006059923674911261
58	0.9966005682945251	0.0032072660978883505	0.00019224564312025905	0.997826874256134	0.0019793210085481405	0.00019383059407118708
59	0.9888609051704407	0.00860954262316227	0.0025295494124293327	0.34916460514068604	0.09851720184087753	0.5523182153701782
60	0.9970089793205261	0.0028005412314087152	0.00019053024880122393	0.9968411922454834	0.002969245193526149	0.00018955110863316804
61	0.9972912669181824	0.0025711944326758385	0.00013745446631219238	0.9974600672721863	0.0023953928612172604	0.00014457423822022974
62	0.9965713024139404	0.0032708721701055765	0.0001578687661094591	0.9969857335090637	0.002853977493941784	0.00016026388038881123
63	0.8691831231117249	0.0867474302649498	0.04406939074397087	0.7312390208244324	0.028703579679131508	0.24005737900733948
64	0.3168830871582031	0.6813697218894958	0.0017471889732405543	0.9831162095069885	0.016574840992689133	0.000308985443552956
65	0.9968780279159546	0.0029722191393375397	0.00014974104124121368	0.9897140860557556	0.010142788290977478	0.00014313992869574577
66	0.988701343536377	0.00989342201501131	0.001405223156325519	0.9079771041870117	0.08961093425750732	0.002411999274045229
67	0.9953153133392334	0.004326432477682829	0.00035827691317535937	0.9943884015083313	0.005381344351917505	0.00023023779795039445
68	0.9966567754745483	0.003123280592262745	0.00021991755056660622	0.9971170425415039	0.002651474205777049	0.00023148932086769491
69	0.9969068169593811	0.0029228602070361376	0.00017028627917170525	0.9967377781867981	0.0030860919505357742	0.00017606935580261052
70	0.9974853992462158	0.0020737904123961926	0.00044081558007746935	0.9948145747184753	0.0046419971622526646	0.0005434370832517743
71	0.9970728158950806	0.0026442205999046564	0.0002829883305821568	0.9964843988418579	0.003176357364282012	0.0003392162034288049
72	0.9965428709983826	0.003283811965957284	0.00017324757936876267	0.9967190623283386	0.003113432787358761	0.00016748555935919285
73	0.9942353367805481	0.005604755599051714	0.00015991627878975123	0.9946962594985962	0.005151083692908287	0.0001526388805359602
74	0.9934499859809875	0.006342058070003986	0.0002080251433653757	0.9941844344139099	0.005604989361017942	0.00021065014880150557
75	0.9599362015724182	0.039755210280418396	0.0003085321222897619	0.9953355193138123	0.004526286851614714	0.00013819219020660967
76	0.9933102130889893	0.00642356975004077	0.0002662574115674943	0.9921948909759521	0.007518659811466932	0.0002864493289962411
77	0.9959446787834167	0.003760086139664054	0.0002952459908556193	0.9952849745750427	0.0044447374530136585	0.0002703401551116258
78	0.9931851029396057	0.006555455736815929	0.0002595043333712965	0.9917859435081482	0.007968193851411343	0.0002458296366967261
79	0.995859682559967	0.0039889998733997345	0.0001512786402599886	0.9968230724334717	0.0030268148984760046	0.0001501100923633203
80	0.9975395202636719	0.0023131780326366425	0.00014729944814462215	0.9970220923423767	0.002851660130545497	0.00012623843213077635
81	0.9939430356025696	0.00562177412211895	0.00043518247548490763	0.23262563347816467	0.7665112614631653	0.0008631685050204396
82	0.9968035221099854	0.0029930295422673225	0.00020344428776297718	0.9968423843383789	0.002957039512693882	0.0002006340801017359
83	0.9895039796829224	0.01003322284668684	0.0004628421738743782	0.99405437707901	0.005544910207390785	0.00040068928501568735
84	0.9957962036132812	0.0040559666231274605	0.00014783081132918596	0.9952817559242249	0.004508999176323414	0.00020926030992995948
85	0.9915899634361267	0.008126168511807919	0.00028387224301695824	0.9908816814422607	0.008842355571687222	0.00027593638515099883
86	0.9630494117736816	0.03640058636665344	0.0005499713588505983	0.9964635968208313	0.0032715715933591127	0.0002648083318490535
87	0.9963546991348267	0.0034297772217541933	0.00021554266277235	0.981727123260498	0.017920272424817085	0.0003525927313603461
88	0.9968976974487305	0.0029310344252735376	0.00017121552082244307	0.9972215890884399	0.0025963764637708664	0.00018207688117399812
89	0.5393949747085571	0.02374378591775894	0.43686121702194214	0.8037710785865784	0.018196893855929375	0.1780320256948471
90	0.9967957139015198	0.0030268155969679356	0.000177538808202371	0.9819977879524231	0.01551999244838953	0.002482204232364893
91	0.9972923398017883	0.002428724430501461	0.00027897345717065036	0.9957283139228821	0.0038685144390910864	0.00040310804615728557
92	0.9965980648994446	0.0031213341280817986	0.0002806376724038273	0.9931908249855042	0.006478520575910807	0.00033069029450416565
93	0.9920490384101868	0.007729224395006895	0.0002217740984633565	0.9917792677879333	0.007991106249392033	0.00022966720280237496
94	0.995266318321228	0.004583023488521576	0.00015068096399772912	0.9949207901954651	0.004928376991301775	0.00015084586630109698
95	0.994921863079071	0.004891193006187677	0.0001870041887741536	0.9944763779640198	0.005332231521606445	0.00019138306379318237
96	0.9948398470878601	0.005006785504519939	0.00015332580369431525	0.9975916147232056	0.0022712808568030596	0.00013713299995288253
97	0.9965658783912659	0.0032318783923983574	0.00020229989604558796	0.9972373247146606	0.0025475765578448772	0.00021511029626708478
98	0.9900568127632141	0.009791579097509384	0.00015156572044361383	0.9935503005981445	0.006304401438683271	0.00014522091078106314
99	0.9959795475006104	0.003836089512333274	0.00018435517267789692	0.9953064322471619	0.0044985874556005	0.00019492802675813437
100	0.9920774102210999	0.0076813832856714725	0.00024115077394526452	0.9972077012062073	0.002550377743318677	0.00024191172269638628
101	0.9976632595062256	0.0021880522835999727	0.0001486678229412064	0.9973148703575134	0.0025521202478557825	0.00013303002924658358
102	0.9595341086387634	0.021893639117479324	0.018572254106402397	0.7358800172805786	0.012562467716634274	0.2515575885772705
103	0.9956344962120056	0.003912384156137705	0.0004531659360509366	0.0024211963173002005	0.9972274899482727	0.0003513338160701096
104	0.9964075684547424	0.0032630448695272207	0.00032937389914877713	0.996453046798706	0.0031538682524114847	0.0003930371312890202
105	0.9974833130836487	0.002327742287889123	0.0001889460108941421	0.9977899789810181	0.0020455881021916866	0.00016436628357041627
106	0.9957654476165771	0.0040215738117694855	0.00021301560627762228	0.9961016178131104	0.003734949743375182	0.0001634289656067267
107	0.9976431727409363	0.0021633317228406668	0.0001935141917783767	0.9977774024009705	0.002043055137619376	0.0001795262796804309
108	0.9958517551422119	0.003939169459044933	0.00020905850396957248	0.9958599209785461	0.003913253545761108	0.00022684141003992409
109	0.9977680444717407	0.0021123101469129324	0.00011965909652644768	0.9963567852973938	0.003509818809106946	0.00013336756092030555
110	0.09129904210567474	0.9056209921836853	0.003079997841268778	0.991132915019989	0.008473530411720276	0.0003935743006877601
111	0.9962208867073059	0.003302857978269458	0.000476302404422313	0.013073716312646866	0.9830272793769836	0.0038989740423858166
112	0.9963591694831848	0.003454152261838317	0.00018671259749680758	0.9964075684547424	0.0034160171635448933	0.0001763504114933312
113	0.9747860431671143	0.02414311282336712	0.00107089476659894	0.9964748024940491	0.00338256754912436	0.00014266899961512536
114	0.9976633787155151	0.0021660602651536465	0.00017060268146451563	0.9974484443664551	0.0023624387104064226	0.00018911805818788707
115	0.9976715445518494	0.0022088149562478065	0.00011957223614444956	0.9979100823402405	0.0019426436629146338	0.00014722296327818185
116	0.9933172464370728	0.006265893578529358	0.00041688367491587996	0.9929208159446716	0.0066326879896223545	0.0004465133824851364
117	0.9968512654304504	0.0029348486568778753	0.0002139294520020485	0.996846616268158	0.002938416786491871	0.00021497393026947975
118	0.996243953704834	0.0035190617199987173	0.0002369677386013791	0.8444405198097229	0.15306256711483002	0.0024968660436570644
119	0.9977983832359314	0.002055585850030184	0.00014603332965634763	0.9981022477149963	0.0017466667341068387	0.00015115542919375002
120	0.9975844621658325	0.0022008686792105436	0.00021472045045811683	0.9978959560394287	0.0018586439546197653	0.00024535771808587015
121	0.9974560141563416	0.002379387617111206	0.00016455088916700333	0.9922383427619934	0.006780908443033695	0.0009808256290853024
122	0.0016296178800985217	0.9979227185249329	0.0004476963949855417	0.9906524419784546	0.009020422585308552	0.00032710100640542805
123	0.9973840117454529	0.0023918652441352606	0.00022412414546124637	0.9971362352371216	0.0026301194448024035	0.00023362690990325063
124	0.9954943656921387	0.004292316269129515	0.00021334933990146965	0.9951568245887756	0.004639648366719484	0.00020346550445538014
125	0.45386630296707153	0.5427829027175903	0.0033507496118545532	0.9925603866577148	0.007014374248683453	0.000425282254582271
126	0.9961462020874023	0.003643575357273221	0.00021025938622187823	0.9960156083106995	0.0037715304642915726	0.00021288063726387918
127	0.7772575616836548	0.06514263153076172	0.1575997769832611	0.02927815541625023	0.19384582340717316	0.7768760323524475
128	0.9977778792381287	0.0020140456035733223	0.0002080733684124425	0.9967645406723022	0.003018322866410017	0.0002170975785702467
129	0.993899941444397	0.005957797169685364	0.00014229871158022434	0.9934186935424805	0.006435729097574949	0.0001455496676499024
130	0.9972285628318787	0.002571633318439126	0.00019981626246590167	0.9973956346511841	0.0023986236192286015	0.00020569302432704717
131	0.9947364926338196	0.005054107401520014	0.00020941531693097204	0.991543173789978	0.008203163743019104	0.0002536755346227437
132	0.9964798092842102	0.0033513656817376614	0.00016889195831026882	0.9949468970298767	0.004853629041463137	0.00019950343994423747
133	0.9959760308265686	0.003826964646577835	0.00019702089775819331	0.996871292591095	0.002959098666906357	0.0001696032559266314
134	0.9862229228019714	0.013488606549799442	0.0002884572895709425	0.9861952066421509	0.013502288609743118	0.00030245017842389643
135	0.9777218699455261	0.022104205563664436	0.00017400378419551998	0.9904918074607849	0.009377013891935349	0.00013115764886606485
136	0.25875818729400635	0.43515339493751526	0.3060883581638336	0.00135323079302907	0.9323118329048157	0.06633494049310684
137	0.017052464187145233	0.009503094479441643	0.9734444618225098	0.08923886716365814	0.016913749277591705	0.8938473463058472
138	0.9970930814743042	0.002651782240718603	0.0002551825309637934	0.9971213936805725	0.002634568838402629	0.00024401240807492286
139	0.9755707383155823	0.024030962958931923	0.0003982600464951247	0.9964663982391357	0.003373573301360011	0.0001600600517122075
140	0.9889046549797058	0.010832472704350948	0.00026286047068424523	0.9926325678825378	0.007083971984684467	0.0002834726183209568
141	0.9965290427207947	0.0032853232696652412	0.00018564917263574898	0.9971656203269958	0.002693732501938939	0.00014064177230466157
142	0.22251106798648834	0.339815616607666	0.43767333030700684	0.4177264869213104	0.24534869194030762	0.33692479133605957
143	0.9965426325798035	0.0032585281878709793	0.0001988705771509558	0.9962788224220276	0.0035389645490795374	0.00018217296747025102
144	0.9957913160324097	0.0040328120812773705	0.00017580606800038368	0.9959009289741516	0.003927511628717184	0.00017151754582300782
145	0.9959023594856262	0.003906989470124245	0.00019061611965298653	0.9968582391738892	0.00294207944534719	0.00019966436957474798
146	0.9967116117477417	0.0030999600421637297	0.00018839837866835296	0.9955800175666809	0.004266790580004454	0.0001531634188722819
147	0.9958284497261047	0.003969396464526653	0.0002021584805333987	0.9912512898445129	0.008570325560867786	0.0001783321495167911
148	0.9979739785194397	0.0018077634740620852	0.00021822193230036646	0.9979162812232971	0.0018860900308936834	0.00019766128389164805
149	0.4441542327404022	0.20668238401412964	0.349163293838501	0.006073473021388054	0.08021070808172226	0.9137157797813416
150	0.9960752129554749	0.003618859453126788	0.00030595308635383844	0.994941771030426	0.004682469181716442	0.00037576325121335685
151	0.9956738352775574	0.0041395528241992	0.00018664610979612917	0.9952776432037354	0.00453917495906353	0.00018316868226975203
152	0.995894193649292	0.00394662469625473	0.00015917423297651112	0.99408358335495	0.005673453211784363	0.00024301069788634777
153	0.9970145225524902	0.0027966920752078295	0.00018882245058193803	0.9972190856933594	0.002584535162895918	0.00019636808428913355
154	0.9822309613227844	0.013976475223898888	0.003792594885453582	0.9745871424674988	0.0200878344476223	0.0053249988704919815
155	0.9407610297203064	0.04159372299909592	0.017645301297307014	0.2405177652835846	0.22397881746292114	0.5355033874511719
156	0.9965858459472656	0.003166070906445384	0.00024806661531329155	0.9944835305213928	0.005149507895112038	0.0003669622528832406
157	0.9972700476646423	0.0025683813728392124	0.0001615268411114812	0.8286203742027283	0.17094305157661438	0.00043656915659084916
158	0.9943901896476746	0.005086188670247793	0.0005235779099166393	0.9867144227027893	0.01043811347335577	0.002847473369911313
159	0.9791737794876099	0.020136462524533272	0.0006897525163367391	0.9958809614181519	0.003896782174706459	0.00022228705347515643
160	0.26137372851371765	0.7379244565963745	0.0007018385222181678	0.6315968632698059	0.36268559098243713	0.005717495456337929
161	0.9971665740013123	0.002645903266966343	0.00018746274872682989	0.9963998794555664	0.0033814229536801577	0.00021871336502954364
162	0.9972624778747559	0.0025591368321329355	0.00017833345918916166	0.9972840547561646	0.002537405351176858	0.00017852686869446188
163	0.9963303208351135	0.003486333880573511	0.00018341086979489774	0.9971609115600586	0.0026520146057009697	0.00018708055722527206
164	0.9851131439208984	0.01457018032670021	0.0003166831156704575	0.9961549639701843	0.0036556993145495653	0.00018938793800771236
165	0.9907674193382263	0.00889836996793747	0.00033421817352063954	0.9931582808494568	0.006539874244481325	0.00030185410287231207
166	0.9971339702606201	0.002725760219618678	0.00014020383241586387	0.9972979426383972	0.002521658781915903	0.00018038711277768016
167	0.03454088792204857	0.09630918502807617	0.8691498637199402	0.08330397307872772	0.29459553956985474	0.6221004724502563
168	0.99642413854599	0.0028621165547519922	0.0007136870990507305	0.7011882662773132	0.2978910803794861	0.0009207188850268722
169	0.9858317375183105	0.012809263542294502	0.0013590282760560513	0.9893744587898254	0.00954401958733797	0.0010815858840942383
170	0.9833115339279175	0.016391854733228683	0.00029663514578714967	0.9742814302444458	0.025385543704032898	0.0003330345207359642
171	0.9946335554122925	0.005157842300832272	0.00020859399228356779	0.9944579601287842	0.0053407796658575535	0.00020126107847318053
172	0.996147632598877	0.003694273065775633	0.0001580870884936303	0.9961920976638794	0.003654786152765155	0.00015311382594518363
173	0.9958242177963257	0.0038708189968019724	0.00030498846899718046	0.9965685606002808	0.003129253163933754	0.0003022154269274324
174	0.9965023994445801	0.0033456983510404825	0.00015196033928077668	0.9972063899040222	0.0026217170525342226	0.0001718380517559126
175	0.9974207878112793	0.002461142372339964	0.00011806443217210472	0.997657299041748	0.0022216204088181257	0.00012109125964343548
176	0.9973273277282715	0.0019453903660178185	0.0007273178780451417	0.9733262062072754	0.005107742268592119	0.02156606689095497
177	0.9963409304618835	0.0033602877520024776	0.00029874936444684863	0.9964056015014648	0.0032646197360008955	0.0003297805960755795
178	0.9956704378128052	0.0035077324137091637	0.0008218704024329782	0.8298909068107605	0.16480585932731628	0.005303245969116688
179	0.9966627955436707	0.0031553099397569895	0.0001818652090150863	0.997256338596344	0.0025576830375939608	0.00018604814249556512
180	0.9942301511764526	0.005399818532168865	0.0003699872177094221	0.9946873188018799	0.004983477760106325	0.0003291830071248114
181	0.9961522221565247	0.003660164773464203	0.000187608296982944	0.9938743710517883	0.005895568057894707	0.0002300027263117954
182	0.9952476620674133	0.004569726530462503	0.00018268397252541035	0.99042809009552	0.009356058202683926	0.00021581296459771693
183	0.9980035424232483	0.0018206835957244039	0.00017575777019374073	0.9630251526832581	0.036260269582271576	0.0007145311683416367
184	0.9936243295669556	0.006059479434043169	0.0003162272914778441	0.9948102235794067	0.004902065731585026	0.0002877206134144217
185	0.9747676849365234	0.024386005476117134	0.0008462642435915768	0.9730773568153381	0.023344969376921654	0.0035776966251432896
186	0.9955228567123413	0.004143004771322012	0.0003341455012559891	0.9964669942855835	0.0032196377869695425	0.0003133538702968508
187	0.9968096613883972	0.002990015083923936	0.0002002956171054393	0.9971879124641418	0.0026160902343690395	0.00019603525288403034
188	0.9965628981590271	0.003274827031418681	0.00016224151477217674	0.9964988231658936	0.00335390935651958	0.00014727856614626944
189	0.9969909191131592	0.002847007242962718	0.00016208550368901342	0.9953981041908264	0.004413321614265442	0.00018854113295674324
190	0.9894744157791138	0.009591914713382721	0.0009336398798041046	0.9842460751533508	0.014279114082455635	0.0014748069224879146
191	0.9932115077972412	0.006395362317562103	0.0003931347164325416	0.9943631887435913	0.0048998394049704075	0.0007370036910288036
192	0.9949548840522766	0.004709113854914904	0.00033597214496694505	0.9955019354820251	0.004177786875516176	0.0003203079686500132
193	0.9965500831604004	0.003223343985155225	0.00022653561609331518	0.9786967039108276	0.02058555744588375	0.000717716000508517
194	0.9973364472389221	0.002473567146807909	0.0001899414201034233	0.9970570802688599	0.0027632233686745167	0.00017966306768357754
195	0.9719512462615967	0.027735307812690735	0.0003134595463052392	0.9974954724311829	0.002342870691791177	0.00016164981934707612
196	0.9964959025382996	0.003315863898023963	0.0001882202341221273	0.9969822764396667	0.0028197159990668297	0.00019801092275884002
197	0.9972898960113525	0.0025002569891512394	0.00020989500626455992	0.9972358345985413	0.002543175360187888	0.00022100473870523274
198	0.9852390289306641	0.013764400966465473	0.0009965593926608562	0.9912548065185547	0.008131385780870914	0.0006137976888567209
199	0.9894238114356995	0.010148849338293076	0.00042738293996080756	0.32319873571395874	0.675739049911499	0.0010621908586472273
