0	0.12597738206386566	0.09284922480583191	0.7811733484268188	0.36646437644958496	0.2737147808074951	0.3598208427429199
1	0.9817383885383606	0.017129790037870407	0.0011318650795146823	0.9881070852279663	0.011358409188687801	0.000534514372702688
2	0.3612731695175171	0.6223358511924744	0.016390962526202202	0.9651517868041992	0.03390386700630188	0.0009443642920814455
3	0.8847786784172058	0.09519517421722412	0.02002609334886074	0.6337592601776123	0.3509902358055115	0.015250533819198608
4	0.9694729447364807	0.026880191639065742	0.003646835219115019	0.9486989974975586	0.048201173543930054	0.0030998564325273037
5	0.9947340488433838	0.004855985753238201	0.00040995501331053674	0.9916979074478149	0.008075897581875324	0.00022625063138548285
6	0.024929862469434738	0.9539281129837036	0.0211420226842165	0.9105848073959351	0.0877762883901596	0.0016388986259698868
7	0.5064188241958618	0.365009605884552	0.1285715252161026	0.9942660927772522	0.005184166599065065	0.0005497090751305223
8	0.9682841897010803	0.029810527339577675	0.0019052705029025674	0.7842863202095032	0.21306771039962769	0.0026459491346031427
9	0.9866464138031006	0.012422876432538033	0.0009307299624197185	0.9897385239601135	0.009788296185433865	0.0004731446679215878
10	0.9956225752830505	0.004122175741940737	0.0002552388468757272	0.9954763054847717	0.004331184085458517	0.0001925304823089391
11	0.99442458152771	0.005249863024801016	0.00032558038947172463	0.9835376143455505	0.016057945787906647	0.00040446972707286477
12	0.9964147806167603	0.0032380300108343363	0.00034722016425803304	0.9960166811943054	0.0036445683799684048	0.0003387034230399877
13	0.00365517009049654	0.006160445511341095	0.9901843070983887	0.004881765693426132	0.0643107146024704	0.9308075308799744
14	0.9948780536651611	0.004639374557882547	0.0004825506766792387	0.9953246116638184	0.004156650975346565	0.0005187438800930977
15	0.9362987875938416	0.06316259503364563	0.0005385992699302733	0.9762477278709412	0.023534446954727173	0.0002177493879571557
16	0.9941845536231995	0.005627474747598171	0.00018798596283886582	0.9944803714752197	0.005343225784599781	0.00017638757708482444
17	0.9939847588539124	0.005696442443877459	0.0003187671536579728	0.991588294506073	0.008214077912271023	0.00019763820455409586
18	0.9960833787918091	0.0036457092501223087	0.00027087377384305	0.9959738850593567	0.0037709625903517008	0.00025510863633826375
19	0.9933232665061951	0.006379219703376293	0.00029756201547570527	0.9949476718902588	0.004822936840355396	0.00022937683388590813
20	0.9631783366203308	0.03586423397064209	0.0009574684663675725	0.9908089637756348	0.008775414898991585	0.0004155513015575707
21	0.9926055669784546	0.006684788968414068	0.0007096277549862862	0.9875182509422302	0.012041413225233555	0.0004403398197609931
22	0.9672746062278748	0.028042539954185486	0.004682790022343397	0.9664462208747864	0.03268321231007576	0.0008705405052751303
23	0.9855217933654785	0.014009659178555012	0.00046851669321767986	0.9938082098960876	0.005940545350313187	0.00025128782726824284
24	0.9875783324241638	0.011089947074651718	0.0013316721888259053	0.9949213862419128	0.004806607495993376	0.000272027071332559
25	0.979667067527771	0.01860601268708706	0.0017269144300371408	0.7277221083641052	0.26393839716911316	0.008339445106685162
26	0.9772940278053284	0.01960190385580063	0.0031040525063872337	0.9883614182472229	0.010891895741224289	0.0007466845563612878
27	0.015797382220625877	0.18916921317577362	0.7950334548950195	0.017335208132863045	0.07886400818824768	0.9038007855415344
28	0.9963048696517944	0.0034631730522960424	0.00023196016263682395	0.9968311190605164	0.0029907613061368465	0.0001781057653715834
29	0.9079734683036804	0.09138550609350204	0.0006410068017430604	0.9715125560760498	0.027961961925029755	0.000525403069332242
30	0.007461579982191324	0.08111171424388885	0.9114266633987427	0.002596287289634347	0.008404930122196674	0.9889988303184509
31	0.9887201189994812	0.010599944740533829	0.0006799145485274494	0.981536328792572	0.017831822857260704	0.0006318020750768483
32	0.9924221634864807	0.006941933184862137	0.0006359289400279522	0.9604853391647339	0.03803469240665436	0.0014799865894019604
33	0.9957927465438843	0.0028123431839048862	0.0013949120184406638	0.9962937235832214	0.0026561191771179438	0.0010501433862373233
34	0.9359667897224426	0.023020299151539803	0.041012924164533615	0.8109061121940613	0.0911674052476883	0.09792646020650864
35	0.8425489664077759	0.15453343093395233	0.0029175777453929186	0.9323327541351318	0.06673797219991684	0.0009292546892538667
36	0.8638253808021545	0.13338974118232727	0.002784950193017721	0.9687700271606445	0.030771873891353607	0.00045808195136487484
37	0.00311532081104815	0.9702234268188477	0.026661226525902748	0.0019872651901096106	0.8559092283248901	0.14210352301597595
38	0.9857639670372009	0.013873237185180187	0.00036273529985919595	0.989059567451477	0.010695665143430233	0.0002447777660563588
39	0.37199386954307556	0.6241289973258972	0.003877184586599469	0.981837809085846	0.017869172617793083	0.0002930798218585551
40	0.024382513016462326	0.9699625968933105	0.0056548877619206905	0.9662882089614868	0.03264445811510086	0.0010673340875655413
41	0.9773056507110596	0.02152535878121853	0.0011690660612657666	0.9958770275115967	0.0038840132765471935	0.00023899369989521801
42	0.6099739670753479	0.37173569202423096	0.0182903204113245	0.8940758109092712	0.09722287207841873	0.008701317943632603
43	0.91639244556427	0.0802280530333519	0.003379443660378456	0.9943537712097168	0.005165501963347197	0.0004807167570106685
44	0.03992948308587074	0.9132158160209656	0.04685463756322861	0.9690367579460144	0.025466343387961388	0.005496887024492025
45	0.9492428302764893	0.0496564656496048	0.0011006605345755816	0.049780696630477905	0.9486138820648193	0.0016055016312748194
46	0.06861954927444458	0.09196021407842636	0.8394202589988708	0.5567628741264343	0.23442266881465912	0.20881445705890656
47	0.46954381465911865	0.44090646505355835	0.08954969793558121	0.9905966520309448	0.008346302434802055	0.0010570918675512075
48	0.3749909996986389	0.07313922047615051	0.551869809627533	0.921953022480011	0.03086363524198532	0.04718335345387459
49	0.07943794876337051	0.037890877574682236	0.8826712369918823	0.06059001013636589	0.07037603855133057	0.869033932685852
50	0.5111979246139526	0.4094689190387726	0.0793331116437912	0.4323648512363434	0.5467879176139832	0.020847225561738014
51	0.9865366816520691	0.012823100201785564	0.0006401990540325642	0.0004624212742783129	0.9989319443702698	0.0006056147394701838
52	0.5830366015434265	0.29253771901130676	0.12442567944526672	0.6751525402069092	0.30257448554039	0.022273054346442223
53	0.6173033714294434	0.37558072805404663	0.007115991320461035	0.05577618256211281	0.9430562853813171	0.0011676554568111897
54	0.9965018033981323	0.0032933063339442015	0.0002049381728284061	0.975385308265686	0.02416410855948925	0.00045055398368276656
55	0.9148831963539124	0.05073734372854233	0.0343795008957386	0.8063268065452576	0.11415214091539383	0.07952109724283218
56	0.9899858832359314	0.009681850671768188	0.0003322297998238355	0.9144983887672424	0.08486337214708328	0.0006382477004081011
57	0.9191972613334656	0.06845714896917343	0.012345551513135433	0.9829515814781189	0.016111142933368683	0.0009373321663588285
58	0.866866946220398	0.13161949813365936	0.0015135708963498473	0.5465506911277771	0.45166054368019104	0.001788745285011828
59	0.38536199927330017	0.26325923204421997	0.35137873888015747	0.9024560451507568	0.06792773306369781	0.029616180807352066
60	0.032901085913181305	0.07817098498344421	0.8889278769493103	0.11130355298519135	0.4417124092578888	0.44698405265808105
61	0.280470073223114	0.7153670191764832	0.004162992350757122	0.7255123853683472	0.27384984493255615	0.0006377500831149518
62	0.7312158942222595	0.25797778367996216	0.010806365869939327	0.9928293824195862	0.006943798623979092	0.00022685335716232657
63	0.9956344962120056	0.0037017592694610357	0.0006636926555074751	0.9949976205825806	0.004461049567908049	0.000541382934898138
64	0.1877017319202423	0.6368706226348877	0.17542767524719238	0.8701999187469482	0.12849941849708557	0.0013006542576476932
65	0.9958859086036682	0.003944883588701487	0.00016921955102588981	0.9963623881340027	0.0034806702751666307	0.00015691909356974065
66	0.19826270639896393	0.21403366327285767	0.5877035856246948	0.2008112370967865	0.4250826835632324	0.3741060495376587
67	0.9680087566375732	0.0296002384275198	0.0023909611627459526	0.7450441718101501	0.25314128398895264	0.0018145832000300288
68	0.9310925006866455	0.06083216518163681	0.00807532761245966	0.9652547240257263	0.031639207154512405	0.0031060404144227505
69	0.6381136775016785	0.2529056668281555	0.1089806854724884	0.011220850050449371	0.057453613728284836	0.9313254952430725
70	0.9964170455932617	0.003213174408301711	0.00036979318247176707	0.99674391746521	0.0029487907886505127	0.0003073139814659953
71	0.9030172824859619	0.06421467661857605	0.03276805579662323	0.8920488357543945	0.09514431655406952	0.012806775979697704
72	0.9829104542732239	0.016545843333005905	0.0005436593783088028	0.988122284412384	0.011536003090441227	0.00034174765460193157
73	0.9947502017021179	0.005059276707470417	0.00019056435849051923	0.9949871301651001	0.004839791916310787	0.0001730721560306847
74	0.8952353596687317	0.07191600650548935	0.032848648726940155	0.8259343504905701	0.16082069277763367	0.013244977220892906
75	0.9946838021278381	0.004979393444955349	0.0003368156321812421	0.992878258228302	0.006881474982947111	0.0002402062964392826
76	0.9857491254806519	0.01390133611857891	0.00034953802241943777	0.98726487159729	0.012425247579813004	0.00030987916397862136
77	0.9906638860702515	0.009018621407449245	0.000317527970764786	0.9943898320198059	0.005347110331058502	0.0002630169619806111
78	0.7874261140823364	0.1797703057527542	0.032803602516651154	0.9500546455383301	0.04733572527766228	0.0026097018271684647
79	0.18760478496551514	0.6513068079948425	0.1610884815454483	0.9687163829803467	0.029598763212561607	0.0016849185340106487
80	0.7300801873207092	0.24658113718032837	0.02333872579038143	0.899217426776886	0.09853005409240723	0.0022525370586663485
81	0.06207286939024925	0.782919704914093	0.15500740706920624	0.515743613243103	0.44845151901245117	0.035804830491542816
82	0.9512209296226501	0.047228649258613586	0.0015504304319620132	0.0013268974144011736	0.9976856708526611	0.000987333944067359
83	0.984205961227417	0.01537054218351841	0.0004235059896018356	0.9873397350311279	0.012416179291903973	0.00024416809901595116
84	0.9865711331367493	0.012337155640125275	0.0010917768813669682	0.9455459713935852	0.053157538175582886	0.0012964867055416107
85	0.991174042224884	0.008421050384640694	0.0004049546841997653	0.9900960922241211	0.009620113298296928	0.0002838386863004416
86	0.9889699220657349	0.009322112426161766	0.0017080021789297462	0.9952870607376099	0.004279959946870804	0.00043299313983879983
87	0.9241960644721985	0.0700732097029686	0.005730719305574894	0.991023063659668	0.00851674284785986	0.0004601787368301302
88	0.051770295947790146	0.03198257461190224	0.9162471294403076	0.0008029775344766676	0.03898269683122635	0.9602143168449402
89	0.9910673499107361	0.007285894360393286	0.0016468053217977285	0.9932500123977661	0.0058441851288080215	0.0009058174910023808
90	0.9964458346366882	0.003361213719472289	0.0001929458521772176	0.6435263752937317	0.3544667959213257	0.0020068211015313864
91	0.9734958410263062	0.023943975567817688	0.0025601214729249477	0.994789719581604	0.004869925323873758	0.0003404137387406081
92	0.026020901277661324	0.9587408900260925	0.015238123945891857	0.12382210791110992	0.6452727317810059	0.2309052050113678
93	0.9943708777427673	0.0053462740033864975	0.0002828967699315399	0.995824933052063	0.003962972667068243	0.00021216462482698262
94	0.993436872959137	0.006315041799098253	0.0002480295952409506	0.9958298802375793	0.004000361077487469	0.00016972137382254004
95	0.9737491011619568	0.02583865076303482	0.0004122694081161171	0.9920822381973267	0.007718816865235567	0.00019893415446858853
96	0.2524375021457672	0.6959495544433594	0.05161294713616371	0.9653708338737488	0.033023763447999954	0.0016054428415372968
97	0.037685755640268326	0.09127306193113327	0.8710411787033081	0.9826542735099792	0.014846008270978928	0.0024997699074447155
98	0.670862078666687	0.2044425755739212	0.1246953010559082	0.3132483661174774	0.6743264198303223	0.01242521870881319
99	0.7429004907608032	0.2548167407512665	0.0022828036453574896	0.9913777112960815	0.008139431476593018	0.00048287672689184546
100	0.9599610567092896	0.03935552015900612	0.0006834922241978347	0.9961045980453491	0.003649265505373478	0.00024612946435809135
101	0.9829428195953369	0.015797607600688934	0.0012595676816999912	0.5024632811546326	0.48368990421295166	0.013846906833350658
102	0.9481174945831299	0.04095684736967087	0.010925667360424995	0.7922022342681885	0.20099914073944092	0.006798603106290102
103	0.994629979133606	0.004804918076843023	0.0005651222309097648	0.9924593567848206	0.006922548171132803	0.0006180762429721653
104	0.9963071346282959	0.0033172802068293095	0.000375629955669865	0.9963889122009277	0.003159012645483017	0.00045207503717392683
105	0.04036571830511093	0.9548805952072144	0.004753634799271822	0.9938541650772095	0.005797951016575098	0.00034787438926286995
106	0.9320071935653687	0.05004770681262016	0.01794508844614029	0.9685270190238953	0.028872327879071236	0.002600651467218995
107	0.9282755255699158	0.07120298594236374	0.0005214291741140187	0.6444458961486816	0.3545633554458618	0.0009906856575980783
108	0.8085017204284668	0.17685166001319885	0.014646610245108604	0.41823428869247437	0.5698000192642212	0.011965679936110973
109	0.9938380122184753	0.005953106563538313	0.00020887427672278136	0.9939259886741638	0.005875232629477978	0.00019877673184964806
110	0.8152704834938049	0.17140159010887146	0.01332796923816204	0.3639153838157654	0.6333721876144409	0.002712454879656434
111	0.0642666444182396	0.09417807310819626	0.8415551781654358	0.772150456905365	0.22519242763519287	0.0026571215130388737
112	0.6453750133514404	0.23998288810253143	0.11464201658964157	0.5683217644691467	0.42799487709999084	0.003683402668684721
113	0.9914884567260742	0.008066102862358093	0.00044540048111230135	0.8898108601570129	0.10933399945497513	0.0008551838109269738
114	0.9379872679710388	0.03712069243192673	0.02489195019006729	0.979267954826355	0.020260166376829147	0.00047186712617985904
115	0.9975021481513977	0.0023507564328610897	0.00014705953071825206	0.9970700740814209	0.0027983887121081352	0.0001315297995461151
116	0.013245457783341408	0.05136489123106003	0.9353896379470825	0.002845901297405362	0.06414226442575455	0.9330118894577026
117	0.8410429954528809	0.15428473055362701	0.004672253504395485	0.9971972703933716	0.0025576166808605194	0.0002451129839755595
118	0.2210274040699005	0.7732859253883362	0.005686706863343716	0.9908899664878845	0.008702132850885391	0.00040791265200823545
119	0.9749631285667419	0.023989973589777946	0.0010468512773513794	0.9054802656173706	0.09304330497980118	0.0014764947118237615
120	0.9865357279777527	0.013151763938367367	0.00031250572646968067	0.9364190101623535	0.06171292066574097	0.001868121325969696
121	0.9677794575691223	0.031870897859334946	0.00034963959478773177	0.9900671243667603	0.009773219004273415	0.00015962398902047426
122	0.1497940719127655	0.820499837398529	0.02970614843070507	0.8517911434173584	0.14514684677124023	0.003061979543417692
123	0.9938637018203735	0.005732535384595394	0.0004038000770378858	0.9954421520233154	0.0042574768885970116	0.0003004157915711403
124	0.8261361718177795	0.1711938977241516	0.0026699211448431015	0.9916022419929504	0.008116188459098339	0.0002815632033161819
125	0.9923235177993774	0.006941121071577072	0.0007353011751547456	0.979280948638916	0.019684012979269028	0.0010350471129640937
126	0.9777534008026123	0.01920231245458126	0.0030443305149674416	0.9821553826332092	0.017261890694499016	0.0005826804554089904
127	0.9246936440467834	0.04570313170552254	0.029603218659758568	0.9933813810348511	0.006012815050780773	0.0006058659637346864
128	0.9955014586448669	0.004254556726664305	0.0002440145326545462	0.9968884587287903	0.00290780421346426	0.00020371578284539282
129	0.051491059362888336	0.05104151740670204	0.8974673748016357	0.012697733007371426	0.07308676838874817	0.9142154455184937
130	0.3923488259315491	0.5538697242736816	0.05378147214651108	0.9848665595054626	0.014212893322110176	0.0009205744136124849
131	0.0020008652936667204	0.3165578842163086	0.6814412474632263	0.01537715271115303	0.6123277544975281	0.372295081615448
132	0.13863734900951385	0.6621925830841064	0.1991700828075409	0.8079161643981934	0.18513604998588562	0.006947814952582121
133	0.8511877059936523	0.12418592721223831	0.024626431986689568	0.9075965285301208	0.08760940283536911	0.004794029053300619
134	0.9893682599067688	0.010281490162014961	0.0003503225452732295	0.9487603902816772	0.05066005140542984	0.0005796340410597622
135	0.0927942544221878	0.9058613181114197	0.0013444473734125495	0.5526211857795715	0.4459249973297119	0.0014538191026076674
136	0.0018367425072938204	0.9875785708427429	0.010584677569568157	0.9696551561355591	0.028984464704990387	0.0013603323604911566
137	0.8628135323524475	0.02587595209479332	0.11131054162979126	0.7473926544189453	0.10887971520423889	0.14372758567333221
138	0.9967048764228821	0.0029346724040806293	0.00036045946762897074	0.9971331357955933	0.002571722026914358	0.0002951307105831802
139	0.49178990721702576	0.48816564679145813	0.020044466480612755	0.22423240542411804	0.7706198692321777	0.0051477765664458275
140	0.9915594458580017	0.008107556961476803	0.00033292503212578595	0.9757987260818481	0.023791585117578506	0.00040964543586596847
141	0.03340141102671623	0.01768632046878338	0.9489123225212097	0.0030579944141209126	0.020650766789913177	0.976291298866272
142	0.8514717817306519	0.09233478456735611	0.05619346350431442	0.9399740099906921	0.051750872284173965	0.008275115862488747
143	0.957995593547821	0.03905623033642769	0.00294812791980803	0.17044095695018768	0.8262718915939331	0.0032871305011212826
144	0.8522170186042786	0.13122904300689697	0.016553934663534164	0.9755648374557495	0.023820960894227028	0.000614193151704967
145	0.9283071160316467	0.07067731767892838	0.001015618909150362	0.9906728863716125	0.009004399180412292	0.00032269186340272427
146	0.9208307862281799	0.0769924595952034	0.0021768175065517426	0.9895443320274353	0.010101194493472576	0.0003544596256688237
147	0.9942335486412048	0.0055170622654259205	0.0002494320797268301	0.9787059426307678	0.021065212786197662	0.00022882333723828197
148	0.8217005729675293	0.17320877313613892	0.005090623162686825	0.9962879419326782	0.0033475072123110294	0.00036458822432905436
149	0.1206565648317337	0.860621988773346	0.018721431493759155	0.9514036774635315	0.0474470816552639	0.0011492090998217463
150	0.07203221321105957	0.3517230451107025	0.5762446522712708	0.1759328544139862	0.5656533241271973	0.2584138512611389
151	0.37558528780937195	0.5974149107933044	0.026999784633517265	0.03452136367559433	0.9585784077644348	0.006900197826325893
152	0.1670168936252594	0.4714730978012085	0.3615100383758545	0.661663293838501	0.31445592641830444	0.02388087660074234
153	0.9609548449516296	0.029817726463079453	0.009227479808032513	0.8708054423332214	0.1146172434091568	0.014577281661331654
154	0.9196227192878723	0.06941738724708557	0.010959862731397152	0.822210967540741	0.16523830592632294	0.012550724670290947
155	0.5325783491134644	0.264577180147171	0.202844500541687	0.4120970070362091	0.35046690702438354	0.23743610084056854
156	0.003628089791163802	0.8671596050262451	0.12921231985092163	0.962577760219574	0.03561565652489662	0.0018065681215375662
157	0.9806267619132996	0.0189267098903656	0.00044648093171417713	0.994147777557373	0.005687799770385027	0.00016441760817542672
158	0.9938927888870239	0.005611398722976446	0.0004957853816449642	0.9943109750747681	0.005228793248534203	0.0004602105764206499
159	0.014521827921271324	0.9795739650726318	0.005904277320951223	0.9723200798034668	0.02462104894220829	0.00305883027613163
160	0.9826076626777649	0.015877285972237587	0.0015150753315538168	0.9947437047958374	0.004627900198101997	0.0006283481488935649
161	0.9961238503456116	0.0035474521573632956	0.00032869871938601136	0.9960412979125977	0.0036663231439888477	0.0002923588326666504
162	0.1362621933221817	0.1661931276321411	0.6975446939468384	0.015958815813064575	0.13770928978919983	0.8463319540023804
163	0.9931901097297668	0.006554160732775927	0.00025573515449650586	0.9937386512756348	0.00601194379851222	0.0002494287327863276
164	0.02874526008963585	0.020183207467198372	0.951071560382843	0.015866223722696304	0.03366750478744507	0.9504662752151489
165	0.9533452391624451	0.045293308794498444	0.0013613797491416335	0.991252601146698	0.008247819729149342	0.000499616377055645
166	0.9966433048248291	0.0031355582177639008	0.00022113477461971343	0.9965119957923889	0.003282370278611779	0.00020564960141200572
167	0.5865879654884338	0.25067657232284546	0.1627354621887207	0.1306614726781845	0.727845311164856	0.14149323105812073
168	0.9351634383201599	0.01429085060954094	0.050545644015073776	0.9930397272109985	0.004702082835137844	0.0022581354714930058
169	0.7874864339828491	0.14542675018310547	0.06708686053752899	0.9159762859344482	0.07915090769529343	0.004872843157500029
170	0.9891678094863892	0.009799432009458542	0.0010327002964913845	0.5946829319000244	0.4036306142807007	0.00168648362159729
171	0.11379759758710861	0.15314382314682007	0.7330585718154907	0.0286567360162735	0.2615521550178528	0.7097911834716797
172	0.33177024126052856	0.6611742973327637	0.007055461872369051	0.6967912912368774	0.30236297845840454	0.0008457762305624783
173	0.9952991008758545	0.0043467506766319275	0.0003540688776411116	0.9936715364456177	0.0059556555934250355	0.0003728320589289069
174	0.9960709810256958	0.003753513563424349	0.00017553089128341526	0.9959741234779358	0.003852043068036437	0.00017388707783538848
175	0.996222734451294	0.003615517634898424	0.0001617556408746168	0.995769739151001	0.004087521228939295	0.00014273729175329208
176	0.9949988126754761	0.004509140271693468	0.000492030696477741	0.9964640736579895	0.0027895052917301655	0.0007463935180567205
177	0.1628013700246811	0.8279502391815186	0.009248382411897182	0.4166106879711151	0.5815802812576294	0.0018090049270540476
178	0.3261585533618927	0.6645307540893555	0.009310719557106495	0.9919618964195251	0.007646303623914719	0.0003918068832717836
179	0.21319648623466492	0.698574960231781	0.08822862058877945	0.860114336013794	0.1340034455060959	0.005882233381271362
180	0.989297091960907	0.009662749245762825	0.0010401330655440688	0.9933587908744812	0.006102744024246931	0.0005385236581787467
181	0.7120232582092285	0.28024885058403015	0.007727873511612415	0.9911331534385681	0.008435267023742199	0.00043155666207894683
182	0.9938283562660217	0.0055683995597064495	0.0006032620440237224	0.96314936876297	0.03520716726779938	0.0016434722347185016
183	0.995046854019165	0.004707580432295799	0.00024557518190704286	0.996402382850647	0.003387447679415345	0.0002101197896990925
184	0.9814748764038086	0.01708022505044937	0.0014448361471295357	0.949873149394989	0.046899765729904175	0.0032270699739456177
185	0.04418875649571419	0.04964616894721985	0.9061650037765503	0.30456042289733887	0.10395002365112305	0.5914895534515381
186	0.9671889543533325	0.030174944549798965	0.002636110410094261	0.03769673407077789	0.9607639908790588	0.0015393346548080444
187	0.7245434522628784	0.07867327332496643	0.19678328931331635	0.5740222334861755	0.335471510887146	0.09050626307725906
188	0.6409979462623596	0.35697606205940247	0.0020259558223187923	0.34732213616371155	0.6519907116889954	0.0006871007499285042
189	0.9830784201622009	0.016504548490047455	0.00041707835043780506	0.9921823143959045	0.007611824665218592	0.00020578049588948488
190	0.8150500655174255	0.1419299989938736	0.043019890785217285	0.4671114683151245	0.22413937747478485	0.3087491989135742
191	0.012395310215651989	0.10923216491937637	0.8783725500106812	0.28146520256996155	0.28737542033195496	0.4311594069004059
192	0.9913797378540039	0.006634888239204884	0.0019854195415973663	0.9944986701011658	0.004859489854425192	0.0006418574484996498
193	0.9947336912155151	0.004767045844346285	0.0004992758040316403	0.9363703727722168	0.062435466796159744	0.0011941653210669756
194	0.9927423000335693	0.006775274872779846	0.0004823820781894028	0.8840422630310059	0.11437784880399704	0.0015798993408679962
195	0.02314426377415657	0.026455270126461983	0.9504004716873169	0.005784433800727129	0.008679928258061409	0.9855356216430664
196	0.7592061161994934	0.04838939383625984	0.19240455329418182	0.5543040633201599	0.40611255168914795	0.03958335891366005
197	0.9943981766700745	0.005268443841487169	0.00033337893546558917	0.9963812828063965	0.0034141112118959427	0.00020452409808058292
198	0.5165660977363586	0.4608943462371826	0.022539600729942322	0.15617232024669647	0.8422176837921143	0.0016099625499919057
199	0.0723484680056572	0.7480215430259705	0.17962999641895294	0.052881401032209396	0.8249948024749756	0.12212379276752472
