0	0.9972917437553406	0.0023277790751308203	0.00038049614522606134	0.997138261795044	0.0025228846352547407	0.000338852871209383
1	0.9905546307563782	0.008274747058749199	0.0011706515215337276	0.9936416745185852	0.005761200096458197	0.0005971785285510123
2	0.9821709394454956	0.01708885096013546	0.0007402634364552796	0.9947226047515869	0.004985264036804438	0.000292163691483438
3	0.9964281916618347	0.0032708749640733004	0.0003008989442605525	0.9952448010444641	0.004384935833513737	0.00037021510070189834
4	0.995478093624115	0.004135699011385441	0.00038625753950327635	0.9937673807144165	0.0058389571495354176	0.0003936437133233994
5	0.9952180981636047	0.004645053762942553	0.0001367625081911683	0.9968121647834778	0.003048202022910118	0.00013962708180770278
6	0.997226893901825	0.002584830392152071	0.00018827730673365295	0.9967054724693298	0.003079341957345605	0.00021518839639611542
7	0.9954236149787903	0.0042909239418804646	0.0002854974300134927	0.9969552755355835	0.002668332774192095	0.0003763589193113148
8	0.9252890944480896	0.06556545197963715	0.009145431220531464	0.7370504140853882	0.15167084336280823	0.1112787276506424
9	0.994806706905365	0.004588742274791002	0.0006045589107088745	0.9934834837913513	0.004974070470780134	0.0015424271114170551
10	0.9975080490112305	0.002250134479254484	0.0002418431540718302	0.9972895383834839	0.0024720169603824615	0.00023849966237321496
11	0.9370175004005432	0.05608251318335533	0.006900019943714142	0.9827316403388977	0.015945330262184143	0.001323059550486505
12	0.9974955916404724	0.002289725933223963	0.00021466957696247846	0.9975964426994324	0.002217719331383705	0.00018581293988972902
13	0.9972500205039978	0.0025320476852357388	0.00021788463345728815	0.9972707629203796	0.0025468748062849045	0.00018232825095765293
14	0.9947710633277893	0.005060587078332901	0.0001683178124949336	0.9958623647689819	0.003978494554758072	0.0001591403124621138
15	0.9959233999252319	0.003812155919149518	0.0002644288761075586	0.9973092079162598	0.002450312487781048	0.00024048642080742866
16	0.9953442215919495	0.004222451709210873	0.00043331252527423203	0.997153639793396	0.0023885900154709816	0.00045770459109917283
17	0.9972820281982422	0.002464642282575369	0.0002532871440052986	0.9481409788131714	0.05141165852546692	0.00044736225390806794
18	0.9917337894439697	0.005868874955922365	0.0023973193019628525	0.9436449408531189	0.042477671056985855	0.013877456076443195
19	0.9966973066329956	0.002856895560398698	0.00044587874435819685	0.9963485598564148	0.0030595550779253244	0.0005918716196902096
20	0.9970083832740784	0.0028098064940422773	0.00018177495803683996	0.9966603517532349	0.0031544070225208998	0.00018527088104747236
21	0.9848891496658325	0.014090189710259438	0.0010207098675891757	0.0009632286964915693	0.9981822967529297	0.0008544999873265624
22	0.9946263432502747	0.005086763296276331	0.00028691726038232446	0.9959067106246948	0.003819404635578394	0.0002738778421189636
23	0.9691721200942993	0.030457012355327606	0.00037091303966008127	0.9952523708343506	0.00459213787689805	0.0001554882910568267
24	0.9959083795547485	0.0031321318820118904	0.0009595447918400168	0.9963560104370117	0.003095695050433278	0.0005482874694280326
25	0.9965980648994446	0.0031213341280817986	0.0002806376724038273	0.9931908249855042	0.006478520575910807	0.00033069029450416565
26	0.9920490384101868	0.007729224395006895	0.0002217740984633565	0.9917792677879333	0.007991106249392033	0.00022966720280237496
27	0.944104015827179	0.05546265095472336	0.0004333147662691772	0.9967580437660217	0.0030141021125018597	0.00022780294239055365
28	0.994921863079071	0.004891193006187677	0.0001870041887741536	0.9944763779640198	0.005332231521606445	0.00019138306379318237
29	0.9968389272689819	0.0028802624437958	0.0002807831624522805	0.9962561130523682	0.0034473780542612076	0.00029648744384758174
30	0.9972403049468994	0.002394857117906213	0.00036477981484495103	0.8250381946563721	0.17423415184020996	0.0007276722462847829
31	0.994732141494751	0.005023549310863018	0.0002443047414999455	0.9939659237861633	0.005773083306849003	0.0002609740768093616
32	0.9963686466217041	0.003001196775585413	0.0006301778485067189	0.9972499012947083	0.0023523427080363035	0.000397797062760219
33	0.995689332485199	0.0040008737705647945	0.0003097780281677842	0.9959057569503784	0.0037996263708919287	0.00029461312806233764
34	0.9968427419662476	0.0029182620346546173	0.00023898808285593987	0.9957371950149536	0.003872969653457403	0.00038980573299340904
35	0.9937479496002197	0.006044343579560518	0.00020766188390552998	0.9880500435829163	0.011658667586743832	0.00029127660673111677
36	0.9960525035858154	0.003675582120195031	0.00027187186060473323	0.9958294034004211	0.0038819019682705402	0.0002886957081500441
37	0.9932002425193787	0.006567764095962048	0.00023204299213830382	0.9946830868721008	0.005091368220746517	0.00022556501789949834
38	0.9961462020874023	0.003643575357273221	0.00021025938622187823	0.9960156083106995	0.0037715304642915726	0.00021288063726387918
39	0.9937782287597656	0.005333925597369671	0.0008878209628164768	0.9432299733161926	0.05440719425678253	0.0023628156632184982
40	0.995354413986206	0.004392245318740606	0.00025337154511362314	0.9962999224662781	0.0034477892331779003	0.0002522926952224225
41	0.9777218699455261	0.022104205563664436	0.00017400378419551998	0.9904918074607849	0.009377013891935349	0.00013115764886606485
42	0.991491973400116	0.00824057962745428	0.00026746190269477665	0.9945276379585266	0.005174674559384584	0.00029763259226456285
43	0.9957783222198486	0.0040322039276361465	0.00018946877389680594	0.9975072741508484	0.0022843347396701574	0.00020844906975980848
44	0.97708660364151	0.021685820072889328	0.0012275992194190621	0.8865928053855896	0.11251427233219147	0.0008928729221224785
45	0.9971255660057068	0.002508105244487524	0.00036635666037909687	0.9971376657485962	0.0024473269004374743	0.000415030459407717
46	0.9905064702033997	0.00928102619946003	0.00021257999469526112	0.9901242852210999	0.00966308917850256	0.0002126844774466008
47	0.9964630007743835	0.003286266466602683	0.0002507425961084664	0.9963237047195435	0.003389036515727639	0.00028725233278237283
48	0.9957913160324097	0.0040328120812773705	0.00017580606800038368	0.9959009289741516	0.003927511628717184	0.00017151754582300782
49	0.9626705050468445	0.03667793422937393	0.0006514794658869505	0.9887021780014038	0.01083988044410944	0.00045794202014803886
50	0.9977747797966003	0.0019401531899347901	0.000285069429082796	0.9960675239562988	0.003743246430531144	0.00018920018919743598
51	0.9956738352775574	0.0041395528241992	0.00018664610979612917	0.9952776432037354	0.00453917495906353	0.00018316868226975203
52	0.9978733062744141	0.0019297116668894887	0.00019696501840371639	0.9971885085105896	0.0025676486548036337	0.00024382506671827286
53	0.9978581070899963	0.0019195404602214694	0.0002223081683041528	0.6343520283699036	0.3645775020122528	0.001070490456186235
54	0.9851131439208984	0.01457018032670021	0.0003166831156704575	0.9961549639701843	0.0036556993145495653	0.00018938793800771236
55	0.9888639450073242	0.01083037443459034	0.00030564164626412094	0.3895963132381439	0.6081094741821289	0.00229420093819499
56	0.03454088792204857	0.09630918502807617	0.8691498637199402	0.08330397307872772	0.29459553956985474	0.6221004724502563
57	0.99638831615448	0.003414180828258395	0.00019753657397814095	0.9968329071998596	0.0029628616757690907	0.00020421910448931158
58	0.9911808371543884	0.008477500639855862	0.0003417028929106891	0.9902798533439636	0.009365065954625607	0.00035508055589161813
59	0.007382167968899012	0.006782972253859043	0.9858348965644836	0.002957320073619485	0.005039192270487547	0.9920033812522888
60	0.9974207878112793	0.002461142372339964	0.00011806443217210472	0.997657299041748	0.0022216204088181257	0.00012109125964343548
61	0.9973273277282715	0.0019453903660178185	0.0007273178780451417	0.9733262062072754	0.005107742268592119	0.02156606689095497
62	0.9963752627372742	0.0034475913271307945	0.0001771396055119112	0.9957006573677063	0.004067583009600639	0.0002316932805115357
63	0.9942301511764526	0.005399818532168865	0.0003699872177094221	0.9946873188018799	0.004983477760106325	0.0003291830071248114
64	0.9970287680625916	0.0027090173680335283	0.00026227778289467096	0.9973668456077576	0.0024458628613501787	0.0001872911088867113
65	0.9747676849365234	0.024386005476117134	0.0008462642435915768	0.9730773568153381	0.023344969376921654	0.0035776966251432896
66	0.9972898960113525	0.0025002569891512394	0.00020989500626455992	0.9972358345985413	0.002543175360187888	0.00022100473870523274
67	0.9965963959693909	0.0032253405079245567	0.00017828030104283243	0.9948450326919556	0.004980091936886311	0.0001748576614772901
68	0.001539800432510674	0.9974549412727356	0.0010051954304799438	0.9888482093811035	0.010805107653141022	0.00034666660940274596
69	0.9920416474342346	0.006567283067852259	0.0013910834677517414	0.9912079572677612	0.008107636123895645	0.0006843607407063246
70	0.9950911998748779	0.00466269301250577	0.0002460624964442104	0.9906579256057739	0.009037698619067669	0.00030440263799391687
71	0.9951562881469727	0.004515760578215122	0.0003279616648796946	0.9951587319374084	0.004570839460939169	0.00027042909641750157
72	0.9964576363563538	0.003359538968652487	0.00018277876370120794	0.99611496925354	0.0036434978246688843	0.00024147407384589314
73	0.9963178634643555	0.003330086823552847	0.000352066068444401	0.9957310557365417	0.00387147581204772	0.00039744508103467524
74	0.9951580166816711	0.004539393354207277	0.00030262116342782974	0.9943259358406067	0.005185593385249376	0.0004884919035248458
75	0.6801042556762695	0.31626221537590027	0.0036335373297333717	0.9390721917152405	0.050364308059215546	0.010563548654317856
76	0.9969621300697327	0.002850455464795232	0.00018740446830634028	0.997366726398468	0.0024419925175607204	0.00019127526320517063
77	0.9961791038513184	0.0035318874288350344	0.00028899326571263373	0.28708186745643616	0.7115993499755859	0.0013187488075345755
78	0.9909560084342957	0.00841014925390482	0.0006338426028378308	0.9900748133659363	0.008874109946191311	0.0010510338470339775
79	0.9977930784225464	0.0019588195718824863	0.0002481152187101543	0.9924383759498596	0.007378523703664541	0.00018313803593628109
80	0.9849779605865479	0.01326330378651619	0.0017587158363312483	0.9917986392974854	0.007064438425004482	0.001136965467594564
81	0.05832075700163841	0.9408558011054993	0.000823510461486876	0.9937894940376282	0.005744896829128265	0.00046565779484808445
82	0.9956232905387878	0.004199760966002941	0.000176902292878367	0.9413359761238098	0.05236693471670151	0.006297155283391476
83	0.9952736496925354	0.004486907739192247	0.00023944300482980907	0.9970153570175171	0.0027485976461321115	0.00023608612536918372
84	0.9578428864479065	0.04150228202342987	0.0006548664532601833	0.5751516222953796	0.4203541874885559	0.004494205582886934
85	0.9959985017776489	0.0038276442792266607	0.00017389979620929807	0.9645645022392273	0.035040173679590225	0.0003953020495828241
86	0.9877834916114807	0.011794100515544415	0.0004224266158416867	0.9391917586326599	0.060213446617126465	0.000594781304243952
87	0.9960246086120605	0.0034036545548588037	0.000571723619941622	0.9960435628890991	0.0033493107184767723	0.0006071595125831664
88	0.9293760061264038	0.029230741783976555	0.04139332100749016	0.6046002507209778	0.0613098219037056	0.334089994430542
89	0.9932346940040588	0.006594667211174965	0.00017068877059500664	0.9917435050010681	0.008055342361330986	0.00020108149328734726
90	0.9936920404434204	0.00598286185413599	0.00032506484421901405	0.996313750743866	0.0031446791253983974	0.0005415233899839222
91	0.9938680529594421	0.005708811338990927	0.00042318657506257296	0.9914659261703491	0.007909473963081837	0.000624616804998368
92	0.9975804090499878	0.002249473938718438	0.00017014073091559112	0.996016800403595	0.003850177163258195	0.0001330059749307111
93	0.997417688369751	0.002376471646130085	0.0002058374957414344	0.9972321391105652	0.0025767390616238117	0.00019113512826152146
94	0.9825548529624939	0.009095539338886738	0.008349688723683357	0.9902217388153076	0.0057527655735611916	0.004025470465421677
95	0.9880881905555725	0.009629125706851482	0.0022827095817774534	0.993637204170227	0.005845621693879366	0.0005172561504878104
96	0.8509093523025513	0.1485087126493454	0.0005819774814881384	0.9972789883613586	0.002463300246745348	0.0002577480918262154
97	0.9950540065765381	0.004523925948888063	0.00042205039062537253	0.9933944344520569	0.006107205059379339	0.0004983816179446876
98	0.9969841837882996	0.0028020343743264675	0.00021375544019974768	0.9975428581237793	0.002242389600723982	0.00021474283130373806
99	0.9951432943344116	0.004526975564658642	0.00032980379182845354	0.995845377445221	0.0038991819601505995	0.0002554730453994125
100	0.9935994148254395	0.006154769100248814	0.00024588138330727816	0.9978557229042053	0.0019599648658186197	0.0001842840574681759
101	0.9970292448997498	0.002615963574498892	0.00035481396480463445	0.9964649677276611	0.0031648988369852304	0.000370151101378724
102	0.9977586269378662	0.0020543818827718496	0.00018696878396440297	0.997723400592804	0.0020911891479045153	0.0001853776047937572
103	0.9968434572219849	0.0030016477685421705	0.0001549630833324045	0.9975638389587402	0.002285181311890483	0.00015102693578228354
104	0.996953010559082	0.0028780479915440083	0.00016890755796339363	0.9967405200004578	0.0030950841028243303	0.00016441009938716888
105	0.996645987033844	0.003202631836757064	0.00015131219697650522	0.9966251850128174	0.0032206522300839424	0.00015417992835864425
106	0.997014045715332	0.002780891489237547	0.00020506033615674824	0.9974149465560913	0.0023713973350822926	0.00021362134430091828
107	0.993736982345581	0.005978093482553959	0.00028489521355368197	0.9927281141281128	0.006973954848945141	0.00029792022542096674
108	0.8810497522354126	0.1178688108921051	0.0010814397828653455	0.9957054257392883	0.004033831879496574	0.00026075998903252184
109	0.9960240125656128	0.0029597885441035032	0.0010161356767639518	0.12840381264686584	0.8167335391044617	0.05486262962222099
110	0.993881344795227	0.005379749462008476	0.0007389227394014597	0.9952781200408936	0.004014451056718826	0.0007074397290125489
111	0.9952540397644043	0.004467266146093607	0.00027868273900821805	0.9939928650856018	0.005630882456898689	0.0003762379928957671
112	0.9776087999343872	0.02178489789366722	0.0006062358152121305	0.991824209690094	0.007660017814487219	0.0005157815758138895
113	0.8325423002243042	0.16599518060684204	0.0014625051990151405	0.9973623156547546	0.00244250544346869	0.0001951548911165446
114	0.9970157146453857	0.0028390618972480297	0.0001451883726986125	0.9966264963150024	0.0031921621412038803	0.00018137690494768322
115	0.9972430467605591	0.002531882841140032	0.0002250946417916566	0.9969906806945801	0.0027869672048836946	0.00022232749324757606
116	0.37621617317199707	0.621503472328186	0.002280325395986438	0.9800149202346802	0.019048867747187614	0.0009362815762870014
117	0.9969966411590576	0.00282409880310297	0.00017931584443431348	0.997077226638794	0.002756103640422225	0.0001667406177148223
118	0.9970148801803589	0.0023719556629657745	0.0006131774862296879	0.996174693107605	0.003242567414417863	0.0005827102577313781
119	0.9972260594367981	0.002498999238014221	0.0002749167906586081	0.9952367544174194	0.004115555435419083	0.0006476576090790331
120	0.9967817068099976	0.0029766405932605267	0.00024164607748389244	0.9906793236732483	0.009072142653167248	0.0002485525037627667
121	0.9974417686462402	0.002383983926847577	0.00017421906522940844	0.997704803943634	0.00209859199821949	0.00019664237333927304
122	0.9969123601913452	0.0028847563080489635	0.0002028091694228351	0.9967764019966125	0.003031073836609721	0.00019249148317612708
123	0.9978243112564087	0.002017607446759939	0.00015805278962943703	0.9978710412979126	0.0019681004341691732	0.00016086699906736612
124	0.99787437915802	0.001927649020217359	0.0001979408407351002	0.9978052973747253	0.0019983300007879734	0.00019637300283648074
125	0.99528568983078	0.004509360529482365	0.00020493613556027412	0.9961332082748413	0.0036600688472390175	0.0002067461609840393
126	0.9967888593673706	0.0030174897983670235	0.00019368880020920187	0.996444046497345	0.003335040993988514	0.00022095945314504206
127	0.9962931275367737	0.0033776862546801567	0.0003291982284281403	0.9951560497283936	0.004541458562016487	0.0003025094629265368
128	0.9972363710403442	0.0026027539279311895	0.00016083428636193275	0.9973087310791016	0.0025266932789236307	0.00016459908511023968
129	0.993990957736969	0.005829277914017439	0.00017969863256439567	0.9964790940284729	0.0032677946146577597	0.00025308612384833395
130	0.4476027190685272	0.03253927826881409	0.5198579430580139	0.9571494460105896	0.01470019482076168	0.02815036103129387
131	0.9940244555473328	0.005695849657058716	0.0002796784392558038	0.994548499584198	0.0051816669292747974	0.00026982699637301266
132	0.2566863000392914	0.7404941320419312	0.0028195236809551716	0.005290633533149958	0.9882820248603821	0.006427430547773838
133	0.8579297661781311	0.1066211685538292	0.035449083894491196	0.6517131328582764	0.15912649035453796	0.18916040658950806
134	0.996531069278717	0.003319703508168459	0.0001492759183747694	0.996906578540802	0.002873294288292527	0.00022007778170518577
135	0.9961223006248474	0.0035029409918934107	0.0003747041628230363	0.9953716397285461	0.004218196962028742	0.00041019683703780174
136	0.9969934225082397	0.0028000008314847946	0.00020658140419982374	0.9976072311401367	0.002177504589781165	0.0002152974484488368
137	0.9747666716575623	0.0250417310744524	0.00019156008784193546	0.9906342029571533	0.009215906262397766	0.00014990502677392215
138	0.9961336851119995	0.0030278286430984735	0.0008384778629988432	0.9953835606575012	0.0040126945823431015	0.0006037631537765265
139	0.9978512525558472	0.001922734547406435	0.00022601925593335181	0.9972124695777893	0.0026013790629804134	0.00018611396080814302
140	0.9573610424995422	0.04228862375020981	0.0003503375337459147	0.9971513152122498	0.002480943687260151	0.00036780754453502595
141	0.9912847280502319	0.008466548286378384	0.0002487321326043457	0.9913371801376343	0.008414504118263721	0.0002483577700331807
142	0.09080028533935547	0.9062722325325012	0.002927420660853386	0.9938230514526367	0.005685101728886366	0.0004918213817290962
143	0.9958373308181763	0.003920033574104309	0.0002426818828098476	0.004999155178666115	0.9928292632102966	0.0021715513430535793
144	0.9975380897521973	0.002225097268819809	0.00023681642778683454	0.9970396161079407	0.002658948302268982	0.0003013524692505598
145	0.9974966645240784	0.0022093080915510654	0.0002940502599813044	0.9972803592681885	0.0024858596734702587	0.00023378527839668095
146	0.9957811832427979	0.004065414424985647	0.0001534555049147457	0.996538519859314	0.003245701314881444	0.00021581939654424787
147	0.991832971572876	0.007940245792269707	0.0002268133539473638	0.9739435315132141	0.025845669209957123	0.00021072657546028495
148	0.997444748878479	0.002362155355513096	0.00019304885063320398	0.9977620840072632	0.0020191080402582884	0.0002188201033277437
149	0.9943986535072327	0.005367008503526449	0.00023435598996002227	0.9968396425247192	0.0029524946585297585	0.00020786224922630936
150	0.9854397177696228	0.009676198475062847	0.004884031601250172	0.9733952283859253	0.025415316224098206	0.0011894607450813055
151	0.995033860206604	0.004445993807166815	0.0005202126340009272	0.9968805313110352	0.002766108838841319	0.0003533321141730994
152	0.9878111481666565	0.010638443753123283	0.0015504381153732538	0.99490886926651	0.004217977169901133	0.0008731212583370507
153	0.9969326257705688	0.002891660900786519	0.00017568925977684557	0.9923766851425171	0.00744185596704483	0.0001813798735383898
154	0.992936909198761	0.0066228341311216354	0.0004402564372867346	0.9939122200012207	0.005763353779911995	0.00032448142883367836
155	0.9967229962348938	0.0031156728509813547	0.00016139283252414316	0.9970165491104126	0.002797632711008191	0.00018583142082206905
156	0.9973154664039612	0.0025292548816651106	0.00015520908345934004	0.9977303147315979	0.0020720891188830137	0.00019767704361584038
157	0.9959569573402405	0.0038266759365797043	0.00021633929281961173	0.9963293671607971	0.0034336696844547987	0.00023701631289441139
158	0.9970880150794983	0.0027533513493835926	0.0001586293219588697	0.997580885887146	0.002230060752481222	0.00018906976038124412
159	0.9972733855247498	0.0023343677166849375	0.00039230030961334705	0.9972188472747803	0.002403116086497903	0.00037801454891450703
160	0.9968910813331604	0.0028827833011746407	0.00022618885850533843	0.9961416125297546	0.0036355964839458466	0.00022286150488071144
161	0.9970676302909851	0.0026984261348843575	0.00023392094590235502	0.9972688555717468	0.0025282902643084526	0.0002028590824920684
162	0.9972929358482361	0.0025409136433154345	0.00016609796148259193	0.9973384737968445	0.0024868487380445004	0.00017462218238506466
163	0.9947572946548462	0.0049810511991381645	0.00026168650947511196	0.9944016337394714	0.005330702289938927	0.0002676225849427283
164	0.9961070418357849	0.003466623602434993	0.0004262714646756649	0.996222734451294	0.0033424377907067537	0.0004347826761659235
165	0.9945850968360901	0.0051164221949875355	0.000298458180623129	0.9943127632141113	0.005418157204985619	0.0002690688124857843
166	0.995716392993927	0.003924951422959566	0.0003586940001696348	0.995329737663269	0.004188670311123133	0.00048158198478631675
167	0.9939610958099365	0.005599000491201878	0.0004399663885124028	0.8063002228736877	0.19015805423259735	0.003541696583852172
168	0.9184620976448059	0.0782509595155716	0.003287023864686489	0.9897580146789551	0.00931391678750515	0.0009280387894250453
169	0.9917705059051514	0.008081220090389252	0.00014827647828496993	0.9975791573524475	0.0022397844586521387	0.00018109289521817118
170	0.9559929966926575	0.043097253888845444	0.0009097604779526591	0.8550130128860474	0.14388585090637207	0.0011011712485924363
171	0.9901752471923828	0.009608888998627663	0.00021586920775007457	0.9959413409233093	0.0038602768909186125	0.00019833647820632905
172	0.9972894191741943	0.0025109921116381884	0.00019958525081165135	0.9967926144599915	0.0030122194439172745	0.00019513531879056245
173	0.9963228702545166	0.0033883163705468178	0.0002888572635129094	0.9950734972953796	0.004611625801771879	0.0003148434334434569
174	0.9936442375183105	0.00586697505787015	0.0004888400435447693	0.9965167045593262	0.0030891774222254753	0.0003940976457670331
175	0.992867112159729	0.006864716298878193	0.00026822113431990147	0.9915902018547058	0.008186016231775284	0.00022379224537871778
176	0.9947599768638611	0.004931517411023378	0.0003085408534388989	0.19688208401203156	0.8005176186561584	0.002600392559543252
177	0.9300404787063599	0.04485897347331047	0.025100497528910637	0.8958616852760315	0.05964123457670212	0.04449702426791191
178	0.9819889068603516	0.017775466665625572	0.00023565313313156366	0.9968704581260681	0.0028973864391446114	0.0002321841602679342
179	0.9961168766021729	0.003571358509361744	0.00031179143115878105	0.9957108497619629	0.0038714727852493525	0.00041769459494389594
180	0.9965139031410217	0.0033113432582467794	0.00017482557450421154	0.995250940322876	0.004595739301294088	0.0001533132599433884
181	0.996830403804779	0.0028632592875510454	0.00030629427055828273	0.9972221851348877	0.0025283987633883953	0.000249383389018476
182	0.9969273209571838	0.0029147323220968246	0.00015795393846929073	0.996331512928009	0.003542182268574834	0.00012633061851374805
183	0.9950073957443237	0.004494960885494947	0.0004975895280949771	0.9954307079315186	0.004162268713116646	0.00040702728438191116
184	0.9930567741394043	0.006429971195757389	0.0005132796359248459	0.9908663630485535	0.008468586951494217	0.0006651203730143607
185	0.9959397315979004	0.003827089676633477	0.00023316661827266216	0.9958862662315369	0.003883352968841791	0.00023037887876853347
186	0.7533023357391357	0.22963634133338928	0.017061369493603706	0.4598747193813324	0.5375306606292725	0.002594646066427231
187	0.996394693851471	0.0032640842255204916	0.00034119063639082015	0.9956223368644714	0.003953475970774889	0.000424234225647524
188	0.9953822493553162	0.004234899301081896	0.0003827766340691596	0.993462085723877	0.0061169881373643875	0.00042092977673746645
189	0.997337281703949	0.002460851799696684	0.00020184881577733904	0.9974479675292969	0.0023379893973469734	0.0002140799624612555
190	0.9960505366325378	0.0036963531747460365	0.00025318292318843305	0.9963409304618835	0.0034190737642347813	0.00023995434457901865
191	0.9974440336227417	0.0023691472597420216	0.00018687757255975157	0.9974761605262756	0.002315475372597575	0.00020835174655076116
192	0.9962323307991028	0.0034516495652496815	0.00031607007258571684	0.9954550266265869	0.004215427208691835	0.00032959546661004424
193	0.996093213558197	0.0036409052554517984	0.00026587265892885625	0.995399534702301	0.004290280397981405	0.0003101959591731429
194	0.955051839351654	0.043741535395383835	0.0012066044146195054	0.9890578389167786	0.010623262263834476	0.00031891994876787066
195	0.9976477026939392	0.0021863034926354885	0.0001660211564740166	0.9976994395256042	0.0021372141782194376	0.00016340333968400955
196	0.9976664781570435	0.0017790915444493294	0.0005544990999624133	0.996488094329834	0.0021421166602522135	0.001369762234389782
197	0.995096743106842	0.004008555319160223	0.0008947375463321805	0.9960214495658875	0.003252410562708974	0.0007261282880790532
198	0.9923340082168579	0.006989809684455395	0.0006761610275134444	0.02426094189286232	0.9748920798301697	0.0008469996391795576
199	0.7440207004547119	0.19829513132572174	0.05768414959311485	0.7413272261619568	0.1476338654756546	0.11103899776935577
