0	0.10784582793712616	0.019914913922548294	0.8722392916679382	0.04941515997052193	0.0511050745844841	0.8994798064231873
1	0.000786454591434449	0.008341855369508266	0.9908717274665833	0.002310300711542368	0.0036122058518230915	0.9940774440765381
2	0.010420638136565685	0.004977046512067318	0.9846023321151733	0.0024575060233473778	0.004683224484324455	0.9928593635559082
3	0.0009415654349140823	0.0017990332562476397	0.9972593784332275	0.0293186716735363	0.012571577914059162	0.9581097364425659
4	0.1314065009355545	0.07460365444421768	0.793989896774292	0.3002168834209442	0.018146971240639687	0.6816361546516418
5	0.0006484345067292452	0.0010064214002341032	0.9983452558517456	0.010130703449249268	0.004504385869950056	0.9853648543357849
6	0.2043873369693756	0.015635905787348747	0.7799767851829529	0.021772189065814018	0.005305997561663389	0.9729217290878296
7	0.0015170093392953277	0.003264558268710971	0.9952183365821838	0.0006840830901637673	0.0010343926260247827	0.9982815980911255
8	0.00151999038644135	0.002670771675184369	0.9958093166351318	0.012683207169175148	0.03310314938426018	0.954213559627533
9	0.00044747875654138625	0.005995464976876974	0.9935570359230042	0.0011935174698010087	0.0054980553686618805	0.993308424949646
10	0.011721969582140446	0.0028069571126252413	0.9854710102081299	0.002342075575143099	0.002979440148919821	0.9946784973144531
11	0.00034273651544936	0.0023511017207056284	0.9973061084747314	0.000400471588363871	0.0010684371227398515	0.9985311031341553
12	0.0291918832808733	0.00868344958871603	0.9621246457099915	0.008303013630211353	0.005720213055610657	0.9859768152236938
13	0.001972490455955267	0.009475210681557655	0.9885523319244385	0.018727976828813553	0.011658107861876488	0.9696139097213745
14	0.028355499729514122	0.03229569271206856	0.9393488764762878	0.0006695523043163121	0.0018110587261617184	0.997519314289093
15	0.0022495826706290245	0.008024425245821476	0.9897258877754211	0.020796936005353928	0.0036792766768485308	0.9755237698554993
16	0.03800741583108902	0.008665554225444794	0.953326940536499	0.03758595883846283	0.01731213927268982	0.9451019763946533
17	0.001809690031222999	0.0032127946615219116	0.9949775338172913	0.0015346551081165671	0.006472330074757338	0.9919929504394531
18	0.4209097921848297	0.019350120797753334	0.5597401261329651	0.027361076325178146	0.006483918521553278	0.9661549925804138
19	0.1183670163154602	0.010750021785497665	0.8708829879760742	0.018940579146146774	0.019269639626145363	0.9617898464202881
20	0.0013332620728760958	0.0014218540163710713	0.9972449541091919	0.007762324996292591	0.005081680603325367	0.9871560335159302
21	0.006376154720783234	0.016938284039497375	0.9766855835914612	0.0014644578332081437	0.001540059456601739	0.9969954490661621
22	0.0008555257809348404	0.0007184068090282381	0.998426079750061	0.0004007004026789218	0.0009491210803389549	0.9986501336097717
23	0.00029754964634776115	0.0016737887635827065	0.9980286955833435	0.0021441348362714052	0.003861655481159687	0.9939941763877869
24	0.0011479108361527324	0.008818520233035088	0.9900335669517517	0.006044906564056873	0.005328908562660217	0.9886261820793152
25	0.0009212143486365676	0.0008546487079001963	0.9982241988182068	0.0026847838889807463	0.0025718065444380045	0.9947433471679688
26	0.003594625974074006	0.22641168534755707	0.7699937224388123	0.001929687918163836	0.016054322943091393	0.9820159673690796
27	0.0005196560523472726	0.00043765167356468737	0.9990426898002625	0.0017525919247418642	0.0014052540063858032	0.9968422651290894
28	0.0015406158054247499	0.0015022725565358996	0.9969571828842163	0.0021909934002906084	0.003860792377963662	0.993948221206665
29	0.09901902079582214	0.018223978579044342	0.8827569484710693	0.03570377081632614	0.02574142813682556	0.9385547637939453
30	0.3468386232852936	0.05303626507520676	0.6001251339912415	0.11335603147745132	0.012522936798632145	0.8741210103034973
31	0.0003410188655834645	0.0009264113614335656	0.9987326264381409	0.0005892306799069047	0.0007408970850519836	0.9986699819564819
32	0.049520429223775864	0.015422353520989418	0.9350572228431702	0.155521959066391	0.10762930661439896	0.7368487119674683
33	0.004194316919893026	0.004173373803496361	0.9916324019432068	0.026288611814379692	0.01740017905831337	0.9563111066818237
34	0.002592313103377819	0.00465797632932663	0.9927496910095215	0.10701576620340347	0.015974143519997597	0.8770100474357605
35	0.0016289816703647375	0.03305816650390625	0.9653128385543823	0.0004965219413861632	0.006686809938400984	0.992816686630249
36	0.0006005187169648707	0.0009258606587536633	0.998473584651947	0.00024597111041657627	0.0004285121976863593	0.9993255138397217
37	0.0006262817769311368	0.0010942581575363874	0.9982794523239136	0.003972687292844057	0.03270353376865387	0.9633237719535828
38	0.00043125730007886887	0.002048664493486285	0.9975200295448303	0.0011703565251082182	0.0018278086790814996	0.9970018267631531
39	0.01089733000844717	0.012587903067469597	0.9765146970748901	0.028535954654216766	0.078790083527565	0.8926739692687988
40	0.02269868738949299	0.01087189931422472	0.9664293527603149	0.008884063921868801	0.018103761598467827	0.9730121493339539
41	0.0009986355435103178	0.0008306977106258273	0.9981706142425537	0.007234232500195503	0.0027028070762753487	0.9900630116462708
42	0.004089981317520142	0.0036019375547766685	0.9923081398010254	0.005981783848255873	0.004826689139008522	0.989191472530365
43	0.0011548649054020643	0.002452016342431307	0.9963931441307068	0.006624299101531506	0.01332898996770382	0.9800467491149902
44	0.025698671117424965	0.01843229867517948	0.9558690190315247	0.15440838038921356	0.009107071906328201	0.8364846110343933
45	0.31832796335220337	0.018291523680090904	0.66338050365448	0.14853453636169434	0.039076514542102814	0.8123889565467834
46	0.0007190205506049097	0.002570399781689048	0.9967106580734253	0.0013635882642120123	0.002447038423269987	0.9961894154548645
47	0.6760202646255493	0.07891735434532166	0.24506233632564545	0.045032892376184464	0.008276195265352726	0.9466908574104309
48	0.0009857193799689412	0.0012981533072888851	0.9977160692214966	0.005110556725412607	0.0028082034550607204	0.9920811653137207
49	0.0004294267564546317	0.0031557015608996153	0.9964148998260498	0.000632770883385092	0.0031375016551464796	0.9962297081947327
50	0.9967190623283386	0.002987248357385397	0.00029363587964326143	0.9967190623283386	0.002987248357385397	0.00029363587964326143
51	0.05680446699261665	0.10081920027732849	0.8423763513565063	0.05321202799677849	0.25319141149520874	0.6935965418815613
52	0.0006782106938771904	0.0023314994759857655	0.9969903230667114	0.0016248050378635526	0.0031155343167483807	0.995259702205658
53	0.0007675612578168511	0.0004076877667102963	0.9988247752189636	0.00026581724523566663	0.00044379179598763585	0.9992904663085938
54	0.0034974240697920322	0.12765340507030487	0.8688492178916931	0.004632999189198017	0.803645133972168	0.1917218565940857
55	0.0005610502557829022	0.00072325678775087	0.9987157583236694	0.00024591447436250746	0.00035360155743546784	0.9994004964828491
56	0.00048299101763404906	0.0007799571030773222	0.9987370371818542	0.0016081664944067597	0.0034287141170352697	0.9949630498886108
57	0.003851159242913127	0.003201630897819996	0.9929472208023071	0.02392568811774254	0.004633690230548382	0.9714405536651611
58	0.0008764182566665113	0.0028426595963537693	0.9962809681892395	0.005593793001025915	0.003799861529842019	0.9906063079833984
59	0.022962773218750954	0.00797999370843172	0.9690572023391724	0.0036563544999808073	0.0035559465177357197	0.9927876591682434
60	0.0012723042163997889	0.0038266058545559645	0.9949010610580444	0.0023825017269700766	0.005270885769277811	0.9923466444015503
61	0.002284782472997904	0.0015536720165982842	0.9961615800857544	0.004840409383177757	0.0030709896236658096	0.9920885562896729
62	0.0012009746860712767	0.0010794525733217597	0.9977194666862488	0.0012584035284817219	0.020097747445106506	0.9786438345909119
63	0.0005849458975717425	0.0014633344253525138	0.9979516863822937	0.0006249882280826569	0.004034955985844135	0.99534010887146
64	0.015164992772042751	0.004535399377346039	0.9802995920181274	0.0030075637623667717	0.0035323055926710367	0.9934601783752441
65	0.0012727109715342522	0.0009789200266823173	0.9977484345436096	0.0011175620602443814	0.001754209166392684	0.9971281886100769
66	0.0016631800681352615	0.0010690457420423627	0.9972678422927856	0.012224300764501095	0.0035642473958432674	0.9842113852500916
67	0.0003208783164154738	0.0011520578991621733	0.9985270500183105	0.00035013240994885564	0.0014669561060145497	0.9981829524040222
68	0.01674463599920273	0.057214945554733276	0.9260403513908386	0.005042213946580887	0.0163927860558033	0.9785649180412292
69	0.0009404896991327405	0.03645627200603485	0.9626032710075378	0.003806489985436201	0.014671226032078266	0.9815223217010498
70	0.0005256752483546734	0.009166833013296127	0.9903074502944946	0.0012657640036195517	0.004495633766055107	0.9942384958267212
71	0.00075462058885023	0.002293967641890049	0.9969513416290283	0.012334748171269894	0.010609611868858337	0.9770556688308716
72	0.002930169692263007	0.0018917913548648357	0.9951781034469604	0.013426189310848713	0.004857480060309172	0.9817163348197937
73	0.2218250036239624	0.033908091485500336	0.744266927242279	0.06705868989229202	0.03136606514453888	0.9015752673149109
74	0.001650775084272027	0.00232561188749969	0.9960235357284546	0.0004899941268377006	0.001450335024856031	0.9980596899986267
75	0.007345432881265879	0.024449914693832397	0.9682047367095947	0.003652638988569379	0.014385241083800793	0.9819621443748474
76	0.0011115873930975795	0.022409800440073013	0.9764786958694458	0.0021190207917243242	0.0068025835789740086	0.9910783171653748
77	0.0010831477120518684	0.0015457893023267388	0.9973710775375366	0.004347430542111397	0.0029272022657096386	0.9927253723144531
78	0.06807210296392441	0.016698189079761505	0.9152296781539917	0.19484113156795502	0.013401460833847523	0.7917574048042297
79	0.0024085305631160736	0.005061700940132141	0.9925298094749451	0.004769332241266966	0.003477042308077216	0.9917535781860352
80	0.23074692487716675	0.041891422122716904	0.7273616194725037	0.07141890376806259	0.013611696660518646	0.9149693250656128
81	0.0035025000106543303	0.002276622224599123	0.9942208528518677	0.0006890064687468112	0.0005674619460478425	0.9987435936927795
82	0.007479783613234758	0.007727686781436205	0.9847924709320068	0.0014194634277373552	0.0054901642724871635	0.9930904507637024
83	0.000306428613839671	0.0007431675330735743	0.9989504218101501	0.0004563653201330453	0.0038298284634947777	0.9957138299942017
84	0.973775327205658	0.014001731760799885	0.01222288515418768	0.02109367400407791	0.007731765508651733	0.9711745977401733
85	0.003908317536115646	0.010826888494193554	0.9852647185325623	0.002499832771718502	0.015368722379207611	0.9821313619613647
86	0.000584714871365577	0.006966176442801952	0.992449164390564	0.0009814038639888167	0.0035948108416050673	0.9954238533973694
87	0.01232144981622696	0.006110561545938253	0.981567919254303	0.004852897021919489	0.0018204838270321488	0.9933265447616577
88	0.006950506009161472	0.007724293973296881	0.985325276851654	0.0399806872010231	0.025666309520602226	0.9343529939651489
89	0.012400854378938675	0.25451725721359253	0.7330819368362427	0.00638148607686162	0.015269065275788307	0.9783494472503662
90	0.02751920372247696	0.05032705143094063	0.9221537709236145	0.22262261807918549	0.03303113952279091	0.7443462610244751
91	0.002908221911638975	0.000805760791990906	0.9962860345840454	0.028295479714870453	0.004521335009485483	0.9671831727027893
92	0.00026674813125282526	0.0004383641353342682	0.9992948770523071	0.00037684643757529557	0.0006331779295578599	0.998989999294281
93	0.03459123149514198	0.015808522701263428	0.9496002197265625	0.012368976138532162	0.02455642819404602	0.9630746245384216
94	0.014626537449657917	0.01417860109359026	0.9711949229240417	0.009054074995219707	0.002553486730903387	0.9883924126625061
95	0.0006070966483093798	0.000613184180110693	0.9987797141075134	0.002831254852935672	0.0020845825783908367	0.9950841069221497
96	0.0018657048931345344	0.003198447870090604	0.9949358701705933	0.0030348384752869606	0.004952713847160339	0.9920124411582947
97	0.0018256684998050332	0.0013331989757716656	0.9968411922454834	0.011045790277421474	0.004469485953450203	0.9844846725463867
98	0.00037007968057878315	0.0011767216492444277	0.9984532594680786	0.004870010074228048	0.0041724625043570995	0.990957498550415
99	0.0018725034315139055	0.0027350641321390867	0.9953924417495728	0.016193974763154984	0.03702547028660774	0.9467805027961731
100	0.0008799785282462835	0.004604675807058811	0.9945152401924133	0.002357698976993561	0.005705090705305338	0.9919371604919434
101	0.13319364190101624	0.022011389955878258	0.8447949886322021	0.06514331698417664	0.04935935139656067	0.8854973912239075
102	0.014475272968411446	0.06145968288183212	0.9240650534629822	0.23677965998649597	0.017246652394533157	0.7459736466407776
103	0.014420147985219955	0.005324915051460266	0.9802549481391907	0.0014291951665654778	0.002274983562529087	0.9962957501411438
104	0.03563762828707695	0.0041830581612885	0.9601793885231018	0.010352768935263157	0.008538518100976944	0.9811087250709534
105	0.0022129141725599766	0.0016769480425864458	0.9961101412773132	0.001175573212094605	0.0021928611677139997	0.9966315627098083
106	0.03311038389801979	0.9349126815795898	0.031976886093616486	0.9241007566452026	0.030598975718021393	0.0453002043068409
107	0.038527123630046844	0.1378386914730072	0.8236340880393982	0.06881748139858246	0.010472949594259262	0.9207095503807068
108	0.11348341405391693	0.34449607133865356	0.5420205593109131	0.46713191270828247	0.267172634601593	0.2656954824924469
109	0.9966906309127808	0.0030353066977113485	0.0002740388154052198	0.9966906309127808	0.0030353066977113485	0.0002740388154052198
110	0.004575869534164667	0.006934524048119783	0.9884896874427795	0.0015270767034962773	0.0012274561449885368	0.9972455501556396
111	0.9926437735557556	0.006505919620394707	0.0008503379067406058	0.9864689111709595	0.012727533467113972	0.000803523464128375
112	0.008707665838301182	0.015935270115733147	0.9753570556640625	0.021450944244861603	0.04865272343158722	0.929896354675293
113	0.003512528957799077	0.017603468149900436	0.9788839817047119	0.0013090925058349967	0.010552467778325081	0.9881384968757629
114	0.0035696057602763176	0.009187588468194008	0.9872428178787231	0.1732545644044876	0.018684417009353638	0.8080610036849976
115	0.9608638882637024	0.03237707167863846	0.006759019568562508	0.9713920950889587	0.019849127158522606	0.00875879731029272
116	0.006485678721219301	0.007811941672116518	0.9857023358345032	0.0019050242844969034	0.001555273775011301	0.9965397119522095
117	0.0024127387441694736	0.0019351857481524348	0.9956521391868591	0.0007378573645837605	0.0017618740675970912	0.9975002408027649
118	0.0063215699046850204	0.006257873959839344	0.9874204993247986	0.06480211764574051	0.05405169352889061	0.8811461925506592
119	0.0011822424130514264	0.0009541441686451435	0.9978635907173157	0.0005219141603447497	0.00047482387162745	0.9990032315254211
120	0.00024881851277314126	0.00047049816930666566	0.9992806315422058	0.00045140317524783313	0.0008040887187235057	0.9987444877624512
121	0.8387567400932312	0.0167892724275589	0.1444539874792099	0.022092251107096672	0.21489138901233673	0.7630163431167603
122	0.3821992576122284	0.02155923843383789	0.5962415337562561	0.00992914941161871	0.0048758042976260185	0.9851951003074646
123	0.00022694992367178202	0.00041737305582500994	0.9993557333946228	0.0003276497300248593	0.0006142524653114378	0.9990580677986145
124	0.8279000520706177	0.03557076305150986	0.13652920722961426	0.5883267521858215	0.025870734825730324	0.3858025074005127
125	0.012648162432014942	0.06297329813241959	0.9243785738945007	0.24048954248428345	0.03619507700204849	0.7233153581619263
126	0.0003920650342479348	0.000877976359333843	0.9987300038337708	0.0006468362407758832	0.000966598920058459	0.9983865022659302
127	0.02497052028775215	0.011421221308410168	0.9636082649230957	0.0028418833389878273	0.003930526785552502	0.9932276606559753
128	0.027449896559119225	0.009726414456963539	0.9628238081932068	0.009257019497454166	0.007184610236436129	0.9835583567619324
129	0.9851033091545105	0.010035554878413677	0.004861108493059874	0.9383308291435242	0.055770840495824814	0.0058984095230698586
130	0.005140483379364014	0.01851557567715645	0.9763439893722534	0.003987396135926247	0.010232402943074703	0.9857801795005798
131	0.0017924295971170068	0.0024660532362759113	0.995741605758667	0.00677124597132206	0.006732948590070009	0.9864957928657532
132	0.014809141866862774	0.005294955801218748	0.979895830154419	0.18006734549999237	0.008909588679671288	0.8110230565071106
133	0.000951959693338722	0.0026175573002547026	0.9964305758476257	0.004147796891629696	0.007592902984470129	0.9882591962814331
134	0.9925232529640198	0.0071474346332252026	0.000329298636643216	0.9925232529640198	0.0071474346332252026	0.000329298636643216
135	0.002279573353007436	0.004297245293855667	0.9934231638908386	0.037338241934776306	0.007017806638032198	0.9556439518928528
136	0.004978221375495195	0.010260599665343761	0.984761118888855	0.0009812554344534874	0.0017887158319354057	0.9972299933433533
137	0.0010793986730277538	0.000971730740275234	0.997948944568634	0.00786408968269825	0.0024489418137818575	0.9896870255470276
138	0.01769811287522316	0.0036525987088680267	0.9786493182182312	0.002659644465893507	0.001229693298228085	0.9961106181144714
139	0.06841231137514114	0.012978784739971161	0.9186089038848877	0.036058761179447174	0.019924145191907883	0.9440171122550964
140	0.03595332056283951	0.009698545560240746	0.9543482065200806	0.3660264015197754	0.029240136966109276	0.604733407497406
141	0.004543673247098923	0.014482364989817142	0.980974018573761	0.0028962171636521816	0.010225380770862103	0.9868784546852112
142	0.002487831050530076	0.004729550331830978	0.9927825927734375	0.0011241359170526266	0.0024595921859145164	0.9964162111282349
143	0.0003284604172222316	0.001966192154213786	0.9977052807807922	0.001085819909349084	0.003993377089500427	0.9949207901954651
144	0.00037171810981817544	0.0004553529724944383	0.9991728663444519	0.0035080108791589737	0.0013918132754042745	0.995100200176239
145	0.003062035422772169	0.006274583749473095	0.9906634092330933	0.0037042980547994375	0.0036463395226746798	0.9926493763923645
146	0.039413053542375565	0.016636446118354797	0.9439505338668823	0.29746195673942566	0.02406195178627968	0.6784759759902954
147	0.013485590927302837	0.006018101237714291	0.9804962277412415	0.0018476336263120174	0.0019014868885278702	0.9962509274482727
148	0.0015654782764613628	0.004784500692039728	0.9936500191688538	0.0007201878470368683	0.0018945620395243168	0.9973853230476379
149	0.9946973323822021	0.005083668977022171	0.0002189265942433849	0.9946973323822021	0.005083668977022171	0.0002189265942433849
150	0.006776278838515282	0.02475106529891491	0.9684726595878601	0.0020303830970078707	0.017866995185613632	0.9801025986671448
151	0.08935157209634781	0.013232406228780746	0.8974160552024841	0.022426780313253403	0.025272782891988754	0.9523004293441772
152	0.014014065265655518	0.015502380207180977	0.9704834818840027	0.013285594992339611	0.002903450047597289	0.9838108420372009
153	0.02060365490615368	0.017402438446879387	0.961993932723999	0.004548929166048765	0.012732371687889099	0.9827187061309814
154	0.005476595368236303	0.0219050794839859	0.9726184010505676	0.016164442524313927	0.006068641319870949	0.9777669906616211
155	0.018342716619372368	0.0040525090880692005	0.9776046872138977	0.004793331492692232	0.008198026567697525	0.9870086312294006
156	0.002207542071118951	0.00652390206232667	0.991268515586853	0.0486530065536499	0.007568548433482647	0.943778395652771
157	0.0005246272194199264	0.0005016221548430622	0.9989738464355469	0.001023217337206006	0.0013573102187365294	0.9976194500923157
158	0.0005624362383969128	0.0008810577564872801	0.9985564351081848	0.0014477899530902505	0.0019782877061516047	0.9965739250183105
159	0.0017500387039035559	0.002216038992628455	0.9960338473320007	0.0009067552746273577	0.001287067774683237	0.9978062510490417
160	0.007016279734671116	0.009332780726253986	0.9836509823799133	0.002209560014307499	0.0020112094935029745	0.9957791566848755
161	0.3154705762863159	0.060257505625486374	0.6242718696594238	0.3155137598514557	0.17226605117321014	0.5122201442718506
162	0.025715475901961327	0.01471598632633686	0.9595685601234436	0.09197350591421127	0.05499721318483353	0.8530292510986328
163	0.828951895236969	0.09970979392528534	0.07133829593658447	0.886647641658783	0.029396070167422295	0.08395624160766602
164	0.04276774451136589	0.03244037926197052	0.9247919321060181	0.0006991200498305261	0.0021628057584166527	0.9971381425857544
165	0.002732588443905115	0.007680448703467846	0.9895869493484497	0.0015785604482516646	0.018941940739750862	0.9794796109199524
166	0.004983465652912855	0.012151219882071018	0.9828653335571289	0.04226817190647125	0.020852800458669662	0.93687903881073
167	0.07682690024375916	0.026622820645570755	0.8965502977371216	0.24545395374298096	0.033758435398340225	0.7207876443862915
168	0.001681692898273468	0.003593889996409416	0.9947243332862854	0.0004681502759922296	0.0017987946048378944	0.9977329969406128
169	0.0021541339810937643	0.0004758625873364508	0.9973700046539307	0.002299272920936346	0.001013915054500103	0.9966867566108704
170	0.0008510118932463229	0.021296503022313118	0.9778525829315186	0.0011758635519072413	0.004934320691972971	0.9938898086547852
171	0.0003594847512431443	0.0004299497522879392	0.9992104768753052	0.0004917333135381341	0.0007948564598336816	0.998713493347168
172	0.6779065132141113	0.17105357348918915	0.1510399430990219	0.9769648313522339	0.011414846405386925	0.011620312929153442
173	0.02660762332379818	0.012668785639107227	0.9607235789299011	0.04067585989832878	0.06830939650535583	0.8910147547721863
174	0.0018193871947005391	0.001836999785155058	0.9963436722755432	0.05012007802724838	0.006045089103281498	0.9438348412513733
175	0.006381407380104065	0.0067792171612381935	0.9868393540382385	0.0008767817635089159	0.004022327251732349	0.9951009154319763
176	0.004486023914068937	0.006000685505568981	0.9895133376121521	0.00172079773619771	0.009510069154202938	0.9887691736221313
177	0.002931690076366067	0.11309902369976044	0.8839693069458008	0.0017181782750412822	0.0029006055556237698	0.995381236076355
178	0.00252120615914464	0.0014039358356967568	0.9960748553276062	0.0025835903361439705	0.001649234676733613	0.9957671165466309
179	0.0011126295430585742	0.000820428947918117	0.9980669617652893	0.007250929716974497	0.0025156678166240454	0.9902334213256836
180	0.9963719844818115	0.0034459480084478855	0.0001820416800910607	0.9963719844818115	0.0034459480084478855	0.0001820416800910607
181	0.0027826980222016573	0.002911854302510619	0.994305431842804	0.06608147919178009	0.007647622376680374	0.9262709617614746
182	0.0006522812182083726	0.0038412471767514944	0.9955065250396729	0.001558518735691905	0.0034909993410110474	0.994950532913208
183	0.030546018853783607	0.005993420723825693	0.9634606242179871	0.002146655460819602	0.0020213124807924032	0.9958320260047913
184	0.07681155949831009	0.00993580836802721	0.9132526516914368	0.010208944790065289	0.003997384570538998	0.9857936501502991
185	0.0010124032851308584	0.002596140606328845	0.9963914752006531	0.0003090148384217173	0.0017956794472411275	0.9978952407836914
186	0.0006156679592095315	0.0008472481276839972	0.9985370635986328	0.0002071210474241525	0.0005505505832843482	0.9992423057556152
187	0.5199931859970093	0.06007266044616699	0.4199342131614685	0.008031651377677917	0.01040476281195879	0.9815635681152344
188	0.0020693615078926086	0.004198793787509203	0.9937317967414856	0.0028226838912814856	0.003192039905115962	0.9939852356910706
189	0.008402734994888306	0.019901618361473083	0.9716956615447998	0.04050847887992859	0.011225875467061996	0.9482656121253967
190	0.0016775357071310282	0.003949818201363087	0.9943726062774658	0.017486512660980225	0.00612716656178236	0.9763863682746887
191	0.0038946918211877346	0.004410186316817999	0.9916951060295105	0.0004149964079260826	0.0011122330324724317	0.9984727501869202
192	0.0025690370239317417	0.0030180327594280243	0.9944129586219788	0.0384802483022213	0.01208330038934946	0.9494364261627197
193	0.000556748069357127	0.0010475183371454477	0.9983957409858704	0.0020892550237476826	0.0025202969554811716	0.9953904151916504
194	0.0006837270921096206	0.004667541012167931	0.9946487545967102	0.039957333356142044	0.00739967031404376	0.9526429772377014
195	0.007613536901772022	0.008256439119577408	0.9841300249099731	0.06009701266884804	0.005690427031368017	0.9342126250267029
196	0.002724784892052412	0.003799720900133252	0.9934754967689514	0.009005958214402199	0.0022338533308357	0.988760232925415
197	0.0010050026467069983	0.0018974007107317448	0.9970976114273071	0.00556230591610074	0.0019099288620054722	0.9925278425216675
198	0.03643506392836571	0.006661371793597937	0.9569035768508911	0.002435173373669386	0.0017194992396980524	0.995845377445221
199	0.0010415466967970133	0.02051711268723011	0.9784412980079651	0.002191594336181879	0.0028500582557171583	0.9949583411216736
