0	0.09292880445718765	0.2293970286846161	0.6776741743087769	0.10945979505777359	0.19184499979019165	0.698695182800293
1	0.8997664451599121	0.06003158167004585	0.040201954543590546	0.9079201221466064	0.05378459766507149	0.03829532116651535
2	0.1423385888338089	0.05861115828156471	0.7990502715110779	0.7870691418647766	0.07593779265880585	0.13699312508106232
3	0.4575757384300232	0.4026653468608856	0.13975895941257477	0.8886988759040833	0.08652032911777496	0.024780765175819397
4	0.49646228551864624	0.23590001463890076	0.2676377296447754	0.9417210221290588	0.03798937052488327	0.020289627835154533
5	0.9606549143791199	0.031602419912815094	0.007742604706436396	0.959519624710083	0.039381638169288635	0.001098751905374229
6	0.7567934989929199	0.17560039460659027	0.06760608404874802	0.9603455662727356	0.037828169763088226	0.0018263066885992885
7	0.9883025288581848	0.011437731795012951	0.00025969409034587443	0.9914374947547913	0.008342755027115345	0.00021975954587105662
8	0.33122527599334717	0.09447906166315079	0.574295699596405	0.9124387502670288	0.052773866802453995	0.034787338227033615
9	0.07238135486841202	0.12527139484882355	0.8023472428321838	0.15109488368034363	0.22112974524497986	0.6277753710746765
10	0.9870915412902832	0.011297224089503288	0.0016112857265397906	0.934805154800415	0.04299265891313553	0.022202197462320328
11	0.9683166146278381	0.028472037985920906	0.003211425384506583	0.9687824845314026	0.02982195094227791	0.0013955648755654693
12	0.7996102571487427	0.1826825737953186	0.017707180231809616	0.9887773394584656	0.010015930980443954	0.0012066778726875782
13	0.740104615688324	0.18630357086658478	0.07359171658754349	0.7934452891349792	0.1927231401205063	0.013831629417836666
14	0.9961775541305542	0.003611809341236949	0.00021067266061436385	0.9964331388473511	0.0033497214317321777	0.00021717985509894788
15	0.996926486492157	0.0029090549796819687	0.00016440519539173692	0.9968945980072021	0.002942923456430435	0.0001624830620130524
16	0.9500451683998108	0.04125821217894554	0.008696679025888443	0.9334697127342224	0.06369997560977936	0.0028303402941673994
17	0.9951723217964172	0.004491581115871668	0.00033615774009376764	0.995672881603241	0.004013778176158667	0.0003133484860882163
18	0.9907928109169006	0.008391653187572956	0.0008154738461598754	0.6723742485046387	0.08745885640382767	0.24016688764095306
19	0.8237997889518738	0.1090451255440712	0.06715517491102219	0.9813612103462219	0.015201677568256855	0.0034371339716017246
20	0.004593564197421074	0.03471358120441437	0.9606928825378418	0.009915554895997047	0.03981653228402138	0.9502679109573364
21	0.9935773015022278	0.0061613149009644985	0.0002614027471281588	0.9959851503372192	0.0038106711581349373	0.00020424730610102415
22	0.3912019729614258	0.14606739580631256	0.4627305865287781	0.9853881001472473	0.013362377882003784	0.0012495032278820872
23	0.8920158743858337	0.10358873009681702	0.004395483992993832	0.9945070147514343	0.005257585551589727	0.0002353729505557567
24	0.008160341531038284	0.004976651631295681	0.9868630170822144	0.011218826286494732	0.00383544247597456	0.9849456548690796
25	0.0014049179153516889	0.016060594469308853	0.9825344681739807	0.0014185479376465082	0.016970504075288773	0.981610894203186
26	0.9883025288581848	0.011437731795012951	0.00025969409034587443	0.9914374947547913	0.008342755027115345	0.00021975954587105662
27	0.3256034553050995	0.39833003282546997	0.27606654167175293	0.5877683162689209	0.3582247495651245	0.054006922990083694
28	0.9647809267044067	0.03461334481835365	0.0006056780694052577	0.9832178354263306	0.016349881887435913	0.00043229968287050724
29	0.02970684878528118	0.05328098312020302	0.9170121550559998	0.1314062923192978	0.07428781688213348	0.7943058609962463
30	0.9107367992401123	0.08596918731927872	0.003294009016826749	0.9811441898345947	0.018296822905540466	0.0005589505890384316
31	0.9940787553787231	0.005674805957823992	0.0002464059507474303	0.9963400363922119	0.0034555899910628796	0.000204441137611866
32	0.9684052467346191	0.02983659692108631	0.001758144237101078	0.992016077041626	0.007218643091619015	0.0007652269559912384
33	0.0331023670732975	0.04930664971470833	0.9175909161567688	0.19928139448165894	0.09071283042430878	0.7100057601928711
34	0.33122527599334717	0.09447906166315079	0.574295699596405	0.9124387502670288	0.052773866802453995	0.034787338227033615
35	0.27660390734672546	0.32180947065353394	0.40158653259277344	0.6170759797096252	0.16374994814395905	0.2191740721464157
36	0.7087870836257935	0.09724235534667969	0.19397054612636566	0.7132899761199951	0.10630146414041519	0.1804085522890091
37	0.32388460636138916	0.5417931079864502	0.13432222604751587	0.9213865399360657	0.06847770512104034	0.010135720483958721
38	0.1467171013355255	0.059677768498659134	0.7936051487922668	0.8807554244995117	0.04911362752318382	0.07013096660375595
39	0.6981586217880249	0.11181182414293289	0.1900295913219452	0.40120530128479004	0.08986431360244751	0.5089304447174072
40	0.9900617599487305	0.009646554477512836	0.00029168740729801357	0.994607150554657	0.005166081245988607	0.00022674778301734477
41	0.9881775975227356	0.011541864834725857	0.0002805610711220652	0.9931434392929077	0.00661263894289732	0.0002439441013848409
42	0.8758501410484314	0.12105811387300491	0.003091738559305668	0.9956541061401367	0.004128109198063612	0.00021775327331852168
43	0.7130478620529175	0.2535199820995331	0.03343218192458153	0.9842901825904846	0.014361567795276642	0.0013482414651662111
44	0.2342424839735031	0.12768325209617615	0.6380742788314819	0.1384516805410385	0.07801564782857895	0.7835326790809631
45	0.9944345355033875	0.005337703041732311	0.00022782289306633174	0.9964571595191956	0.003375931642949581	0.00016684459114912897
46	0.0031746625900268555	0.004355659708380699	0.9924697279930115	0.002793930470943451	0.0024732889141887426	0.9947328567504883
47	0.9906346201896667	0.009087249636650085	0.00027811634936369956	0.9905279874801636	0.009165075607597828	0.00030696726753376424
48	0.38419240713119507	0.1275181770324707	0.488289475440979	0.6419169306755066	0.09393898397684097	0.26414409279823303
49	0.9878339767456055	0.011908065527677536	0.00025796244153752923	0.9959551095962524	0.0038966205902397633	0.00014823618403170258
50	0.12429695576429367	0.10979752242565155	0.7659055590629578	0.02841843292117119	0.03602972626686096	0.9355518817901611
51	0.6619935631752014	0.3125554919242859	0.02545083500444889	0.9816715121269226	0.015686608850955963	0.002641870640218258
52	0.7154868841171265	0.26783061027526855	0.01668250560760498	0.9691712856292725	0.029676111415028572	0.0011526030721142888
53	0.002200445393100381	0.007748741656541824	0.9900508522987366	0.0024694434832781553	0.00738341873511672	0.9901471734046936
54	0.045320674777030945	0.04389846697449684	0.9107809066772461	0.2388635128736496	0.08327195048332214	0.6778644919395447
55	0.9964727759361267	0.0033371448516845703	0.0001900906499940902	0.996523916721344	0.0032928611617535353	0.00018320156959816813
56	0.48339831829071045	0.1162601187825203	0.40034162998199463	0.751044511795044	0.1166350245475769	0.13232041895389557
57	0.4500882625579834	0.2363956719636917	0.3135160803794861	0.8415083289146423	0.07701128721237183	0.08148036152124405
58	0.8004151582717896	0.089557945728302	0.11002688854932785	0.971696674823761	0.02562899887561798	0.0026742510963231325
59	0.03302907198667526	0.032278597354888916	0.9346922636032104	0.014221805147826672	0.020476987585425377	0.9653011560440063
60	0.9889128804206848	0.010716620832681656	0.00037047380465082824	0.995585560798645	0.0041890195570886135	0.00022540759528055787
61	0.9878450036048889	0.011915053240954876	0.00023987457097973675	0.9968317151069641	0.002964384388178587	0.00020391118596307933
62	0.9951509237289429	0.0045592403039336205	0.00028976990142837167	0.9926860332489014	0.006485421676188707	0.0008285062504000962
63	0.5505669713020325	0.15405216813087463	0.2953808307647705	0.103690966963768	0.09450345486402512	0.8018056154251099
64	0.8936046361923218	0.08435013890266418	0.022045202553272247	0.9364786744117737	0.05036124959588051	0.013160060159862041
65	0.9634403586387634	0.03602221980690956	0.0005373504827730358	0.982390284538269	0.017159074544906616	0.0004505923134274781
66	0.16223670542240143	0.1037571132183075	0.7340061664581299	0.22632996737957	0.10449601709842682	0.6691740155220032
67	0.02145133726298809	0.05676036700606346	0.9217882752418518	0.09175107628107071	0.06440901756286621	0.8438398838043213
68	0.7421905994415283	0.2567622661590576	0.0010470837587490678	0.9314045906066895	0.06781210005283356	0.0007832616684027016
69	0.6059015989303589	0.16150930523872375	0.23258914053440094	0.594020664691925	0.08232825994491577	0.3236510455608368
70	0.11516673117876053	0.517841100692749	0.36699220538139343	0.32685911655426025	0.3964847922325134	0.2766561508178711
71	0.9964137673377991	0.003417268395423889	0.00016902755305636674	0.9967893958091736	0.0030360505916178226	0.0001744917535688728
72	0.005534886382520199	0.0075713773258030415	0.9868936538696289	0.010866858996450901	0.010380959138274193	0.9787521958351135
73	0.9835522770881653	0.016124695539474487	0.0003230394795536995	0.994494616985321	0.005328682251274586	0.0001766822097124532
74	0.45403802394866943	0.4633582830429077	0.08260367065668106	0.11639194190502167	0.368902325630188	0.5147057771682739
75	0.6321284174919128	0.21105162799358368	0.15681998431682587	0.6412895917892456	0.14442358911037445	0.21428683400154114
76	0.955467700958252	0.04322722926735878	0.0013050835113972425	0.9959192872047424	0.0038406434468925	0.00024007454339880496
77	0.6269180774688721	0.09094267338514328	0.28213924169540405	0.7375229001045227	0.07729357481002808	0.1851835697889328
78	0.006138403434306383	0.015602992847561836	0.9782586693763733	0.13593252003192902	0.11832615733146667	0.7457413077354431
79	0.9258804321289062	0.07351360470056534	0.000606004148721695	0.9805857539176941	0.01911001093685627	0.0003042933240067214
80	0.019392630085349083	0.03683171421289444	0.9437757134437561	0.015654349699616432	0.04147406667470932	0.942871630191803
81	0.9951723217964172	0.004491581115871668	0.00033615774009376764	0.995672881603241	0.004013778176158667	0.0003133484860882163
82	0.40366628766059875	0.14094658195972443	0.4553871154785156	0.9592365622520447	0.017924997955560684	0.022838512435555458
83	0.9914796352386475	0.008019084110856056	0.000501234782859683	0.9958608746528625	0.00391506589949131	0.00022409603116102517
84	0.35065528750419617	0.34648969769477844	0.3028550148010254	0.9818863868713379	0.014167865738272667	0.0039456989616155624
85	0.3874753415584564	0.20513533055782318	0.4073893129825592	0.3189280927181244	0.14343823492527008	0.5376337766647339
86	0.09015079587697983	0.04007606580853462	0.8697731494903564	0.0381995365023613	0.04389149323105812	0.9179089069366455
87	0.09677145630121231	0.3634825348854065	0.5397459864616394	0.4816558063030243	0.16077370941638947	0.3575705289840698
88	0.9427498579025269	0.05326436087489128	0.003985736984759569	0.9777719974517822	0.01860179379582405	0.0036262227222323418
89	0.980309009552002	0.0172395221889019	0.002451480831950903	0.966056764125824	0.030337773263454437	0.003605420934036374
90	0.15045906603336334	0.15895748138427734	0.6905834674835205	0.4838922619819641	0.2640984356403351	0.2520093619823456
91	0.003681905334815383	0.02499501407146454	0.9713230133056641	0.014699154533445835	0.057292960584163666	0.928007960319519
92	0.7995840311050415	0.07235413789749146	0.12806183099746704	0.3937043845653534	0.07214877754449844	0.5341469049453735
93	0.578707218170166	0.4146629571914673	0.0066298190504312515	0.9595385193824768	0.038362327963113785	0.0020991391502320766
94	0.5042961835861206	0.4909031391143799	0.004800739698112011	0.9642717838287354	0.034002043306827545	0.0017262358451262116
95	0.918021023273468	0.053048983216285706	0.028929978609085083	0.977451503276825	0.017704837024211884	0.00484368484467268
96	0.4671991169452667	0.11746367067098618	0.4153372049331665	0.9634878635406494	0.029480524361133575	0.007031573913991451
97	0.04399269446730614	0.043510645627975464	0.9124966263771057	0.01689080148935318	0.013096833601593971	0.9700123071670532
98	0.9886288642883301	0.010967749170958996	0.0004033884033560753	0.9931575655937195	0.006622107699513435	0.00022037439339328557
99	0.9092937111854553	0.08557762205600739	0.005128685384988785	0.9132964611053467	0.07296314835548401	0.01374032162129879
100	0.240486279129982	0.1772291660308838	0.5822845697402954	0.7777936458587646	0.14821463823318481	0.07399168610572815
101	0.01817966438829899	0.03742600232362747	0.9443942904472351	0.009468736127018929	0.023908428847789764	0.9666228294372559
102	0.949913501739502	0.04960609972476959	0.0004803729825653136	0.9813243746757507	0.018213888630270958	0.0004616933292709291
103	0.9914796352386475	0.008019084110856056	0.000501234782859683	0.9958608746528625	0.00391506589949131	0.00022409603116102517
104	0.9261124730110168	0.07143200188875198	0.002455522073432803	0.9848003387451172	0.014525561593472958	0.0006740643875673413
105	0.001922069233842194	0.005425901617854834	0.9926519989967346	0.003946166019886732	0.007926584221422672	0.9881271719932556
106	0.6425953507423401	0.2594646215438843	0.09794003516435623	0.9688981771469116	0.024106059223413467	0.006995816715061665
107	0.048889629542827606	0.14621852338314056	0.8048918843269348	0.08956769853830338	0.13205933570861816	0.7783728837966919
108	0.9844914078712463	0.014828469604253769	0.0006800904520787299	0.9956346154212952	0.004106973297894001	0.00025839131558313966
109	0.705780565738678	0.2334972620010376	0.06072218343615532	0.9708638191223145	0.016729865223169327	0.012406355701386929
110	0.013693271204829216	0.03376524895429611	0.9525413513183594	0.3786804974079132	0.20501826703548431	0.4163012206554413
111	0.08836826682090759	0.20792753994464874	0.7037041187286377	0.3458615839481354	0.27260345220565796	0.38153496384620667
112	0.9800915122032166	0.019480301067233086	0.00042818166548386216	0.9873223900794983	0.012360475957393646	0.0003171264543198049
113	0.9840340614318848	0.015688996762037277	0.0002769824059214443	0.9908407926559448	0.008944997563958168	0.00021423844737000763
114	0.23697274923324585	0.07511831820011139	0.6879088878631592	0.08845595270395279	0.05701115354895592	0.8545328378677368
115	0.46359649300575256	0.25627830624580383	0.28012514114379883	0.35440880060195923	0.14678815007209778	0.4988030195236206
116	0.14760743081569672	0.8064356446266174	0.045956920832395554	0.8970292806625366	0.08004429191350937	0.022926412522792816
117	0.260836660861969	0.13733144104480743	0.6018319129943848	0.32983139157295227	0.12452179938554764	0.5456467866897583
118	0.015293927863240242	0.020563241094350815	0.9641428589820862	0.02970864810049534	0.017456885427236557	0.9528344869613647
119	0.9926161766052246	0.007201858796179295	0.00018201129569206387	0.9966292977333069	0.0031185767147690058	0.0002520701091270894
120	0.26079460978507996	0.2436423897743225	0.49556294083595276	0.6678105592727661	0.1533942073583603	0.1787952333688736
121	0.29432302713394165	0.14916351437568665	0.5565134882926941	0.614276111125946	0.16673655807971954	0.21898731589317322
122	0.006012462079524994	0.021416518837213516	0.9725708961486816	0.02517508715391159	0.045384421944618225	0.9294405579566956
123	0.9868776202201843	0.011006700806319714	0.0021156487055122852	0.9936404824256897	0.005641314201056957	0.0007181574474088848
124	0.017501050606369972	0.11219557374715805	0.8703033924102783	0.032186880707740784	0.048922836780548096	0.9188902378082275
125	0.9637297987937927	0.03358539938926697	0.0026847494300454855	0.9931600093841553	0.006331801880151033	0.000508114870171994
126	0.9496736526489258	0.04316769912838936	0.007158694788813591	0.9229558110237122	0.05547055974602699	0.02157364971935749
127	0.17397864162921906	0.194107785820961	0.6319136023521423	0.8831456303596497	0.06664204597473145	0.050212401896715164
128	0.041941042989492416	0.10878656059503555	0.8492723703384399	0.012949350290000439	0.06505940854549408	0.921991229057312
129	0.9886288642883301	0.010967749170958996	0.0004033884033560753	0.9931575655937195	0.006622107699513435	0.00022037439339328557
130	0.7675704956054688	0.13790500164031982	0.09452451765537262	0.8870763182640076	0.07224428653717041	0.040679384022951126
