0	0.9942427277565002	0.005574513226747513	0.00018278969218954444	0.9906628131866455	0.009067566134035587	0.0002696117735467851
1	0.9948208332061768	0.0046758586540818214	0.0005032794433645904	0.9960131645202637	0.003644471988081932	0.00034238636726513505
2	0.9948352575302124	0.004761564079672098	0.00040312926284968853	0.9965299963951111	0.0032387503888458014	0.0002312224532943219
3	0.9941319823265076	0.00562156131491065	0.0002464576973579824	0.003259332152083516	0.9928810596466064	0.003859621938318014
4	0.9938650727272034	0.0059993029572069645	0.00013559051149059087	0.9956270456314087	0.004241000860929489	0.00013196468353271484
5	0.9943390488624573	0.005289866589009762	0.0003710453165695071	0.9972440004348755	0.002567082643508911	0.00018887726764660329
6	0.9964885711669922	0.0032980823889374733	0.00021334765187930316	0.9953931570053101	0.004411174450069666	0.0001956632040673867
7	0.8337634205818176	0.1201014369726181	0.046135179698467255	0.022046441212296486	0.6366913914680481	0.3412621021270752
8	0.927513062953949	0.052064042538404465	0.020422862842679024	0.9775511622428894	0.021160567179322243	0.00128822005353868
9	0.9932807087898254	0.006532660685479641	0.00018668858683668077	0.9940630793571472	0.005770367104560137	0.000166550453286618
10	0.9966005682945251	0.0032072660978883505	0.00019224564312025905	0.997826874256134	0.0019793210085481405	0.00019383059407118708
11	0.9731625914573669	0.02615363895893097	0.0006837959517724812	0.9967957139015198	0.0029888132121413946	0.00021549909433815628
12	0.9965713024139404	0.0032708721701055765	0.0001578687661094591	0.9969857335090637	0.002853977493941784	0.00016026388038881123
13	0.9806612730026245	0.019074488431215286	0.0002642054168973118	0.9958551526069641	0.003910390194505453	0.00023438254720531404
14	0.6770387291908264	0.3155559003353119	0.00740537466481328	0.9506441950798035	0.04776466265320778	0.00159115728456527
15	0.9968976974487305	0.0029310344252735376	0.00017121552082244307	0.9972215890884399	0.0025963764637708664	0.00018207688117399812
16	0.9965658783912659	0.0032318783923983574	0.00020229989604558796	0.9972373247146606	0.0025475765578448772	0.00021511029626708478
17	0.9352276921272278	0.061662279069423676	0.00311002554371953	0.9626361727714539	0.033111572265625	0.004252241458743811
18	0.9976431727409363	0.0021633317228406668	0.0001935141917783767	0.9977774024009705	0.002043055137619376	0.0001795262796804309
19	0.22300732135772705	0.7761370539665222	0.0008556070970371366	0.997922956943512	0.0018797862576320767	0.0001972470199689269
20	0.09129904210567474	0.9056209921836853	0.003079997841268778	0.991132915019989	0.008473530411720276	0.0003935743006877601
21	0.9963591694831848	0.003454152261838317	0.00018671259749680758	0.9964075684547424	0.0034160171635448933	0.0001763504114933312
22	0.9976633787155151	0.0021660602651536465	0.00017060268146451563	0.9974484443664551	0.0023624387104064226	0.00018911805818788707
23	0.9976715445518494	0.0022088149562478065	0.00011957223614444956	0.9979100823402405	0.0019426436629146338	0.00014722296327818185
24	0.9968512654304504	0.0029348486568778753	0.0002139294520020485	0.996846616268158	0.002938416786491871	0.00021497393026947975
25	0.9947364926338196	0.005054107401520014	0.00020941531693097204	0.991543173789978	0.008203163743019104	0.0002536755346227437
26	0.25875818729400635	0.43515339493751526	0.3060883581638336	0.00135323079302907	0.9323118329048157	0.06633494049310684
27	0.033419910818338394	0.003826362546533346	0.9627537131309509	0.23274537920951843	0.010742807760834694	0.7565118670463562
28	0.22251106798648834	0.339815616607666	0.43767333030700684	0.4177264869213104	0.24534869194030762	0.33692479133605957
29	0.9979739785194397	0.0018077634740620852	0.00021822193230036646	0.9979162812232971	0.0018860900308936834	0.00019766128389164805
30	0.4441542327404022	0.20668238401412964	0.349163293838501	0.006073473021388054	0.08021070808172226	0.9137157797813416
31	0.9972700476646423	0.0025683813728392124	0.0001615268411114812	0.8286203742027283	0.17094305157661438	0.00043656915659084916
32	0.9943901896476746	0.005086188670247793	0.0005235779099166393	0.9867144227027893	0.01043811347335577	0.002847473369911313
33	0.9972624778747559	0.0025591368321329355	0.00017833345918916166	0.9972840547561646	0.002537405351176858	0.00017852686869446188
34	0.9963409304618835	0.0033602877520024776	0.00029874936444684863	0.9964056015014648	0.0032646197360008955	0.0003297805960755795
35	0.9969909191131592	0.002847007242962718	0.00016208550368901342	0.9953981041908264	0.004413321614265442	0.00018854113295674324
36	0.9973364472389221	0.002473567146807909	0.0001899414201034233	0.9970570802688599	0.0027632233686745167	0.00017966306768357754
37	0.9852390289306641	0.013764400966465473	0.0009965593926608562	0.9912548065185547	0.008131385780870914	0.0006137976888567209
38	0.9956858158111572	0.004070095252245665	0.00024409344769082963	0.6935933232307434	0.3055054843425751	0.0009011928923428059
39	0.9956746697425842	0.004181505646556616	0.00014379368803929538	0.9977103471755981	0.0020711577963083982	0.00021846138406544924
40	0.9842553734779358	0.015564428642392159	0.00018018102855421603	0.9961405396461487	0.003663614159449935	0.00019579517538659275
41	0.994473397731781	0.005364029202610254	0.00016257609240710735	0.9950893521308899	0.004743370693176985	0.00016729543858673424
42	0.9941735863685608	0.005521903745830059	0.00030453986255452037	0.9966850876808167	0.0031030112877488136	0.00021193677093833685
43	0.9971070885658264	0.002747697290033102	0.0001451778516639024	0.9973912239074707	0.002451978623867035	0.0001567930303281173
44	0.995457649230957	0.004350951872766018	0.00019137377967126667	0.9954574108123779	0.004351598210632801	0.0001909582642838359
45	0.9916760921478271	0.007001872640103102	0.0013220455730333924	0.9894519448280334	0.009204876609146595	0.0013431856641545892
46	0.997295081615448	0.002534371567890048	0.00017050831229425967	0.9967702627182007	0.003061787225306034	0.0001679242413956672
47	0.994200587272644	0.005535430274903774	0.00026405276730656624	0.9944272041320801	0.005274341441690922	0.0002984668535646051
48	0.9975064396858215	0.002320686588063836	0.00017289328388869762	0.9974216222763062	0.00239621102809906	0.00018216934404335916
49	0.01110753696411848	0.02406957559287548	0.9648228883743286	0.005792713258415461	0.051660504192113876	0.9425467848777771
50	0.9923059344291687	0.007070316933095455	0.0006237316410988569	0.9951884746551514	0.004576766397804022	0.00023468982544727623
51	0.9974902868270874	0.00233047385700047	0.00017928746819961816	0.995747983455658	0.0040993457660079	0.00015274141333065927
52	0.9970567226409912	0.0027550968807190657	0.0001881972566479817	0.9972495436668396	0.002556774066761136	0.0001936142798513174
53	0.9973140358924866	0.0024742691311985254	0.00021163432393223047	0.9076076149940491	0.09198703616857529	0.0004053835873492062
54	0.9915775060653687	0.007989607751369476	0.0004328539944253862	0.9947840571403503	0.004874848760664463	0.00034105259692296386
55	0.993787944316864	0.005937895271927118	0.00027410671464167535	0.8196654915809631	0.17602106928825378	0.004313450772315264
56	0.9962490200996399	0.003521538805216551	0.00022948702098801732	0.9955670237541199	0.004203329794108868	0.00022959384659770876
57	0.9949995279312134	0.004685763269662857	0.000314760283799842	0.002966980915516615	0.9956579208374023	0.0013751685619354248
58	0.998038113117218	0.0017708326922729611	0.00019109068671241403	0.9980971217155457	0.0017024491680786014	0.00020044493430759758
59	0.9965910911560059	0.003178213955834508	0.00023074405908118933	0.9965408444404602	0.003216066164895892	0.00024302570091094822
60	0.995681643486023	0.00412440812215209	0.00019398247241042554	0.9956911206245422	0.004088833928108215	0.00022000030730850995
61	0.997417688369751	0.002376471646130085	0.0002058374957414344	0.9972321391105652	0.0025767390616238117	0.00019113512826152146
62	0.9971762895584106	0.0026520807296037674	0.00017165302415378392	0.9974484443664551	0.0023736320436000824	0.00017791599384509027
63	0.9970048069953918	0.002801119815558195	0.00019404417253099382	0.9967308044433594	0.0030768339056521654	0.0001924222888192162
64	0.9965173006057739	0.0033191621769219637	0.00016354768013115972	0.9949369430541992	0.004812921397387981	0.0002501599956303835
65	0.9965118765830994	0.0033417807426303625	0.00014630029909312725	0.992698609828949	0.007121221162378788	0.00018013783846981823
66	0.9965785145759583	0.0031310725025832653	0.00029035835177637637	0.9954982995986938	0.004099635407328606	0.0004020532942377031
67	0.9737080931663513	0.02491476759314537	0.0013771936064586043	0.9852312803268433	0.013671805150806904	0.0010968749411404133
68	0.9937762022018433	0.005971426144242287	0.0002524215669836849	0.9928519129753113	0.00689165573567152	0.0002563854504842311
69	0.996645987033844	0.003202631836757064	0.00015131219697650522	0.9966251850128174	0.0032206522300839424	0.00015417992835864425
70	0.996946394443512	0.0028990290593355894	0.00015463714953511953	0.9956997632980347	0.004146719351410866	0.0001535486662760377
71	0.9931961297988892	0.006507438607513905	0.0002963916922453791	0.6540841460227966	0.34012049436569214	0.0057953945361077785
72	0.9970217347145081	0.00281031453050673	0.00016788060020189732	0.9656912088394165	0.03356558084487915	0.0007432119455188513
73	0.9775533080101013	0.015711437910795212	0.006735214963555336	0.9778554439544678	0.016080113127827644	0.006064501125365496
74	0.9857455492019653	0.01384433638304472	0.0004100529185961932	0.863609790802002	0.13454771041870117	0.0018424858571961522
75	0.9947521686553955	0.005094925407320261	0.0001528898865217343	0.9956263303756714	0.004223537631332874	0.0001500616199336946
76	0.9922500848770142	0.007494279649108648	0.0002556688559707254	0.9941558837890625	0.005570829380303621	0.0002733072324190289
77	0.9969966411590576	0.00282409880310297	0.00017931584443431348	0.997077226638794	0.002756103640422225	0.0001667406177148223
78	0.9969436526298523	0.002926396206021309	0.00012988317757844925	0.9968990087509155	0.0029682808090001345	0.00013274990487843752
79	0.9952862858772278	0.004485828801989555	0.00022792845265939832	0.9959371089935303	0.0038849995471537113	0.00017788053082767874
80	0.9962937235832214	0.0035235111135989428	0.00018276683113072067	0.996606707572937	0.0032216862309724092	0.00017160538118332624
81	0.9858285188674927	0.013847733847796917	0.00032370464759878814	0.9965407252311707	0.003094779560342431	0.0003645143879111856
82	0.9970260262489319	0.002810116158798337	0.0001639013789827004	0.9970314502716064	0.0027970317751169205	0.00017145599122159183
83	0.9629406332969666	0.035203464329242706	0.0018559597665444016	0.7238739728927612	0.27497947216033936	0.0011465518036857247
84	0.9909862875938416	0.008554105646908283	0.00045954855158925056	0.9942230582237244	0.00534255662932992	0.0004344132321421057
85	0.9960516095161438	0.0037134953308850527	0.00023491530737373978	0.9953905344009399	0.004395895637571812	0.0002135752292815596
86	0.9932748079299927	0.00630900077521801	0.00041619513649493456	0.9943339824676514	0.005386448465287685	0.0002796428161673248
87	0.9979939460754395	0.0018252070294693112	0.0001809004315873608	0.71677166223526	0.28249719738960266	0.0007311690715141594
88	0.996278703212738	0.0034397796262055635	0.00028145380201749504	0.9958176016807556	0.0038272079546004534	0.000355222582584247
89	0.9735677242279053	0.026135049760341644	0.0002972881484311074	0.9771316647529602	0.020946208387613297	0.0019220778485760093
90	0.9879884719848633	0.010451371781527996	0.0015601275954395533	0.5514641404151917	0.4453102648258209	0.003225610125809908
91	0.9969424605369568	0.002885734662413597	0.00017181370640173554	0.9943185448646545	0.005489553790539503	0.0001919765491038561
92	0.9968158602714539	0.0029131213668733835	0.00027103369939140975	0.9971953630447388	0.0026070675812661648	0.00019757839618250728
93	0.980369508266449	0.01872912608087063	0.0009014372481033206	0.9539732336997986	0.04484061524271965	0.0011861765524372458
94	0.9290830492973328	0.06937899440526962	0.001537985517643392	0.9734434485435486	0.02552616596221924	0.0010304340394213796
95	0.9939751029014587	0.0058176531456410885	0.0002072997303912416	0.9946119785308838	0.005193440709263086	0.0001946163538377732
96	0.9956017732620239	0.00416963966563344	0.0002285460359416902	0.9962970614433289	0.003495345590636134	0.00020762650819960982
97	0.9961100220680237	0.0035716064739972353	0.00031837934511713684	0.9948844313621521	0.00468186242505908	0.0004336566780693829
98	0.9976029992103577	0.002224758267402649	0.000172232132172212	0.9961930513381958	0.003659958718344569	0.0001470443676225841
99	0.9965452551841736	0.0033330474980175495	0.00012164458894403651	0.9966104626655579	0.0032659710850566626	0.0001235456729773432
100	0.996174693107605	0.0035683519672602415	0.00025692940107546747	0.9842967391014099	0.015226653777062893	0.0004766504280269146
101	0.9617494940757751	0.01878264732658863	0.0194679107517004	0.9933961033821106	0.005327544640749693	0.0012764285784214735
102	0.9957811832427979	0.004065414424985647	0.0001534555049147457	0.996538519859314	0.003245701314881444	0.00021581939654424787
103	0.9974741339683533	0.0023374028969556093	0.00018842064309865236	0.991023063659668	0.008813487365841866	0.0001634394284337759
104	0.9936105608940125	0.0061873565427958965	0.00020201568258926272	0.9919795989990234	0.00777815468609333	0.00024225504603236914
105	0.9951081871986389	0.004624256864190102	0.0002674882998690009	0.9953538179397583	0.0043929400853812695	0.00025319578708149493
106	0.9968738555908203	0.0029376705642789602	0.00018848333274945617	0.9930717349052429	0.0067582763731479645	0.00016997595957946032
107	0.9967613816261292	0.003026972757652402	0.00021167585509829223	0.9925644993782043	0.007224334869533777	0.00021125026978552341
108	0.08159943670034409	0.9156721234321594	0.002728404477238655	0.9960811734199524	0.003599329385906458	0.0003194732707925141
109	0.00549154682084918	0.011823702603578568	0.9826847910881042	0.1129303127527237	0.016248352825641632	0.8708213567733765
110	0.9968057870864868	0.0030562293250113726	0.00013794803817290813	0.9971241354942322	0.0027292189188301563	0.00014658521104138345
111	0.996462881565094	0.0033383690752089024	0.0001988212752621621	0.9591456055641174	0.04032690450549126	0.0005274636205285788
112	0.9947423934936523	0.0050259181298315525	0.0002316836325917393	0.9901877045631409	0.009544603526592255	0.0002676828298717737
113	0.9948122501373291	0.005013926420360804	0.00017380318604409695	0.9944648146629333	0.005353409331291914	0.0001817845768528059
114	0.9895526766777039	0.010183043777942657	0.0002643186890054494	0.9602682590484619	0.03938336670398712	0.0003483146720100194
115	0.9814623594284058	0.017783990129828453	0.0007536066696047783	0.9943690896034241	0.005252409726381302	0.00037847383646294475
116	0.9960684776306152	0.0035573167260736227	0.00037422930472530425	0.9945127964019775	0.005106070078909397	0.00038118622615002096
117	0.9973496198654175	0.0024896031245589256	0.00016080608475022018	0.997512698173523	0.0023331460542976856	0.0001541982201160863
118	0.997550904750824	0.0022548423148691654	0.00019429049280006438	0.9971393346786499	0.0026827312540262938	0.000177898516994901
119	0.9973391890525818	0.0024313691537827253	0.00022939947666600347	0.9945719838142395	0.005211961921304464	0.00021604403445962816
120	0.9952839016914368	0.004508312325924635	0.00020782345382031053	0.9734777808189392	0.02626710943877697	0.00025504641234874725
121	0.9970585107803345	0.0028090744744986296	0.00013244284491520375	0.9966235160827637	0.0032210478093475103	0.00015540048480033875
122	0.9964665174484253	0.0032727092038840055	0.000260704371612519	0.9927865862846375	0.006690626032650471	0.0005227355286478996
123	0.9016934037208557	0.0975055992603302	0.00080100231571123	0.0041284942999482155	0.9942966103553772	0.0015749154845252633
124	0.9816486835479736	0.017773699015378952	0.0005776105681434274	0.9847384691238403	0.01476671639829874	0.0004947985871694982
125	0.9903637766838074	0.009426429867744446	0.000209834412089549	0.935421347618103	0.06424935162067413	0.0003292695328127593
126	0.9248859286308289	0.04231782630085945	0.0327962264418602	0.7388112545013428	0.1516248732805252	0.10956387221813202
127	0.9968751668930054	0.0029575442895293236	0.00016725303430575877	0.9957833290100098	0.00404511159285903	0.00017158105038106441
128	0.994746744632721	0.004954266827553511	0.00029890777659602463	0.9875128865242004	0.011956822127103806	0.0005303374491631985
129	0.9975818395614624	0.002249997342005372	0.00016810200759209692	0.9961941242218018	0.003664469812065363	0.00014141688006930053
130	0.9975993037223816	0.0022522499784827232	0.00014848839782644063	0.9935503005981445	0.006259314715862274	0.00019035482546314597
