0	0.8871374130249023	0.10253781080245972	0.010324730537831783	0.7733027935028076	0.2220999151468277	0.004597288090735674
1	0.9354268908500671	0.063595250248909	0.0009778785752132535	0.9066577553749084	0.09184334427118301	0.0014989078044891357
2	0.9935625791549683	0.005889217834919691	0.0005481949192471802	0.9965494871139526	0.003173741279169917	0.00027674564626067877
3	0.8873116374015808	0.10422112047672272	0.008467262610793114	0.9073904752731323	0.08465778082609177	0.007951736450195312
4	0.9950520396232605	0.004641956649720669	0.00030604717903770506	0.995267927646637	0.004444256890565157	0.00028780632419511676
5	0.798174262046814	0.1875682920217514	0.014257430098950863	0.9664821624755859	0.031175723299384117	0.002342084189876914
6	0.9177991151809692	0.08105720579624176	0.0011436673812568188	0.98512864112854	0.014418442733585835	0.0004529141297098249
7	0.7906888723373413	0.19779659807682037	0.011514547280967236	0.7991093993186951	0.19810573756694794	0.0027848107274621725
8	0.7618406414985657	0.23583707213401794	0.0023222940508276224	0.9671587347984314	0.03249329328536987	0.00034796781255863607
9	0.9807908535003662	0.017667187377810478	0.0015420140698552132	0.9784137010574341	0.02097700722515583	0.0006092859548516572
10	0.996081531047821	0.0037037937436252832	0.00021465084864757955	0.9957038760185242	0.004100881051272154	0.00019528911798261106
11	0.19074182212352753	0.789634644985199	0.01962343044579029	0.0737542137503624	0.9248566627502441	0.0013891495764255524
12	0.9878420829772949	0.007961482740938663	0.0041963509283959866	0.9911559820175171	0.0077980379574000835	0.0010460010962560773
13	0.3534565269947052	0.41543862223625183	0.2311048060655594	0.5730236768722534	0.0999554693698883	0.3270208239555359
14	0.8290079832077026	0.16296102106571198	0.008031032979488373	0.969636082649231	0.029186302796006203	0.0011776387691497803
15	0.996509850025177	0.003320712596178055	0.0001693967788014561	0.996234118938446	0.003613887121900916	0.0001520081132184714
16	0.9949348568916321	0.004834129009395838	0.0002310243435204029	0.9834256768226624	0.0163345318287611	0.0002398506476311013
17	0.994892954826355	0.00477764243260026	0.0003294272464700043	0.9950432777404785	0.00469231279566884	0.0002643585030455142
18	0.41570931673049927	0.022093430161476135	0.5621972680091858	0.7595837116241455	0.0733005478978157	0.1671157032251358
19	0.6097701191902161	0.3197617530822754	0.07046817243099213	0.9927731156349182	0.006547195836901665	0.0006797639071010053
20	0.9955078363418579	0.003968372009694576	0.0005237828590907156	0.9944321513175964	0.005184809677302837	0.00038309258525259793
21	0.934883713722229	0.05942818149924278	0.005688045173883438	0.7755241990089417	0.2170715481042862	0.007404236122965813
22	0.750954806804657	0.07190185785293579	0.17714332044124603	0.8322566151618958	0.08315328508615494	0.08459014445543289
23	0.8673903346061707	0.13082082569599152	0.0017889200244098902	0.994171679019928	0.005431638564914465	0.00039666015072725713
24	0.8923613429069519	0.021747959777712822	0.08589071035385132	0.16620515286922455	0.4009231626987457	0.43287166953086853
25	0.982077419757843	0.017481444403529167	0.00044115009950473905	0.9894463419914246	0.010274979285895824	0.00027872665668837726
26	0.2718605697154999	0.7017539739608765	0.026385383680462837	0.9922463297843933	0.007536886725574732	0.00021677651966456324
27	0.9943022727966309	0.005232950206845999	0.0004647544992621988	0.9955934882164001	0.004167189821600914	0.00023930624593049288
28	0.9794403910636902	0.01975567825138569	0.0008039613021537662	0.9967631101608276	0.002984140068292618	0.00025267491582781076
29	0.9935685396194458	0.006145448423922062	0.0002860163222067058	0.9935685396194458	0.006145448423922062	0.0002860163222067058
30	0.13075101375579834	0.017595333978533745	0.8516536355018616	0.005450258031487465	0.016527624800801277	0.9780222177505493
31	0.8279627561569214	0.1683921366930008	0.003645098302513361	0.9697206020355225	0.029984742403030396	0.00029464406543411314
32	0.9945635199546814	0.005120142828673124	0.0003163092187605798	0.9960328936576843	0.0036659669131040573	0.00030115729896351695
33	0.8060911297798157	0.16343167424201965	0.03047722578048706	0.8271734118461609	0.016181470826268196	0.15664507448673248
34	0.900515615940094	0.03107052855193615	0.06841385364532471	0.8444679975509644	0.04647429659962654	0.10905768722295761
35	0.004157268442213535	0.9897350072860718	0.006107776425778866	0.9051614999771118	0.08957298845052719	0.005265479441732168
36	0.9859611988067627	0.013736472465097904	0.00030238847830332816	0.982761561870575	0.01700255274772644	0.00023587545729242265
37	0.991010308265686	0.008670076727867126	0.0003195821482222527	0.985708475112915	0.013940277509391308	0.0003511798568069935
38	0.9762054085731506	0.021027464419603348	0.002767197322100401	0.9794926047325134	0.020066190510988235	0.00044119072845205665
39	0.9718786478042603	0.02156219817698002	0.006559161003679037	0.9842627048492432	0.013237970881164074	0.0024994087871164083
40	0.1462990790605545	0.7812958359718323	0.07240508496761322	0.9717763066291809	0.02490115910768509	0.003322587115690112
41	0.9580433964729309	0.03518794849514961	0.006768640596419573	0.8885531425476074	0.10662998259067535	0.004816901870071888
42	0.9683167934417725	0.03051862306892872	0.0011646143393591046	0.8857463598251343	0.11304444819688797	0.00120920327026397
43	0.9915180802345276	0.007927111349999905	0.0005547360051423311	0.99199378490448	0.007361280731856823	0.0006449737120419741
44	0.9822770953178406	0.01656140573322773	0.001161546795628965	0.9964878559112549	0.002948323031887412	0.0005638712900690734
45	0.9941897392272949	0.005539288278669119	0.00027102409512735903	0.995954155921936	0.003670215606689453	0.00037561202771030366
46	0.9974592328071594	0.0022809389047324657	0.0002598101273179054	0.9972506165504456	0.0025107399560511112	0.0002386318810749799
47	0.018994158133864403	0.1697331964969635	0.8112726807594299	0.6675474047660828	0.1002902090549469	0.23216241598129272
48	0.9967485666275024	0.002964569488540292	0.0002868743031285703	0.9965202808380127	0.0032214466482400894	0.00025831995299085975
49	0.9765592813491821	0.02078864723443985	0.0026520516257733107	0.9910724759101868	0.00820730347186327	0.0007202507695183158
50	0.947365403175354	0.05199006572365761	0.000644572835881263	0.9767444729804993	0.02290707640349865	0.0003484812332317233
51	0.9738760590553284	0.025613119825720787	0.0005108349141664803	0.996354341506958	0.0034654014743864536	0.00018029671628028154
52	0.9922767281532288	0.007448884658515453	0.00027438424876891077	0.9932075142860413	0.006526998244225979	0.0002654933196026832
53	0.8811925053596497	0.11646842956542969	0.0023390629794448614	0.9757994413375854	0.02369571663439274	0.0005048740422353148
54	0.9808449745178223	0.018154481425881386	0.0010005604708567262	0.9969620108604431	0.0028381752781569958	0.00019975828763563186
55	0.9857823848724365	0.01268887147307396	0.0015287611167877913	0.9954649806022644	0.003952928818762302	0.000582071952521801
56	0.957345187664032	0.030585285276174545	0.012069571763277054	0.9918702840805054	0.007338954601436853	0.0007907143444754183
57	0.9814110398292542	0.01789156347513199	0.000697401468642056	0.9476976990699768	0.0510682687163353	0.0012340248795226216
58	0.08845534175634384	0.8866243362426758	0.024920405820012093	0.3345853388309479	0.6000779867172241	0.06533674895763397
59	0.9673933386802673	0.031233178451657295	0.0013735465472564101	0.19667522609233856	0.799767017364502	0.003557829884812236
60	0.8176276087760925	0.15537066757678986	0.027001777663826942	0.967954695224762	0.029995469376444817	0.002049884060397744
61	0.9966965913772583	0.003133292542770505	0.00017018218932207674	0.9972230195999146	0.002609768183901906	0.00016726033936720341
62	0.9962755441665649	0.003570767818018794	0.0001536749623483047	0.9966017007827759	0.0032429660204797983	0.0001552818139316514
63	0.9833396673202515	0.005594159942120314	0.01106620579957962	0.9898455142974854	0.006467814091593027	0.0036867433227598667
64	0.00039655074942857027	0.0005290775443427265	0.9990743398666382	0.2918662428855896	0.013143297284841537	0.6949903964996338
65	0.9716980457305908	0.02801615744829178	0.0002858093357644975	0.9946932196617126	0.005171011667698622	0.00013575475895777345
66	0.9954543113708496	0.0037557429168373346	0.0007898853509686887	0.949665904045105	0.04777964577078819	0.0025544411037117243
67	0.7088051438331604	0.2518589496612549	0.03933587297797203	0.38140738010406494	0.6084045767784119	0.01018800400197506
68	0.11854320019483566	0.07822426408529282	0.8032325506210327	0.38828983902931213	0.2809125483036041	0.33079764246940613
69	0.8649947047233582	0.052910491824150085	0.08209484815597534	0.5031853318214417	0.11436761915683746	0.38244709372520447
70	0.9957574009895325	0.0038713179528713226	0.0003712523903232068	0.9967118501663208	0.002931642346084118	0.0003565005899872631
71	0.9681858420372009	0.029199397191405296	0.002614808501675725	0.9609235525131226	0.037248872220516205	0.0018275914480909705
72	0.9862456321716309	0.012195046059787273	0.0015592940617352724	0.9947305917739868	0.005088946782052517	0.00018044462194666266
73	0.8489485383033752	0.1504213958978653	0.0006301564280875027	0.9967002272605896	0.003129490651190281	0.00017023297550622374
74	0.9706056714057922	0.02644837647676468	0.0029459551442414522	0.9955537915229797	0.004151294939219952	0.00029488702421076596
75	0.5362470746040344	0.0479770265519619	0.41577592492103577	0.9176689386367798	0.03302270174026489	0.0493084192276001
76	0.9951512813568115	0.004508766811341047	0.00033996033016592264	0.9957308173179626	0.0040011112578213215	0.00026802808861248195
77	0.9954896569252014	0.004172202665358782	0.00033816733048297465	0.9956617951393127	0.004050425253808498	0.0002878266095649451
78	0.0026231969241052866	0.0014997742837294936	0.9958770275115967	0.0008161330479197204	0.0012015688698738813	0.9979822635650635
79	0.9575929641723633	0.041698671877384186	0.000708339735865593	0.9925968647003174	0.007135987281799316	0.0002671327965799719
80	0.8823293447494507	0.11555003374814987	0.0021205570083111525	0.9934948086738586	0.006293321028351784	0.00021195017325226218
81	0.9554422497749329	0.041265398263931274	0.0032923861872404814	0.9582396149635315	0.04029068723320961	0.0014697076985612512
82	0.9937896132469177	0.005965217482298613	0.00024521624436601996	0.9964478015899658	0.0033789598383009434	0.00017322164785582572
83	0.6394163370132446	0.35908666253089905	0.001497024204581976	0.9938691854476929	0.005962779745459557	0.00016797817079350352
84	0.9457050561904907	0.029163537546992302	0.0251314677298069	0.561983585357666	0.23284539580345154	0.20517094433307648
85	0.3556590974330902	0.6213635206222534	0.022977348417043686	0.9952712655067444	0.004388428293168545	0.00034028547815978527
86	0.9877174496650696	0.01155325397849083	0.00072928995359689	0.9888610243797302	0.009831170551478863	0.0013078502379357815
87	0.040040522813797	0.9576466083526611	0.0023128525353968143	0.9826334118843079	0.016710342839360237	0.0006561806076206267
88	0.9929719567298889	0.006421446800231934	0.0006065682391636074	0.9944260120391846	0.005228360649198294	0.00034559116465970874
89	0.8725488781929016	0.0994211956858635	0.028029881417751312	0.972443163394928	0.024194102734327316	0.0033627189695835114
90	0.7776340842247009	0.20210464298725128	0.020261250436306	0.9384750723838806	0.05840156599879265	0.0031233476474881172
91	0.6936345100402832	0.1446765661239624	0.16168884932994843	0.7884851098060608	0.15748655796051025	0.054028283804655075
92	0.18490399420261383	0.228624165058136	0.5864718556404114	0.9924278855323792	0.006550380028784275	0.0010216956725344062
93	0.9507697224617004	0.04827239364385605	0.0009578397148288786	0.9946685433387756	0.0049889166839420795	0.0003424764727242291
94	0.883384644985199	0.11461582779884338	0.001999592175707221	0.3128475844860077	0.6858365535736084	0.0013158945366740227
95	0.9398200511932373	0.05033306032419205	0.009846904315054417	0.8589014410972595	0.13667410612106323	0.004424425773322582
96	0.992290198802948	0.007479088846594095	0.0002306712412973866	0.9921581745147705	0.007689617108553648	0.00015225201786961406
97	0.9959112405776978	0.0038380895275622606	0.00025074862060137093	0.9964609742164612	0.0033104412723332644	0.00022863705817144364
98	0.7689880728721619	0.2242175191640854	0.0067944033071398735	0.9941820502281189	0.005654430948197842	0.00016349105862900615
99	0.02726246416568756	0.4594067633152008	0.5133307576179504	0.1792653203010559	0.01595756597816944	0.8047771453857422
100	0.9301530718803406	0.06166825070977211	0.00817862804979086	0.0015836438396945596	0.9459969401359558	0.05241939425468445
101	0.9967169165611267	0.003020291915163398	0.0002627724898047745	0.9953755140304565	0.0043878816068172455	0.00023659144062548876
102	0.9935014843940735	0.006231481675058603	0.0002669960667844862	0.9972639083862305	0.002501923590898514	0.00023420676006935537
103	0.9954333901405334	0.004303026478737593	0.0002635567507240921	0.9942519664764404	0.005203005857765675	0.0005450438475236297
104	0.9118524193763733	0.08688425272703171	0.0012633005389943719	0.993061363697052	0.00653774244710803	0.00040092741255648434
105	0.010087938979268074	0.20123866200447083	0.7886733412742615	0.027828559279441833	0.07876019924879074	0.8934112191200256
106	0.997234046459198	0.002562872599810362	0.00020314837456680834	0.9973101615905762	0.002491613617166877	0.00019818336295429617
107	0.07084356993436813	0.019340358674526215	0.9098160862922668	0.10272908955812454	0.11142311245203018	0.7858477234840393
108	0.7362074851989746	0.25645509362220764	0.007337398361414671	0.9923606514930725	0.007184568326920271	0.0004547946446109563
109	0.9952775239944458	0.004554049111902714	0.00016847162623889744	0.9948535561561584	0.0049922410398721695	0.00015427102334797382
110	0.6638522148132324	0.3040633797645569	0.03208437189459801	0.12893734872341156	0.8635857105255127	0.007476950995624065
111	0.9522031545639038	0.045344192534685135	0.0024526638444513083	0.9906242489814758	0.009034732356667519	0.00034098641481250525
112	0.9735123515129089	0.02622520923614502	0.0002623839827720076	0.9957577586174011	0.004047807306051254	0.0001943645183928311
113	0.9924159049987793	0.007163184694945812	0.0004208367026876658	0.9884148836135864	0.011335966177284718	0.00024917969130910933
114	0.7301816344261169	0.11419464647769928	0.155623659491539	0.23316924273967743	0.48065948486328125	0.2861711382865906
115	0.9956880211830139	0.00410701148211956	0.00020496149954851717	0.995908260345459	0.003951340913772583	0.00014042372640687972
116	0.9389644861221313	0.05618446692824364	0.004851066041737795	0.9915133118629456	0.008044261485338211	0.00044240907300263643
117	0.7863653898239136	0.09598565101623535	0.1176488995552063	0.9394323825836182	0.053792696446180344	0.006774890702217817
118	0.9348796606063843	0.06259709596633911	0.002523184521123767	0.5341017246246338	0.46370139718055725	0.0021968521177768707
119	0.7937153577804565	0.20400097966194153	0.002283691428601742	0.9977483153343201	0.0019277576357126236	0.00032396914320997894
120	0.6582255363464355	0.32610344886779785	0.015671029686927795	0.9929454922676086	0.006617742590606213	0.00043671601451933384
121	0.9920417666435242	0.007748718839138746	0.00020948912424501032	0.995311439037323	0.0045048245228827	0.00018374861974734813
122	0.9794338345527649	0.020085787400603294	0.00048036788939498365	0.980880081653595	0.018654024228453636	0.00046590552665293217
123	0.7571569681167603	0.23896029591560364	0.0038827145472168922	0.9601612091064453	0.0367218554019928	0.003116867272183299
124	0.18626919388771057	0.723457396030426	0.0902734100818634	0.584373950958252	0.31909647583961487	0.09652959555387497
125	0.19134901463985443	0.8055499196052551	0.0031010545790195465	0.9888423681259155	0.010784865356981754	0.0003728034789673984
126	0.8151482939720154	0.1777830272912979	0.007068720180541277	0.9953085780143738	0.004458908922970295	0.00023255907581187785
127	0.9881961941719055	0.011258356273174286	0.0005453713238239288	0.9937599301338196	0.0059462618082761765	0.0002937678946182132
128	0.9842639565467834	0.014811103232204914	0.0009250065195374191	0.9465625882148743	0.050033893436193466	0.003403513226658106
129	0.962983250617981	0.022686948999762535	0.014329795725643635	0.9931482672691345	0.006345046684145927	0.0005067171878181398
130	0.9972165822982788	0.002530280500650406	0.0002530619385652244	0.9973769187927246	0.0023691831156611443	0.0002538900007493794
131	0.5466362833976746	0.44287070631980896	0.010493083856999874	0.8091360330581665	0.16373227536678314	0.02713170275092125
132	0.9675277471542358	0.031448882073163986	0.0010233279317617416	0.9959836006164551	0.003811103058978915	0.00020528744789771736
133	0.9945963025093079	0.005035119596868753	0.00036861441913060844	0.9946039319038391	0.00507695134729147	0.000319102022331208
134	0.9868415594100952	0.012292749248445034	0.0008657615398988128	0.9898393154144287	0.009783566929399967	0.00037717391387559474
135	0.9936635494232178	0.0062166363932192326	0.00011978738621110097	0.9958363771438599	0.004037004429847002	0.00012659533240366727
136	0.9929176568984985	0.00674893893301487	0.0003334481152705848	0.9948818683624268	0.004933344665914774	0.0001848062820499763
137	0.9831551313400269	0.016549846157431602	0.00029504793928936124	0.9949488639831543	0.004859288688749075	0.0001918794441735372
138	0.9950838685035706	0.0032726109493523836	0.0016435465076938272	0.9958474040031433	0.0034614047035574913	0.0006911656819283962
139	0.996483564376831	0.0033267091494053602	0.00018970768724102527	0.9967093467712402	0.003115867730230093	0.00017479383677709848
140	0.990440845489502	0.009220616891980171	0.0003385038289707154	0.9903871417045593	0.009330891072750092	0.0002819063956849277
141	0.9007352590560913	0.09596344828605652	0.0033012644853442907	0.9938969016075134	0.005510559771209955	0.0005925596342422068
142	0.13440971076488495	0.28825172781944275	0.5773386359214783	0.7053250074386597	0.10609407722949982	0.18858087062835693
143	0.9956575632095337	0.0037875378038734198	0.000554908299818635	0.993611752986908	0.006143038161098957	0.00024526030756533146
144	0.9355728626251221	0.06374361366033554	0.0006835464737378061	0.9962983727455139	0.003521575825288892	0.0001801042672013864
145	0.3630213737487793	0.6310750246047974	0.005903576500713825	0.9963213205337524	0.003451059339568019	0.00022768424241803586
146	0.9970611929893494	0.00272583169862628	0.0002128987543983385	0.9955482482910156	0.004261052701622248	0.00019065322703681886
147	0.9959491491317749	0.0038361516781151295	0.00021461946016643196	0.9956979751586914	0.004087269306182861	0.00021480016584973782
148	0.9967383742332458	0.002790522063151002	0.00047106228885240853	0.9968818426132202	0.0026196930557489395	0.0004984836559742689
149	0.7597878575325012	0.23356984555721283	0.006642330903559923	0.9940939545631409	0.005507974419742823	0.00039809721056371927
150	0.9939185380935669	0.005355530418455601	0.0007259048870764673	0.995970606803894	0.0035138276871293783	0.0005156192346476018
151	0.46240779757499695	0.5189134478569031	0.01867878995835781	0.9679916501045227	0.02936498634517193	0.002643297193571925
152	0.996044397354126	0.0037101551424711943	0.0002455067296978086	0.9949330687522888	0.0048126112669706345	0.00025436613941565156
153	0.9556444883346558	0.03906172141432762	0.0052937730215489864	0.9900436401367188	0.009216866455972195	0.0007395115680992603
154	0.8642963767051697	0.08572355657815933	0.049980100244283676	0.9674015641212463	0.02575533092021942	0.006843104958534241
155	0.0004556021885946393	0.002084515755996108	0.9974598288536072	0.005289325024932623	0.005642269272357225	0.9890684485435486
156	0.9850897789001465	0.014491596259176731	0.0004185910220257938	0.9967387318611145	0.003059107344597578	0.00020214113465044647
157	0.994562566280365	0.005180250387638807	0.00025725518935360014	0.9880073070526123	0.011388612911105156	0.0006040422595106065
158	0.0546392947435379	0.8357934951782227	0.10956718027591705	0.9682186841964722	0.028692014515399933	0.0030892447102814913
159	0.4287663400173187	0.5325679183006287	0.03866574168205261	0.18364880979061127	0.6680293083190918	0.14832192659378052
160	0.986049234867096	0.010262230411171913	0.003688543103635311	0.9930076599121094	0.00547450827434659	0.0015178387984633446
161	0.9910504817962646	0.008566893637180328	0.00038266394403763115	0.8675196766853333	0.13173708319664001	0.000743321084883064
162	0.011641283519566059	0.004697124939411879	0.9836615920066833	0.02276090532541275	0.03222787007689476	0.9450112581253052
163	0.9945000410079956	0.005245356820523739	0.0002546045870985836	0.9946611523628235	0.005082761403173208	0.00025608245050534606
164	0.9757412075996399	0.02380010485649109	0.00045875145588070154	0.9952878952026367	0.004515552427619696	0.00019655251526273787
165	0.030454441905021667	0.02042902261018753	0.9491164088249207	0.9619156718254089	0.030107935890555382	0.007976336404681206
166	0.9943253397941589	0.0054843612015247345	0.00019033733406104147	0.9954715967178345	0.004367365501821041	0.00016102932568173856
167	0.9659684300422668	0.031542934477329254	0.0024886387400329113	0.991176962852478	0.008373354561626911	0.0004496459732763469
168	0.9952749013900757	0.003954579122364521	0.0007705427706241608	0.9916622638702393	0.007036492694169283	0.001301203272305429
169	0.3397558331489563	0.23105886578559875	0.42918530106544495	0.3199969232082367	0.6533812284469604	0.02662183716893196
170	0.9961864352226257	0.00342070241458714	0.000392894318792969	0.9943390488624573	0.005276456940919161	0.000384466111427173
171	0.9413387179374695	0.040472500026226044	0.01818876713514328	0.9282673597335815	0.05065462738275528	0.021078070625662804
172	0.47258639335632324	0.2456093728542328	0.2818042039871216	0.7417207956314087	0.20119710266590118	0.057082079350948334
173	0.9851603507995605	0.013837926089763641	0.001001738361082971	0.9876766204833984	0.01181255653500557	0.0005108913755975664
174	0.0012906306656077504	0.005242625251412392	0.9934666752815247	0.03154139593243599	0.015046723186969757	0.953411877155304
175	0.9937052130699158	0.006020181346684694	0.000274560006801039	0.9971246123313904	0.002720858436077833	0.0001545418199384585
176	0.9949374198913574	0.0037012158427387476	0.0013613916235044599	0.9953931570053101	0.0033039776608347893	0.001302930642850697
177	0.9754476547241211	0.022412274032831192	0.0021400507539510727	0.9826767444610596	0.01695694401860237	0.00036636271397583187
178	0.8071719408035278	0.10594432801008224	0.08688370138406754	0.3681308627128601	0.0555434487760067	0.5763256549835205
179	0.05869205296039581	0.012578340247273445	0.9287295937538147	0.004285904113203287	0.0423194020986557	0.9533946514129639
180	0.9930435419082642	0.006529699545353651	0.00042676451266743243	0.9660384058952332	0.03336450085043907	0.0005971285863779485
181	0.9953370094299316	0.004470215179026127	0.00019280301057733595	0.996157705783844	0.003675889689475298	0.00016637313819956034
182	0.9917382597923279	0.00807417742908001	0.00018761283718049526	0.9970648884773254	0.0027829939499497414	0.0001520870137028396
183	0.8999379873275757	0.08648102730512619	0.01358096208423376	0.8200317025184631	0.10468394309282303	0.07528428733348846
184	0.9940853118896484	0.005595522467046976	0.000319121201755479	0.9946427345275879	0.005073032807558775	0.00028426997596397996
185	0.9865553379058838	0.01306990161538124	0.0003747715672943741	0.9950183629989624	0.0046408697962760925	0.00034078839235007763
186	0.9950024485588074	0.004595229402184486	0.00040233696927316487	0.9961102604866028	0.0034235413186252117	0.0004662545397877693
187	0.8040369749069214	0.1948675960302353	0.0010954455938190222	0.9969167709350586	0.0029168787878006697	0.00016636245709378272
188	0.9974232912063599	0.0023933760821819305	0.00018336603534407914	0.9975398778915405	0.002259292406961322	0.00020080241665709764
189	0.9932968020439148	0.0064763268455863	0.00022690236801281571	0.9929226636886597	0.0068615819327533245	0.0002156980917789042
190	0.9838723540306091	0.010269039310514927	0.005858609918504953	0.9619728326797485	0.03224289417266846	0.005784281529486179
191	0.9869504570960999	0.009554491378366947	0.0034950540866702795	0.9964926838874817	0.0029851871076971292	0.0005221382016316056
192	0.9925254583358765	0.007168468553572893	0.00030602706829085946	0.997369647026062	0.0023637067060917616	0.00026668168720789254
193	0.439740389585495	0.5501118302345276	0.010147728025913239	0.9431086182594299	0.055978916585445404	0.0009125029901042581
194	0.9931021928787231	0.006274551618844271	0.0006233121966943145	0.9548225402832031	0.04428419843316078	0.0008931792690418661
195	0.9710103869438171	0.028472481295466423	0.0005171320517547429	0.9958376884460449	0.003874878864735365	0.00028743056464008987
196	0.336967796087265	0.04979466274380684	0.6132375001907349	0.15451639890670776	0.6680030822753906	0.177480548620224
197	0.996526300907135	0.0030350740998983383	0.0004385909123811871	0.991309642791748	0.008420877158641815	0.0002695097937248647
198	0.9872685670852661	0.012226085178554058	0.0005053539061918855	0.9891722202301025	0.010366079397499561	0.0004616157675627619
199	0.0005067047313787043	0.0018417378887534142	0.9976515173912048	0.0029237137641757727	0.0035892517771571875	0.9934870004653931
