0	0.13987085223197937	0.8427731990814209	0.017355963587760925	0.9770524501800537	0.018677223473787308	0.004270277917385101
1	0.059429559856653214	0.9315539598464966	0.009016457945108414	0.9849005937576294	0.01179289910942316	0.0033064873423427343
2	0.09409351646900177	0.8991574645042419	0.006748972460627556	0.9849284291267395	0.01199248805642128	0.003079081419855356
3	0.013412417843937874	0.9708356261253357	0.015751997008919716	0.9707090854644775	0.025550786405801773	0.0037400545552372932
4	0.06483649462461472	0.9323081970214844	0.0028552880976349115	0.9848094582557678	0.012505440972745419	0.0026851329021155834
5	0.04418014734983444	0.9504218697547913	0.005397958680987358	0.9787880182266235	0.01676100119948387	0.004450918175280094
6	0.026276011019945145	0.9719163179397583	0.0018077088752761483	0.9823789000511169	0.014029991813004017	0.003591103944927454
7	0.06373140215873718	0.9174803495407104	0.018788309767842293	0.9778310060501099	0.018520483747124672	0.0036485111340880394
8	0.15106676518917084	0.8437862992286682	0.005146905779838562	0.9807073473930359	0.015232945792376995	0.004059667233377695
9	0.2669401168823242	0.7249675393104553	0.008092395029962063	0.9874279499053955	0.009663771837949753	0.0029082726687192917
10	0.08687517046928406	0.8916321396827698	0.021492676809430122	0.9635438323020935	0.030647432431578636	0.0058087375946342945
11	0.11192064732313156	0.8835024833679199	0.004576821345835924	0.9794312119483948	0.01421789638698101	0.006350843235850334
12	0.17037181556224823	0.8251655101776123	0.004462672397494316	0.98579341173172	0.011457661166787148	0.00274889194406569
13	0.3689815402030945	0.6180536150932312	0.012964853085577488	0.9872592091560364	0.010030855424702168	0.002709908178076148
14	0.026452448219060898	0.9652947187423706	0.008252871222794056	0.991724967956543	0.006784297060221434	0.0014906839933246374
15	0.2916194200515747	0.7022645473480225	0.006116054952144623	0.9845454692840576	0.012984812259674072	0.002469712868332863
16	0.12784884870052338	0.8654260635375977	0.006725061684846878	0.9853412508964539	0.012549735605716705	0.0021089764777570963
17	0.051480624824762344	0.943598210811615	0.004921123385429382	0.9851507544517517	0.01163693517446518	0.0032123178243637085
18	0.015746384859085083	0.981534481048584	0.0027191371191293	0.9806550741195679	0.015288805589079857	0.00405613100156188
19	0.027116665616631508	0.968323290348053	0.004560054279863834	0.9826520681381226	0.014281027019023895	0.003066824749112129
20	0.043037764728069305	0.953173041343689	0.003789231413975358	0.9868980646133423	0.010265850462019444	0.0028361035510897636
21	0.03590509295463562	0.9548180103302002	0.009276972152292728	0.9865651726722717	0.010355263017117977	0.0030795985367149115
22	0.05617667734622955	0.9397538304328918	0.004069496877491474	0.9830231070518494	0.012344001792371273	0.004632968921214342
23	0.015103127807378769	0.9809664487838745	0.0039304811507463455	0.9796253442764282	0.018304158002138138	0.0020705119241029024
24	0.11880724877119064	0.8740842938423157	0.007108498364686966	0.9877234697341919	0.009869268164038658	0.002407343126833439
25	0.09341856092214584	0.8998329639434814	0.00674844766035676	0.9828557372093201	0.014103914611041546	0.003040357492864132
26	0.2223995476961136	0.5031547546386719	0.27444568276405334	0.9884076714515686	0.009146377444267273	0.002445945981889963
27	0.14859046041965485	0.8352344036102295	0.016175150871276855	0.9848771095275879	0.012954622507095337	0.0021682519000023603
28	0.11920829117298126	0.8733991980552673	0.007392485160380602	0.9814203381538391	0.013983311131596565	0.00459640845656395
29	0.053903527557849884	0.9359443187713623	0.01015215553343296	0.9669181704521179	0.01853189431130886	0.014549849554896355
30	0.012959713116288185	0.9793819189071655	0.0076583088375627995	0.9618709087371826	0.024751534685492516	0.013377491384744644
31	0.02275495044887066	0.9725623726844788	0.004682797472923994	0.9703981876373291	0.023404110223054886	0.006197657901793718
32	0.0024411058984696865	0.9952453970909119	0.0023135743103921413	0.9847656488418579	0.01128599513322115	0.003948349971324205
33	0.049891214817762375	0.9455512166023254	0.004557567182928324	0.9878656268119812	0.009927076287567616	0.0022073497530072927
34	0.06803984194993973	0.9244919419288635	0.007468243595212698	0.9831541180610657	0.013733655214309692	0.0031122625805437565
35	0.035243116319179535	0.9606049656867981	0.0041519030928611755	0.9849978089332581	0.012718476355075836	0.002283672569319606
36	0.32059988379478455	0.6289858222007751	0.05041426047682762	0.9809292554855347	0.015534132719039917	0.0035365824587643147
37	0.026747431606054306	0.9709948301315308	0.0022577757481485605	0.9859159588813782	0.012042386457324028	0.0020415999460965395
38	0.03275340795516968	0.9636618494987488	0.0035847837571054697	0.9789538979530334	0.01308667566627264	0.007959483191370964
39	0.1928323656320572	0.8009257316589355	0.006241840776056051	0.9914958477020264	0.006817349698394537	0.001686731819063425
40	0.05699644237756729	0.9398967027664185	0.0031068811658769846	0.988160252571106	0.010014692321419716	0.001825079438276589
41	0.053260188549757004	0.9437981247901917	0.002941676415503025	0.9889794588088989	0.00962903257459402	0.0013915171148255467
42	0.043756913393735886	0.9507355690002441	0.005507500842213631	0.9706624150276184	0.01488610077649355	0.014451486989855766
43	0.03316309303045273	0.9639997482299805	0.002837258391082287	0.9831767082214355	0.015123232267796993	0.0017000425141304731
44	0.030562294647097588	0.9622136950492859	0.007224021479487419	0.9780087471008301	0.019564805552363396	0.0024264040403068066
45	0.017953624948859215	0.9793148040771484	0.00273158960044384	0.9848981499671936	0.01288610603660345	0.0022157670464366674
46	0.07809977978467941	0.9163766503334045	0.00552354147657752	0.9832708239555359	0.013771348632872105	0.002957854885607958
47	0.16326652467250824	0.8066288232803345	0.030104687437415123	0.9742598533630371	0.01934046670794487	0.006399706471711397
48	0.035956136882305145	0.9478268623352051	0.016216928139328957	0.9750434756278992	0.015737228095531464	0.009219370782375336
49	0.08421988040208817	0.9108768105506897	0.004903290420770645	0.9835634231567383	0.012410009279847145	0.004026578273624182
50	0.07665625214576721	0.9168305397033691	0.0065131764858961105	0.9878925085067749	0.0084146773442626	0.00369276967830956
51	0.1542026251554489	0.8369036912918091	0.008893732912838459	0.9842380881309509	0.011864520609378815	0.0038973595947027206
52	0.41507214307785034	0.5738887786865234	0.0110390679910779	0.9815778136253357	0.015813054516911507	0.0026092075277119875
53	0.09918627887964249	0.8952810764312744	0.0055326432920992374	0.9829468727111816	0.01263764314353466	0.004415543749928474
54	0.018008096143603325	0.9771153926849365	0.00487647857517004	0.9781030416488647	0.017820922657847404	0.004076045472174883
55	0.10040562599897385	0.8921980857849121	0.007396264001727104	0.9866424798965454	0.011023204773664474	0.0023343537468463182
56	0.3864179253578186	0.5748450756072998	0.03873704373836517	0.9850756525993347	0.011765656061470509	0.0031586363911628723
57	0.276298463344574	0.713652491569519	0.010049151256680489	0.986318826675415	0.011146970093250275	0.0025341680739074945
58	0.046958498656749725	0.9496461153030396	0.0033953737001866102	0.9879482388496399	0.009712082333862782	0.0023396576289087534
59	0.28894177079200745	0.6998797655105591	0.011178405024111271	0.9886101484298706	0.008825910277664661	0.002563990419730544
60	0.04573328047990799	0.9343593120574951	0.0199073888361454	0.974502682685852	0.018617071211338043	0.006880279164761305
61	0.029165321961045265	0.9666205644607544	0.00421408424153924	0.9805741906166077	0.01678963378071785	0.0026362414937466383
62	0.021608352661132812	0.9759080410003662	0.0024835909716784954	0.9825423955917358	0.014784527942538261	0.002673052717000246
63	0.37723636627197266	0.6102060675621033	0.012557506561279297	0.9870613217353821	0.010846154764294624	0.0020925262942910194
64	0.24083304405212402	0.7511038780212402	0.008063110522925854	0.9774965047836304	0.01642758399248123	0.006075888406485319
65	0.105351522564888	0.8900115489959717	0.004636937752366066	0.9763585329055786	0.02178039215505123	0.0018611217383295298
66	0.022899596020579338	0.9708430171012878	0.006257327273488045	0.9851324558258057	0.012399112805724144	0.0024684094823896885
67	0.03654632344841957	0.9596377611160278	0.0038159210234880447	0.988911509513855	0.008935688994824886	0.0021529097575694323
68	0.04815109446644783	0.945665717124939	0.006183265242725611	0.9876567125320435	0.010320199653506279	0.0020230398513376713
69	0.21181565523147583	0.7756996154785156	0.012484747916460037	0.9842079281806946	0.013505056500434875	0.0022870907559990883
70	0.05381949245929718	0.9435392022132874	0.002641335828229785	0.9780779480934143	0.018188608810305595	0.0037334472872316837
71	0.05901603773236275	0.9364384412765503	0.004545512609183788	0.9838641881942749	0.013327451422810555	0.002808398799970746
72	0.014054290018975735	0.9800137281417847	0.005932035390287638	0.986655592918396	0.010242847725749016	0.0031015449203550816
73	0.14451994001865387	0.8495387434959412	0.005941356066614389	0.983565628528595	0.014662548899650574	0.0017717244336381555
74	0.09600792825222015	0.8985466957092285	0.005445456597954035	0.9823875427246094	0.014900607988238335	0.002711885841563344
75	0.030235620215535164	0.9671304225921631	0.0026339655742049217	0.9821520447731018	0.014565053395926952	0.0032828394323587418
76	0.021246425807476044	0.9754469990730286	0.0033066500909626484	0.9816194772720337	0.0151018425822258	0.003278556978330016
77	0.2335720956325531	0.7633630633354187	0.003064895747229457	0.9876114726066589	0.010147934779524803	0.0022406221833080053
78	0.07689506560564041	0.9185319542884827	0.004572989884763956	0.9861053824424744	0.011834995821118355	0.002059691585600376
79	0.0991809144616127	0.8951556086540222	0.005663449410349131	0.9866913557052612	0.011584499850869179	0.0017240833258256316
80	0.11125482618808746	0.8734021782875061	0.015342951752245426	0.9861288666725159	0.010051929391920567	0.0038191229104995728
81	0.2128957360982895	0.7776312232017517	0.00947306677699089	0.9864230751991272	0.010942986235022545	0.0026339166797697544
82	0.40208420157432556	0.5864765644073486	0.011439234018325806	0.9856394529342651	0.012023977935314178	0.0023365309461951256
83	0.415901780128479	0.5566779375076294	0.027420323342084885	0.9820098280906677	0.016081154346466064	0.0019090179121121764
84	0.010295805521309376	0.986968457698822	0.002735721878707409	0.9894360303878784	0.009223748929798603	0.0013401017058640718
85	0.057437192648649216	0.9370962977409363	0.005466414149850607	0.9836177825927734	0.012694142758846283	0.0036880248226225376
86	0.08842731267213821	0.8968075513839722	0.014765157364308834	0.9888239502906799	0.008438530378043652	0.0027375095523893833
87	0.07073729485273361	0.9126482009887695	0.016614511609077454	0.9879773259162903	0.008325888775289059	0.0036967124324291945
88	0.007368050515651703	0.9898461699485779	0.0027857297100126743	0.9869361519813538	0.01110014133155346	0.0019637481309473515
89	0.023556113243103027	0.973416805267334	0.003027182538062334	0.9826268553733826	0.015658702701330185	0.0017144426237791777
90	0.0744984820485115	0.9135356545448303	0.011965855956077576	0.9823616147041321	0.01424424722790718	0.003394131548702717
91	0.1572229415178299	0.833530843257904	0.009246154688298702	0.9835438132286072	0.013101859949529171	0.0033543172758072615
92	0.1253008395433426	0.8648388981819153	0.009860262274742126	0.9878668785095215	0.009446296840906143	0.00268681556917727
93	0.01799130253493786	0.978941798210144	0.003067015903070569	0.9843088984489441	0.013959256932139397	0.0017319127218797803
94	0.26640501618385315	0.7172926664352417	0.01630234532058239	0.9835024476051331	0.013509771786630154	0.0029877659399062395
95	0.030863415449857712	0.9653390645980835	0.0037976049352437258	0.9861257672309875	0.011909379623830318	0.001964815193787217
96	0.15380404889583588	0.8297790884971619	0.01641686074435711	0.987447202205658	0.00948947761207819	0.003063405863940716
97	0.014352839440107346	0.9820432066917419	0.0036039049737155437	0.9870719313621521	0.010377852246165276	0.002550167730078101
98	0.4498370587825775	0.48022451996803284	0.06993842869997025	0.9846085906028748	0.01249678060412407	0.0028946734964847565
99	0.020568707957863808	0.9657945036888123	0.013636793941259384	0.9838395118713379	0.012236702255904675	0.003923772368580103
100	0.3336103856563568	0.6610161066055298	0.0053735156543552876	0.9885751605033875	0.009839915670454502	0.0015848955372348428
101	0.03781270980834961	0.9536592364311218	0.008528131060302258	0.9587420225143433	0.026297567412257195	0.014960413798689842
102	0.2297261506319046	0.7601302862167358	0.01014353521168232	0.9831624031066895	0.013832097873091698	0.003005542792379856
103	0.038631536066532135	0.9579635262489319	0.0034049099776893854	0.9716123938560486	0.021727781742811203	0.0066597918048501015
104	0.3714250326156616	0.6097543835639954	0.018820615485310555	0.9859508872032166	0.011719772592186928	0.0023294384591281414
105	0.23223914206027985	0.7560288310050964	0.011732025071978569	0.9852529168128967	0.011202372610569	0.0035446903202682734
106	0.012219217605888844	0.9817224144935608	0.006058321334421635	0.9812729358673096	0.012615296989679337	0.006111822556704283
107	0.31652435660362244	0.6639580130577087	0.019517693668603897	0.9667608141899109	0.03041212260723114	0.0028270354960113764
108	0.25412726402282715	0.7263090014457703	0.01956377737224102	0.9841535687446594	0.010440940968692303	0.005405575968325138
109	0.00758489640429616	0.9840128421783447	0.008402368053793907	0.9127461314201355	0.023961128666996956	0.06329274922609329
110	0.07576097548007965	0.9063348770141602	0.017904112115502357	0.9771004915237427	0.01715339720249176	0.005746164359152317
111	0.05763614922761917	0.9374226331710815	0.004941186867654324	0.9845847487449646	0.012053925544023514	0.003361314767971635
112	0.03310094028711319	0.9645415544509888	0.002357518533244729	0.9874287247657776	0.010557562112808228	0.0020136437378823757
113	0.04330073669552803	0.9547558426856995	0.0019434201531112194	0.9887171983718872	0.009676896966993809	0.0016058528563007712
114	0.08242488652467728	0.9155845046043396	0.0019905937369912863	0.9864896535873413	0.011587097309529781	0.001923169824294746
115	0.05715843662619591	0.9297528862953186	0.013088616542518139	0.9828634858131409	0.014495562762022018	0.002640897175297141
116	0.07349485158920288	0.9207407832145691	0.00576426088809967	0.9823827743530273	0.011605207808315754	0.006012009922415018
117	0.049154385924339294	0.9485010504722595	0.002344508422538638	0.9691618084907532	0.027461042627692223	0.0033771819435060024
118	0.12694013118743896	0.8654071688652039	0.007652742322534323	0.9868804216384888	0.010984841734170914	0.002134712180122733
119	0.10004965960979462	0.8930784463882446	0.006871834397315979	0.9733986854553223	0.019663501530885696	0.006937809754163027
120	0.12035924196243286	0.8677729964256287	0.011867742985486984	0.9844538569450378	0.010418491438031197	0.005127583630383015
121	0.04401509836316109	0.9528033137321472	0.0031816205009818077	0.9851948618888855	0.011657901108264923	0.0031472761183977127
122	0.034375716000795364	0.9546857476234436	0.01093848142772913	0.9810518026351929	0.015175754204392433	0.003772514406591654
123	0.05504554510116577	0.9356932640075684	0.009261243045330048	0.965989887714386	0.027797533199191093	0.006212577689439058
124	0.08831951022148132	0.9062876105308533	0.005392908584326506	0.9859561920166016	0.012444905005395412	0.0015989878447726369
125	0.023089973255991936	0.9608501195907593	0.016059843823313713	0.9848393201828003	0.01306738518178463	0.002093314193189144
126	0.1284046769142151	0.8500916957855225	0.02150362730026245	0.9727339744567871	0.02279253490269184	0.00447342824190855
127	0.16318446397781372	0.8190771341323853	0.017738347873091698	0.9892893433570862	0.00824557151645422	0.0024650380946695805
128	0.07869132608175278	0.9143108129501343	0.0069978730753064156	0.9819678664207458	0.013863293454051018	0.004168832208961248
129	0.032500606030225754	0.9615878462791443	0.005911463871598244	0.9900026321411133	0.008174024522304535	0.001823318307287991
130	0.17986410856246948	0.8141140937805176	0.006021770648658276	0.9742854237556458	0.020618699491024017	0.005095913540571928
131	0.05433860421180725	0.9421223998069763	0.003539042314514518	0.9832844138145447	0.013460529036819935	0.0032549328170716763
132	0.07424851506948471	0.922130286693573	0.0036212322302162647	0.9841183423995972	0.01304570771753788	0.002836039522662759
133	0.14967849850654602	0.8455542922019958	0.004767268430441618	0.9878828525543213	0.010484169237315655	0.0016330376965925097
134	0.08816754817962646	0.8775181770324707	0.03431427851319313	0.9779894948005676	0.0178904440253973	0.004120044410228729
135	0.1261521279811859	0.8674535155296326	0.006394383031874895	0.9836897253990173	0.01415799930691719	0.002152270171791315
136	0.058961693197488785	0.934320330619812	0.0067180246114730835	0.9731840491294861	0.02392486110329628	0.00289114355109632
137	0.04889791086316109	0.9455456733703613	0.005556450225412846	0.98511803150177	0.013048521243035793	0.0018335742643103004
138	0.17545963823795319	0.8160684704780579	0.008471877314150333	0.9805060625076294	0.01752166822552681	0.0019722217693924904
139	0.006241442635655403	0.992190420627594	0.0015681545482948422	0.991943359375	0.006578419357538223	0.0014782547950744629
140	0.06105440482497215	0.9358611106872559	0.003084479598328471	0.9821311235427856	0.016054514795541763	0.001814425690099597
141	0.024733684957027435	0.9647771716117859	0.010489193722605705	0.9831690788269043	0.012004461139440536	0.00482639716938138
142	0.03617393225431442	0.9514620304107666	0.012363976798951626	0.9815596342086792	0.015092737041413784	0.003347594989463687
143	0.11342783272266388	0.8789311647415161	0.007640996016561985	0.9755313992500305	0.02008151262998581	0.004387111868709326
144	0.08099282532930374	0.9157733917236328	0.0032338323071599007	0.9856975078582764	0.01208915188908577	0.002213315572589636
145	0.0912611186504364	0.8953978419303894	0.013341057114303112	0.9663779735565186	0.023398639634251595	0.010223361663520336
146	0.011010419577360153	0.9845845103263855	0.004405068699270487	0.9793612360954285	0.01643812097609043	0.004200666677206755
147	0.04150815308094025	0.9496961236000061	0.00879573356360197	0.9828330874443054	0.01291157677769661	0.004255313891917467
148	0.31372371315956116	0.6240862011909485	0.062190037220716476	0.9841687679290771	0.011584856547415257	0.0042463853023946285
149	0.10650651901960373	0.8832522630691528	0.010241186246275902	0.9832567572593689	0.014782427810132504	0.0019607623107731342
150	0.0066830310970544815	0.9910356998443604	0.0022812497336417437	0.9739400744438171	0.02011023834347725	0.005949670914560556
151	0.04191885143518448	0.9528877139091492	0.005193449091166258	0.9858344197273254	0.01235644519329071	0.0018090633675456047
152	0.09211104363203049	0.9020311236381531	0.0058578792959451675	0.9899222254753113	0.006892071571201086	0.0031857069116085768
153	0.023718509823083878	0.973665714263916	0.002615796634927392	0.9792947173118591	0.016716912388801575	0.003988345619291067
154	0.0054483916610479355	0.9910503625869751	0.0035012539010494947	0.9897220730781555	0.00858999788761139	0.0016880054026842117
155	0.1895432323217392	0.8064137697219849	0.00404301518574357	0.987508237361908	0.009895349852740765	0.002596416976302862
156	0.025079211220145226	0.9712554216384888	0.003665321972221136	0.9829471707344055	0.013708606362342834	0.003344159107655287
157	0.06812768429517746	0.929939329624176	0.0019329959759488702	0.9832861423492432	0.01419376116245985	0.002520101610571146
158	0.17740440368652344	0.8110138177871704	0.011581753380596638	0.9768893122673035	0.02043136954307556	0.0026793479919433594
159	0.04176091030240059	0.9540383219718933	0.0042007300071418285	0.9840734601020813	0.011539933271706104	0.004386629443615675
160	0.7465487122535706	0.1969478279352188	0.05650349333882332	0.9835171103477478	0.009659328497946262	0.006823615171015263
161	0.012421991676092148	0.9833725094795227	0.0042055570520460606	0.9847027659416199	0.013013096526265144	0.0022841449826955795
162	0.021802648901939392	0.9714438319206238	0.0067534982226789	0.9808933734893799	0.015963485464453697	0.0031431615352630615
163	0.06671911478042603	0.9317345023155212	0.0015463564777746797	0.9857122302055359	0.01237205695360899	0.0019157420611009002
164	0.037641000002622604	0.95777827501297	0.004580715671181679	0.9900520443916321	0.008298822678625584	0.0016491584246978164
165	0.30003613233566284	0.6634495258331299	0.03651440516114235	0.9870069026947021	0.010058779269456863	0.0029343878850340843
166	0.02382143773138523	0.9739824533462524	0.0021960337180644274	0.9862739443778992	0.01174224354326725	0.0019838623702526093
167	0.03800472617149353	0.9439343810081482	0.01806093193590641	0.9894294142723083	0.008490531705319881	0.002079986035823822
168	0.013978990726172924	0.9828669428825378	0.0031540843192487955	0.9820418357849121	0.014947411604225636	0.003010800573974848
169	0.27661266922950745	0.6876368522644043	0.035750485956668854	0.9832876920700073	0.010356459766626358	0.00635591521859169
170	0.039632346481084824	0.9562052488327026	0.00416240468621254	0.9851442575454712	0.013050300069153309	0.0018054029205814004
171	0.2803473174571991	0.7008394598960876	0.018813226372003555	0.986275315284729	0.011700284667313099	0.0020243984181433916
172	0.04887067899107933	0.9465540647506714	0.004575191531330347	0.9888795614242554	0.009283640421926975	0.0018367503071203828
173	0.25943228602409363	0.731436014175415	0.009131621569395065	0.9899887442588806	0.007357209920883179	0.0026540393009781837
174	0.16473256051540375	0.8269378542900085	0.008329606615006924	0.9867363572120667	0.010816909372806549	0.0024466703180223703
175	0.01097576692700386	0.9865857362747192	0.002438551979139447	0.9829198122024536	0.013199866749346256	0.003880296368151903
176	0.34387966990470886	0.5955445170402527	0.06057580187916756	0.9765328764915466	0.0191364623606205	0.004330671392381191
177	0.036878373473882675	0.9587399959564209	0.004381509963423014	0.9866807460784912	0.011369607411324978	0.0019495526794344187
178	0.0359463095664978	0.9586889743804932	0.0053648026660084724	0.980215311050415	0.016216125339269638	0.0035686413757503033
179	0.016356002539396286	0.9805112481117249	0.0031327875331044197	0.9857471585273743	0.012103511951863766	0.002149285515770316
180	0.05757145956158638	0.9381769895553589	0.004251529462635517	0.99038165807724	0.007868640124797821	0.0017496960936114192
181	0.050753068178892136	0.9448092579841614	0.004437617026269436	0.9833648800849915	0.013569748029112816	0.00306537258438766
182	0.049304477870464325	0.9418703317642212	0.00882515124976635	0.9886476397514343	0.00788386631757021	0.003468504175543785
183	0.023406285792589188	0.9708846211433411	0.005709171760827303	0.9782571792602539	0.015093034133315086	0.006649801041930914
184	0.08010195195674896	0.9102646112442017	0.009633496403694153	0.9856876730918884	0.012371690012514591	0.0019407063955441117
185	0.08792928606271744	0.9052456021308899	0.006825072690844536	0.9862522482872009	0.011940761469304562	0.0018069172510877252
186	0.13633789122104645	0.8592687845230103	0.00439332565292716	0.9754338264465332	0.019189557060599327	0.005376550834625959
187	0.06175057217478752	0.9334837794303894	0.004765649791806936	0.9821200966835022	0.014341908507049084	0.0035379729233682156
188	0.03599552810192108	0.9576793909072876	0.006325046066194773	0.9805669188499451	0.01423321571201086	0.005199900362640619
