0	0.892950177192688	0.09494603425264359	0.012103814631700516	0.9777204990386963	0.01973177306354046	0.002547775860875845
1	0.9368681907653809	0.05434137582778931	0.008790521882474422	0.04110215976834297	0.9562088251113892	0.002688976936042309
2	0.006792004220187664	0.0056988331489264965	0.9875091910362244	0.014047721400856972	0.010412733070552349	0.9755395650863647
3	0.9090357422828674	0.07977120578289032	0.0111931087449193	0.9868803024291992	0.010725323110818863	0.002394309500232339
4	0.9314748048782349	0.04488738626241684	0.023637719452381134	0.05835308879613876	0.9382448792457581	0.0034020370803773403
5	0.9073481559753418	0.07205645740032196	0.020595325157046318	0.004696271847933531	0.9913089275360107	0.003994757309556007
6	0.9329184889793396	0.04640227183699608	0.020679183304309845	0.028540300205349922	0.9639756679534912	0.007484105881303549
7	0.8092957139015198	0.17805428802967072	0.012649972923099995	0.2696034908294678	0.7214812636375427	0.00891513004899025
8	0.8970983624458313	0.09875507652759552	0.004146639723330736	0.038791194558143616	0.9563077092170715	0.00490115350112319
9	0.9288912415504456	0.05933619290590286	0.01177250873297453	0.039332982152700424	0.9583895206451416	0.002277499297633767
10	0.8336844444274902	0.142832413315773	0.023483073338866234	0.3613836467266083	0.6303213834762573	0.008295031264424324
11	0.8932908773422241	0.0658535584807396	0.04085548222064972	0.07541052997112274	0.914945662021637	0.009643727913498878
12	0.9140763282775879	0.08075253665447235	0.00517107592895627	0.41089940071105957	0.5813443064689636	0.007756289094686508
13	0.941496729850769	0.0543883852660656	0.004114856012165546	0.017687879502773285	0.9805733561515808	0.0017387723783031106
14	0.9691938161849976	0.028085675090551376	0.002720568561926484	0.9763705730438232	0.022568941116333008	0.0010604988783597946
15	0.9201186895370483	0.07681170105934143	0.0030695858877152205	0.1092194989323616	0.8797399401664734	0.011040483601391315
16	0.7780963182449341	0.11186867952346802	0.11003504693508148	0.023223739117383957	0.9537760019302368	0.023000329732894897
17	0.8245964646339417	0.14688943326473236	0.028514118865132332	0.7208681106567383	0.2749283015727997	0.004203515127301216
18	0.914316713809967	0.07878544926643372	0.006897840648889542	0.27153152227401733	0.7260918617248535	0.0023766064550727606
19	0.9482623934745789	0.045837558805942535	0.005899985320866108	0.9681020379066467	0.02962886355817318	0.0022691457998007536
20	0.9494555592536926	0.04197782278060913	0.008566497825086117	0.9661073684692383	0.0300613883882761	0.003831177717074752
21	0.8802958130836487	0.1083197221159935	0.011384466663002968	0.751775860786438	0.24205578863620758	0.006168359890580177
22	0.9434665441513062	0.05318437144160271	0.003349151462316513	0.32919782400131226	0.6641249060630798	0.006677352823317051
23	0.9191535711288452	0.07644663751125336	0.004399837926030159	0.16932496428489685	0.8282239437103271	0.002451154636219144
24	0.9210392236709595	0.07287269085645676	0.006088126916438341	0.12091843783855438	0.8723882436752319	0.006693362724035978
25	0.9473103284835815	0.047538407146930695	0.005151286721229553	0.9343265295028687	0.06261921674013138	0.003054283559322357
26	0.9576661586761475	0.03850885108113289	0.0038249329663813114	0.14398649334907532	0.8541997671127319	0.0018137450097128749
27	0.9374092221260071	0.058315712958574295	0.004274988546967506	0.2447836995124817	0.7503504157066345	0.004865814466029406
28	0.9533893465995789	0.04121346026659012	0.005397196393460035	0.2973152697086334	0.6755451560020447	0.027139531448483467
29	0.9108847379684448	0.08525706827640533	0.003858136711642146	0.07817058265209198	0.903263509273529	0.018565909937024117
30	0.9361323714256287	0.058492355048656464	0.005375320091843605	0.9823899269104004	0.015480940230190754	0.0021292048040777445
31	0.9173133969306946	0.07753196358680725	0.005154659505933523	0.03342107683420181	0.9542299509048462	0.012348935008049011
32	0.07676152139902115	0.08390302956104279	0.8393354415893555	0.016010131686925888	0.9275780916213989	0.05641178786754608
33	0.8405641317367554	0.14290161430835724	0.016534309834241867	0.04138631373643875	0.954594075679779	0.004019672982394695
34	0.879772961139679	0.0919341892004013	0.028292778879404068	0.11630605161190033	0.8750770688056946	0.008616778068244457
35	0.9395731687545776	0.05622906610369682	0.0041977413929998875	0.0342409610748291	0.9586185216903687	0.0071404981426894665
36	0.8780155777931213	0.11265460401773453	0.009329888969659805	0.14801828563213348	0.8455669283866882	0.006414747331291437
37	0.9289722442626953	0.06312119215726852	0.00790657103061676	0.9762971997261047	0.019836917519569397	0.003865970764309168
38	0.7357785105705261	0.1966339349746704	0.06758753955364227	0.19470083713531494	0.7825108170509338	0.02278839610517025
39	0.9307229518890381	0.06253501027822495	0.006742031779140234	0.4257330596446991	0.5676968693733215	0.006570067256689072
40	0.9149982333183289	0.06008344143629074	0.024918241426348686	0.1558668613433838	0.8357449173927307	0.008388238959014416
41	0.8310356140136719	0.16033077239990234	0.008633621968328953	0.3962251543998718	0.5994794964790344	0.004295291379094124
42	0.9127659201622009	0.07977206259965897	0.007462050765752792	0.8604353666305542	0.1386687457561493	0.0008958577527664602
43	0.8789718151092529	0.09268293529748917	0.028345268219709396	0.33309537172317505	0.6602272987365723	0.006677321158349514
44	0.661220371723175	0.3136115074157715	0.02516811341047287	0.03003166802227497	0.9662785530090332	0.003689705627039075
45	0.9374721646308899	0.053146347403526306	0.009381464682519436	0.03129710257053375	0.9650157690048218	0.0036871389020234346
46	0.9263582229614258	0.06881590932607651	0.004825870506465435	0.81595778465271	0.1795831173658371	0.004459092393517494
47	0.9067633152008057	0.09024454653263092	0.0029921247623860836	0.06000084429979324	0.9312524795532227	0.008746651001274586
48	0.9545801877975464	0.03376151993870735	0.011658325791358948	0.6193952560424805	0.34608668088912964	0.03451807051897049
49	0.9201866984367371	0.06653393805027008	0.013279378414154053	0.055078182369470596	0.93696129322052	0.00796041451394558
50	0.8104567527770996	0.14829425513744354	0.04124907776713371	0.04883846268057823	0.9349179267883301	0.016243640333414078
51	0.3907003402709961	0.0796266570687294	0.5296729803085327	0.17709052562713623	0.6624199748039246	0.16048942506313324
52	0.9425713419914246	0.04959777370095253	0.007830863818526268	0.12169978767633438	0.8665174245834351	0.011782725341618061
53	0.9239020347595215	0.07019051909446716	0.005907510872930288	0.9737420678138733	0.023809177801012993	0.0024486607871949673
54	0.8474308848381042	0.09578172117471695	0.056787390261888504	0.0414896123111248	0.9490046501159668	0.009505725465714931
55	0.9251613020896912	0.06918312609195709	0.005655569955706596	0.1250583976507187	0.871881365776062	0.0030602498445659876
56	0.9439164400100708	0.04614759609103203	0.009935895912349224	0.15947014093399048	0.8238933086395264	0.016636554151773453
57	0.8562061786651611	0.11073710769414902	0.03305671364068985	0.16237235069274902	0.8316314220428467	0.005996245890855789
58	0.923115611076355	0.06214090809226036	0.014743446372449398	0.05825596675276756	0.9378018975257874	0.003942115232348442
59	0.8108877539634705	0.165087029337883	0.024025240913033485	0.300578236579895	0.6664328575134277	0.032988931983709335
60	0.856469452381134	0.11012529581785202	0.03340522572398186	0.33029621839523315	0.6505700349807739	0.019133755937218666
61	0.9640926718711853	0.031546782702207565	0.004360465332865715	0.9229823350906372	0.07386849820613861	0.0031491992995142937
62	0.8217370510101318	0.1619209349155426	0.016342097893357277	0.39934951066970825	0.5812875032424927	0.01936301402747631
63	0.8574398159980774	0.09150014817714691	0.051060087978839874	0.21882383525371552	0.768340528011322	0.012835734523832798
64	0.8994534015655518	0.09585000574588776	0.004696628078818321	0.1778450906276703	0.8191679120063782	0.002986946376040578
65	0.9482623934745789	0.045837558805942535	0.005899985320866108	0.9681020379066467	0.02962886355817318	0.0022691457998007536
66	0.9038332104682922	0.09037307649850845	0.0057936301454901695	0.020385492593050003	0.9766483902931213	0.00296602351590991
67	0.9345807433128357	0.045505341142416	0.01991392858326435	0.8319084048271179	0.16176344454288483	0.006328227464109659
68	0.8005900979042053	0.13088156282901764	0.06852836906909943	0.1596708595752716	0.8059136271476746	0.03441551327705383
69	0.9539106488227844	0.042996834963560104	0.00309255113825202	0.13107606768608093	0.8566185832023621	0.012305350974202156
70	0.9604124426841736	0.037072740495204926	0.0025149453431367874	0.6503730416297913	0.3436471223831177	0.005979734938591719
71	0.7164249420166016	0.1670786738395691	0.11649633944034576	0.009247570298612118	0.973839521408081	0.01691289432346821
72	0.9009091854095459	0.07798581570386887	0.021104978397488594	0.05930499732494354	0.9372165203094482	0.003478419268503785
73	0.9652767181396484	0.03178695961833	0.0029364072252064943	0.6849541068077087	0.3120792508125305	0.0029666873160749674
74	0.9374092221260071	0.058315712958574295	0.004274988546967506	0.2447836995124817	0.7503504157066345	0.004865814466029406
75	0.938016951084137	0.04973600432276726	0.012246957048773766	0.04711659252643585	0.9512572884559631	0.0016261836281046271
76	0.9160013794898987	0.07461508363485336	0.009383529424667358	0.19506898522377014	0.8014589548110962	0.0034720764961093664
77	0.9565788507461548	0.040872883051633835	0.0025483127683401108	0.014130617491900921	0.9851509928703308	0.0007183743873611093
78	0.9007552862167358	0.0936444103717804	0.005600356962531805	0.9764801263809204	0.021047968417406082	0.0024718130007386208
79	0.901294469833374	0.09271813929080963	0.0059874472208321095	0.9745506048202515	0.02309030294418335	0.002359116682782769
80	0.9153726696968079	0.0791403278708458	0.005487013142555952	0.1555590182542801	0.8385190367698669	0.005921961739659309
81	0.5137755870819092	0.4261033236980438	0.06012105196714401	0.05368269607424736	0.9374682307243347	0.008849130012094975
82	0.9531375169754028	0.04354972019791603	0.0033127751667052507	0.036273080855607986	0.9609583616256714	0.002768607810139656
83	0.046452540904283524	0.026478739455342293	0.9270687103271484	0.04306578263640404	0.030596105381846428	0.9263381361961365
84	0.8813086152076721	0.10526448488235474	0.013426885940134525	0.845259428024292	0.15054553747177124	0.004195041488856077
85	0.8508859276771545	0.13992230594158173	0.00919177196919918	0.8621668815612793	0.1291930377483368	0.008640022948384285
86	0.893036961555481	0.10085739940404892	0.006105567328631878	0.16418586671352386	0.828253984451294	0.0075601255521178246
87	0.8796536922454834	0.07076285779476166	0.04958346113562584	0.3157840669155121	0.5958933234214783	0.08832261711359024
88	0.9029095768928528	0.07964015752077103	0.01745028980076313	0.32548195123672485	0.6571137309074402	0.017404334619641304
89	0.9287558197975159	0.05912041291594505	0.01212378777563572	0.07051986455917358	0.9277194142341614	0.0017607924528419971
90	0.9198545217514038	0.07402696460485458	0.006118535529822111	0.06738986074924469	0.9310780167579651	0.0015321256360039115
91	0.8754832148551941	0.11696933954954147	0.007547417655587196	0.979762613773346	0.01831071637570858	0.001926659606397152
92	0.910252571105957	0.08140868693590164	0.00833880715072155	0.33424457907676697	0.6615630984306335	0.004192336928099394
93	0.9674416184425354	0.0288062933832407	0.0037521065678447485	0.06520707160234451	0.9309740662574768	0.0038188989274203777
94	0.8520649671554565	0.11334560066461563	0.03458940610289574	0.79621422290802	0.18682485818862915	0.01696096546947956
95	0.4111800789833069	0.18508775532245636	0.40373215079307556	0.0800899937748909	0.4027665853500366	0.5171434283256531
96	0.9022175669670105	0.08132229745388031	0.01646009460091591	0.02601160667836666	0.9638753533363342	0.01011310052126646
97	0.9396421909332275	0.053864236921072006	0.006493514869362116	0.878350555896759	0.11634872108697891	0.005300686229020357
98	0.7515433430671692	0.14745935797691345	0.10099732875823975	0.04548373445868492	0.9264822006225586	0.02803414687514305
99	0.9323103427886963	0.05512433499097824	0.012565326876938343	0.05027215927839279	0.9156297445297241	0.03409808129072189
100	0.884480893611908	0.09776713699102402	0.017751891165971756	0.029587851837277412	0.9667237401008606	0.003688504220917821
101	0.9193023443222046	0.07505948841571808	0.005638196133077145	0.29084983468055725	0.7037385702133179	0.005411628168076277
102	0.4613063633441925	0.39987218379974365	0.13882143795490265	0.05439944937825203	0.9400323629379272	0.005568136926740408
103	0.9618178606033325	0.034561093896627426	0.0036210371181368828	0.98040372133255	0.015545233152806759	0.004051078576594591
104	0.9554707407951355	0.0415864996612072	0.0029427031986415386	0.1240919828414917	0.8701332211494446	0.005774856545031071
105	0.9252529740333557	0.048038285225629807	0.02670876495540142	0.1294570118188858	0.865893542766571	0.004649451933801174
106	0.9019758105278015	0.09035351127386093	0.007670651189982891	0.10810399055480957	0.8854987025260925	0.006397305987775326
107	0.9107488393783569	0.06932835280895233	0.019922731444239616	0.13915318250656128	0.8430370092391968	0.017809875309467316
108	0.921096682548523	0.06796298921108246	0.010940369218587875	0.0588659793138504	0.9342234134674072	0.006910606753081083
109	0.895422101020813	0.09048586338758469	0.014092052355408669	0.3296073079109192	0.6626824140548706	0.007710231002420187
110	0.9287875890731812	0.0646938681602478	0.006518528796732426	0.39234083890914917	0.6007658243179321	0.006893373094499111
111	0.9444014430046082	0.048534657806158066	0.007063916884362698	0.12082982063293457	0.8732860684394836	0.005884051322937012
112	0.8233254551887512	0.15280002355575562	0.02387453243136406	0.35851216316223145	0.6331954002380371	0.008292431011795998
113	0.932870626449585	0.05246393755078316	0.014665376394987106	0.11654043942689896	0.8710623979568481	0.012397128157317638
114	0.9444561004638672	0.04567589983344078	0.00986803974956274	0.27864933013916016	0.7086143493652344	0.012736295349895954
115	0.9229928851127625	0.03878025338053703	0.03822685778141022	0.4796590209007263	0.3826119601726532	0.1377289742231369
116	0.9532663822174072	0.042454835027456284	0.004278765060007572	0.08518171310424805	0.9073482751846313	0.007470094133168459
117	0.9364956021308899	0.05875910073518753	0.004745326470583677	0.029250293970108032	0.9684168696403503	0.002332791918888688
118	0.9662219882011414	0.030951237305998802	0.0028268261812627316	0.03688639774918556	0.9612290263175964	0.001884611789137125
119	0.9538567066192627	0.043401677161455154	0.002741652773693204	0.15847383439540863	0.8378279805183411	0.003698149463161826
120	0.9259333610534668	0.06808595359325409	0.005980757996439934	0.32042333483695984	0.6694256067276001	0.010150983929634094
121	0.026744941249489784	0.05090291053056717	0.922352135181427	0.03180408105254173	0.8860217928886414	0.08217418193817139
122	0.8888609409332275	0.09269729256629944	0.018441740423440933	0.9255344271659851	0.07221000641584396	0.0022555289324373007
123	0.9119502305984497	0.05288155376911163	0.035168200731277466	0.6281381845474243	0.30925074219703674	0.0626111626625061
124	0.8898152709007263	0.09510117769241333	0.015083556063473225	0.03218698129057884	0.9655970335006714	0.002215899061411619
125	0.9485600590705872	0.04717985913157463	0.0042601036839187145	0.20296187698841095	0.7896842956542969	0.007353811524808407
126	0.9189258217811584	0.07444431632757187	0.00662982976064086	0.9796479940414429	0.018487103283405304	0.0018649040721356869
127	0.9395045638084412	0.048412587493658066	0.012082814238965511	0.16786158084869385	0.8268181085586548	0.005320356693118811
128	0.8326444625854492	0.12498750537633896	0.0423680916428566	0.045466743409633636	0.9461799263954163	0.008353369310498238
129	0.8075917959213257	0.17347626388072968	0.018931880593299866	0.11310041695833206	0.8807336688041687	0.006165860220789909
130	0.9188384413719177	0.07862238585948944	0.0025392123498022556	0.596310555934906	0.39960724115371704	0.004082193598151207
131	0.9114481806755066	0.07858367264270782	0.00996819231659174	0.6704632043838501	0.32461681962013245	0.00491986284032464
132	0.9228963255882263	0.06432871520519257	0.012774907052516937	0.6364123225212097	0.35666778683662415	0.00691989716142416
133	0.9695176482200623	0.028599733486771584	0.0018826080486178398	0.6763443350791931	0.31480810046195984	0.008847512304782867
134	0.9549543261528015	0.040226273238658905	0.004819405265152454	0.38223525881767273	0.6007724404335022	0.01699225977063179
135	0.9536768198013306	0.043528731912374496	0.0027943840250372887	0.5760939717292786	0.3487092852592468	0.0751967802643776
136	0.9461677670478821	0.050117336213588715	0.0037149442359805107	0.2132193148136139	0.780036985874176	0.0067437561228871346
137	0.9215188026428223	0.05929519236087799	0.01918594352900982	0.5559367537498474	0.416249543428421	0.027813713997602463
138	0.9241077303886414	0.063716821372509	0.012175447307527065	0.10156663507223129	0.8946059346199036	0.0038274170365184546
139	0.934691846370697	0.05867622047662735	0.006631915457546711	0.04586290195584297	0.949397623538971	0.004739381838589907
140	0.9563732743263245	0.03870449215173721	0.004922208376228809	0.24520574510097504	0.7458644509315491	0.00892979558557272
141	0.812251627445221	0.14979803562164307	0.03795033320784569	0.8933265805244446	0.02038094773888588	0.08629252761602402
142	0.7745339870452881	0.20983146131038666	0.015634622424840927	0.0912824273109436	0.8962303996086121	0.012487183324992657
143	0.9683989882469177	0.02870805375277996	0.0028929528780281544	0.8828920125961304	0.11279339343309402	0.004314601421356201
144	0.022208940237760544	0.01234768982976675	0.9654433727264404	0.014078740030527115	0.01662762463092804	0.9692935943603516
145	0.01827889308333397	0.04168189689517021	0.9400392174720764	0.008260676637291908	0.8906335234642029	0.10110577940940857
146	0.8723456263542175	0.10904455184936523	0.01860981620848179	0.4824334979057312	0.5123685598373413	0.0051980395801365376
147	0.9409270882606506	0.04939385876059532	0.009679077193140984	0.3586581349372864	0.6365426778793335	0.004799153655767441
148	0.8760149478912354	0.11661446839570999	0.007370645646005869	0.08481061458587646	0.9069713354110718	0.008218015544116497
149	0.9013451933860779	0.09184087067842484	0.006813962943851948	0.9315988421440125	0.06579820066690445	0.002602881286293268
150	0.8111777305603027	0.0876288190484047	0.10119343549013138	0.8850857019424438	0.10848074406385422	0.006433469709008932
151	0.9012828469276428	0.08695132285356522	0.011765817180275917	0.21672490239143372	0.7765918970108032	0.0066832019947469234
152	0.9486883878707886	0.04634827375411987	0.004963346291333437	0.7909723520278931	0.20675155520439148	0.002276134677231312
153	0.9481621980667114	0.04448200389742851	0.0073559158481657505	0.07621080428361893	0.9210433959960938	0.0027458490803837776
154	0.846307635307312	0.1312238723039627	0.022468503564596176	0.2418278455734253	0.7417210340499878	0.01645120233297348
155	0.9388682842254639	0.056158650666475296	0.004973070230334997	0.619986891746521	0.3754751980304718	0.004537876229733229
156	0.9500097632408142	0.04549992457032204	0.004490349441766739	0.4052380919456482	0.5867235064506531	0.008038418367505074
157	0.9387308955192566	0.05654250457882881	0.004726699087768793	0.07705278694629669	0.9195496439933777	0.0033976079430431128
158	0.9478210806846619	0.04924666881561279	0.0029322796035557985	0.27189451456069946	0.7186059355735779	0.00949958898127079
159	0.9421234726905823	0.05483873561024666	0.0030377518851310015	0.9372372627258301	0.06149905547499657	0.00126378214918077
160	0.8934234380722046	0.09877292066812515	0.0078036286868155	0.9666199088096619	0.029459498822689056	0.00392058864235878
161	0.02199501357972622	0.026601413264870644	0.9514035582542419	0.020891329273581505	0.5210490822792053	0.45805954933166504
162	0.8296493887901306	0.15666626393795013	0.013684345409274101	0.9683430790901184	0.029979242011904716	0.0016776444390416145
163	0.8289192318916321	0.11997672915458679	0.05110399052500725	0.05366985872387886	0.5838070511817932	0.36252301931381226
164	0.02130906656384468	0.04480408504605293	0.9338868856430054	0.05025983601808548	0.03437824919819832	0.9153618812561035
165	0.9049806594848633	0.09067416936159134	0.004345209803432226	0.9862792491912842	0.011854100972414017	0.0018666547257453203
166	0.8732656240463257	0.11512307822704315	0.011611278168857098	0.9607369303703308	0.036422308534383774	0.0028408051002770662
167	0.8684485554695129	0.07086627185344696	0.06068509444594383	0.10549972206354141	0.8863612413406372	0.008138922043144703
168	0.08222357928752899	0.024676097556948662	0.8931003212928772	0.062452282756567	0.7582131624221802	0.1793346107006073
169	0.8984684348106384	0.08920283615589142	0.012328718788921833	0.0735490620136261	0.9204320907592773	0.006018900312483311
170	0.9210634231567383	0.07073228806257248	0.008204303681850433	0.08823750913143158	0.8992330431938171	0.012529413215816021
171	0.30877238512039185	0.5380520224571228	0.15317551791667938	0.04528684914112091	0.8996407985687256	0.05507229268550873
172	0.030198901891708374	0.022551147267222404	0.9472499489784241	0.03257608786225319	0.08423994481563568	0.8831838965415955
173	0.8821182250976562	0.07020696997642517	0.04767473787069321	0.4165641963481903	0.4049355387687683	0.17850036919116974
174	0.9012452960014343	0.08712615817785263	0.011628483422100544	0.0369853675365448	0.9568834900856018	0.006131063215434551
175	0.8194440603256226	0.14734868705272675	0.03320722281932831	0.3319331407546997	0.6643748879432678	0.0036919431295245886
176	0.9565679430961609	0.040478892624378204	0.0029531894251704216	0.8125465512275696	0.18600337207317352	0.0014500535326078534
177	0.8657653331756592	0.12331806868314743	0.010916612111032009	0.4467566907405853	0.5107468962669373	0.042496420443058014
178	0.9065664410591125	0.08768734335899353	0.005746286362409592	0.3436642587184906	0.6507172584533691	0.005618468392640352
179	0.7886335253715515	0.11742478609085083	0.09394174814224243	0.8491878509521484	0.09986145049333572	0.05095069855451584
180	0.8773598074913025	0.11317881941795349	0.009461412206292152	0.8771503567695618	0.11843275278806686	0.004416856449097395
181	0.9348689317703247	0.059644248336553574	0.005486816167831421	0.6395080089569092	0.3423752188682556	0.018116790801286697
182	0.855074405670166	0.11553411185741425	0.02939153090119362	0.017031148076057434	0.9744248390197754	0.00854411069303751
183	0.978653073310852	0.019363179802894592	0.0019837170839309692	0.924677312374115	0.0694374293088913	0.00588521733880043
184	0.9591180086135864	0.037530042231082916	0.003351932857185602	0.447686105966568	0.5456093549728394	0.006704580970108509
185	0.8788795471191406	0.11034756898880005	0.010772919282317162	0.05476203188300133	0.938708484172821	0.006529398262500763
186	0.922447681427002	0.07303092628717422	0.004521418362855911	0.1817561537027359	0.8134419322013855	0.004801847971975803
187	0.927919328212738	0.06448891013860703	0.007591678760945797	0.10842753201723099	0.8834409117698669	0.008131492882966995
188	0.8271185159683228	0.16195112466812134	0.010930340737104416	0.3084666132926941	0.6866731643676758	0.004860250279307365
189	0.9628169536590576	0.034883949905633926	0.0022991474252194166	0.5374066233634949	0.45924386382102966	0.003349501872435212
190	0.8727368712425232	0.12206423282623291	0.005198909901082516	0.220175102353096	0.7777898907661438	0.0020349728874862194
191	0.9129143357276917	0.070439912378788	0.01664576679468155	0.18429389595985413	0.8115759491920471	0.00413016090169549
192	0.9031779766082764	0.06635995954275131	0.030462035909295082	0.025631440803408623	0.9688692092895508	0.005499368533492088
193	0.7712306380271912	0.11755290627479553	0.11121643334627151	0.023174630478024483	0.9701514840126038	0.006673924159258604
194	0.7614270448684692	0.21156731247901917	0.02700561098754406	0.2505859136581421	0.740721583366394	0.008692487142980099
195	0.8314036726951599	0.13783909380435944	0.030757272616028786	0.6013584733009338	0.392665296792984	0.005976262502372265
196	0.9215768575668335	0.0692162811756134	0.009206868708133698	0.1496281772851944	0.8408756852149963	0.009496192447841167
197	0.9243308305740356	0.07019410282373428	0.005475102458149195	0.038889121264219284	0.9585840106010437	0.002526863245293498
198	0.7613746523857117	0.220486119389534	0.01813921518623829	0.022754646837711334	0.9729235172271729	0.00432177446782589
199	0.27656733989715576	0.11435286700725555	0.6090798377990723	0.12004227191209793	0.6141834259033203	0.26577436923980713
