0	0.968772828578949	0.025555536150932312	0.005671544466167688	0.9659269452095032	0.02169184759259224	0.012381179258227348
1	0.979336678981781	0.013976003974676132	0.006687309592962265	0.9812756776809692	0.013550355099141598	0.00517388666048646
2	0.9686627984046936	0.028507402166724205	0.0028298133984208107	0.9862090349197388	0.01126464270055294	0.002526303520426154
3	0.10974662005901337	0.02554749697446823	0.8647059202194214	0.7866117358207703	0.1297621876001358	0.08362604677677155
4	0.9868670701980591	0.009741880930960178	0.003391108475625515	0.9854689240455627	0.01063928846269846	0.0038917232304811478
5	0.9412617087364197	0.04687030240893364	0.011868028901517391	0.959063708782196	0.03614559769630432	0.004790795501321554
6	0.9401893019676208	0.02906649000942707	0.030744170770049095	0.44283175468444824	0.03861622139811516	0.5185519456863403
7	0.9673793911933899	0.031062453985214233	0.0015582016203552485	0.9837051630020142	0.014199450612068176	0.0020952660124748945
8	0.9860432147979736	0.012080890126526356	0.0018758935621008277	0.9878480434417725	0.010343735106289387	0.0018081690650433302
9	0.9710178971290588	0.022141553461551666	0.006840527057647705	0.3237300515174866	0.6739559173583984	0.0023139819968491793
10	0.19264869391918182	0.36378762125968933	0.4435637295246124	0.6169125437736511	0.05115877464413643	0.33192864060401917
11	0.9800912737846375	0.011836884543299675	0.008071853779256344	0.9850487112998962	0.010444126091897488	0.004507146775722504
12	0.9847188591957092	0.012236892245709896	0.003044316079467535	0.983468770980835	0.014222592115402222	0.0023086557630449533
13	0.9893116354942322	0.00874277949333191	0.0019455181900411844	0.9891552329063416	0.008674888871610165	0.002169868443161249
14	0.9936395287513733	0.004736369010061026	0.0016240933910012245	0.9944823980331421	0.004377934616059065	0.0011396572226658463
15	0.9787330031394958	0.018789462745189667	0.0024775383062660694	0.9903929829597473	0.006727638654410839	0.0028793036472052336
16	0.9884911775588989	0.009770126082003117	0.0017387466505169868	0.9888400435447693	0.009800468571484089	0.0013595466734841466
17	0.9655985236167908	0.03157380223274231	0.002827744698151946	0.8117185831069946	0.15108557045459747	0.03719585761427879
18	0.9704211950302124	0.02701648324728012	0.0025623515248298645	0.9823706150054932	0.01473892480134964	0.0028904415667057037
19	0.9861039519309998	0.011711540631949902	0.0021844387520104647	0.9817471504211426	0.013902440667152405	0.004350431263446808
20	0.9931542873382568	0.005258454475551844	0.0015872784424573183	0.9938617944717407	0.004540983587503433	0.001597229391336441
21	0.9867976307868958	0.011719494126737118	0.0014828129205852747	0.9808763861656189	0.016462227329611778	0.0026613189838826656
22	0.9797707200050354	0.017707370221614838	0.0025219456292688847	0.9808543920516968	0.017619390040636063	0.0015262437518686056
23	0.9930592775344849	0.005077393259853125	0.0018633157014846802	0.99196857213974	0.00610648188740015	0.001924948999658227
24	0.950410783290863	0.04826367273926735	0.0013254592195153236	0.945145308971405	0.05362188443541527	0.0012328574666753411
25	0.9876463413238525	0.01132951769977808	0.0010240779956802726	0.9872894883155823	0.011073573492467403	0.001636842847801745
26	0.9905557036399841	0.006233019754290581	0.0032113336492329836	0.9874576926231384	0.006776720751076937	0.0057655987329781055
27	0.9861039519309998	0.011711540631949902	0.0021844387520104647	0.9817471504211426	0.013902440667152405	0.004350431263446808
28	0.979864239692688	0.01815861649811268	0.0019771168008446693	0.9857494831085205	0.012701330706477165	0.0015491792000830173
29	0.9876348376274109	0.00925363413989544	0.003111452329903841	0.9875239133834839	0.009525654837489128	0.002950318157672882
30	0.986359179019928	0.010791578330099583	0.00284927268512547	0.9405212998390198	0.04260728880763054	0.016871383413672447
31	0.9887336492538452	0.007827186025679111	0.0034392455127090216	0.9915245175361633	0.00645612133666873	0.0020193587988615036
32	0.9109827876091003	0.08399643003940582	0.0050208112224936485	0.9087104797363281	0.07776553183794022	0.013524078764021397
33	0.9639601707458496	0.02947613038122654	0.006563726346939802	0.9679872989654541	0.025399884209036827	0.006612866185605526
34	0.9850301146507263	0.00676649808883667	0.00820340309292078	0.9877504706382751	0.007997680455446243	0.0042519294656813145
35	0.9895052313804626	0.008602268062531948	0.00189248810056597	0.9839322566986084	0.012947645038366318	0.0031201515812426805
36	0.9545143246650696	0.04248734563589096	0.0029983380809426308	0.9887545108795166	0.008258981630206108	0.002986499108374119
37	0.9784092307090759	0.018437569960951805	0.003153100609779358	0.3850325345993042	0.6130240559577942	0.0019433958223089576
38	0.9878679513931274	0.008251824416220188	0.0038802942726761103	0.9847646355628967	0.009753173217177391	0.005482292268425226
39	0.9814780950546265	0.017168549820780754	0.0013534072786569595	0.9769863486289978	0.02179158665239811	0.0012220261851325631
40	0.9869990944862366	0.009764653630554676	0.003236169461160898	0.9873414635658264	0.009568569250404835	0.0030900239944458008
41	0.9868268966674805	0.0061551607213914394	0.0070179603062570095	0.9868389964103699	0.006300152279436588	0.0068608494475483894
42	0.9684078097343445	0.029749052599072456	0.0018432078650221229	0.9684236645698547	0.029667340219020844	0.0019089606357738376
43	0.9826334118843079	0.012672727927565575	0.004693891853094101	0.9823824763298035	0.012610545381903648	0.005007043015211821
44	0.9916071891784668	0.006503468845039606	0.001889295526780188	0.9917683601379395	0.00623498996719718	0.0019966899417340755
45	0.9756515622138977	0.01125162374228239	0.01309678703546524	0.9610271453857422	0.03398725762963295	0.004985512234270573
46	0.9783959984779358	0.020243410021066666	0.0013605403946712613	0.9743468761444092	0.02444673888385296	0.0012064276961609721
47	0.9554113149642944	0.037807904183864594	0.00678083673119545	0.9602136611938477	0.035361241549253464	0.004425212275236845
48	0.9901818633079529	0.006809704937040806	0.0030084517784416676	0.9906930327415466	0.006582736968994141	0.0027242277283221483
49	0.9866368174552917	0.011365518905222416	0.0019977183546870947	0.9788685441017151	0.01784726418554783	0.0032841861248016357
50	0.9786949753761292	0.016485923901200294	0.004819209687411785	0.9767476916313171	0.01913151517510414	0.004120876546949148
51	0.9813464283943176	0.008886867202818394	0.00976681336760521	0.9666017889976501	0.01347610354423523	0.019922083243727684
52	0.9773678183555603	0.018065357580780983	0.0045669181272387505	0.9864708781242371	0.011848757974803448	0.0016803886974230409
53	0.9877106547355652	0.009346147067844868	0.0029431527946144342	0.9840863347053528	0.013411067426204681	0.0025025836657732725
54	0.002278979169204831	0.0024580368772149086	0.9952629804611206	0.0013856644509360194	0.0009210400748997927	0.9976932406425476
55	0.0007525258115492761	0.0011315873125568032	0.9981158971786499	0.010378566570580006	0.011701253242790699	0.9779201745986938
56	0.9872211813926697	0.009541011415421963	0.003237738972529769	0.9871184825897217	0.009950744919478893	0.0029308234807103872
57	0.991491973400116	0.007272480055689812	0.001235568430274725	0.9919188618659973	0.006884509231895208	0.0011966301826760173
58	0.9892065525054932	0.008092623203992844	0.0027007716707885265	0.9904140830039978	0.007196617778390646	0.002389284549281001
59	0.9880274534225464	0.006763777229934931	0.005208785645663738	0.8435693383216858	0.06066378578543663	0.0957668125629425
60	0.9848464727401733	0.011370602995157242	0.003782951505854726	0.984948456287384	0.010828038677573204	0.004223491530865431
61	0.9899360537528992	0.00808011181652546	0.001983808819204569	0.989080548286438	0.0086293900385499	0.0022900153417140245
62	0.9924498796463013	0.006483393721282482	0.0010667708702385426	0.9867223501205444	0.01218344084918499	0.001094328472390771
63	0.9770574569702148	0.015352451242506504	0.007590080611407757	0.9755786061286926	0.015582202933728695	0.008839231915771961
64	0.9836644530296326	0.01479147095233202	0.0015441040741279721	0.9899324178695679	0.008843216113746166	0.0012243581004440784
65	0.9861039519309998	0.011711540631949902	0.0021844387520104647	0.9817471504211426	0.013902440667152405	0.004350431263446808
66	0.994145393371582	0.004500542301684618	0.0013540046056732535	0.9934309124946594	0.004552154801785946	0.0020169196650385857
67	0.9865486025810242	0.008571690879762173	0.004879639949649572	0.970400869846344	0.01381709799170494	0.015781953930854797
68	0.9852083921432495	0.012727846391499043	0.0020637938287109137	0.9894214868545532	0.00868525542318821	0.001893246779218316
69	0.9502793550491333	0.022634398192167282	0.027086200192570686	0.8752754926681519	0.03682105243206024	0.08790343999862671
70	0.9870889782905579	0.008862128481268883	0.004048946313560009	0.9642893671989441	0.015337847173213959	0.02037278190255165
71	0.989682674407959	0.009253065101802349	0.0010641521075740457	0.9872289896011353	0.011655702255666256	0.001115271938033402
72	0.9918870329856873	0.007110274396836758	0.0010027270764112473	0.9941417574882507	0.005023355130106211	0.000834926322568208
73	0.9882287979125977	0.009405386634171009	0.002365834778174758	0.9878005981445312	0.009457064792513847	0.0027424213476479053
74	0.9861039519309998	0.011711540631949902	0.0021844387520104647	0.9817471504211426	0.013902440667152405	0.004350431263446808
75	0.9752998948097229	0.014420232735574245	0.010279947891831398	0.9785585403442383	0.015596735291182995	0.005844644270837307
76	0.9754695296287537	0.02089160680770874	0.0036387417931109667	0.966888427734375	0.03114682249724865	0.0019647933077067137
77	0.9884636998176575	0.009280714206397533	0.002255622297525406	0.9888641834259033	0.00886946078389883	0.002266381634399295
78	0.9272937178611755	0.03540877252817154	0.03729740157723427	0.9682998061180115	0.02383422665297985	0.007866025902330875
79	0.982088029384613	0.01394229382276535	0.003969583660364151	0.98216313123703	0.013874364085495472	0.003962507471442223
80	0.9513105750083923	0.04423259198665619	0.004456853494048119	0.9490692615509033	0.04800717532634735	0.002923437859863043
81	0.9581120014190674	0.026476025581359863	0.015411908738315105	0.9602307081222534	0.02685457468032837	0.01291473675519228
82	0.9907612204551697	0.007628845050930977	0.001609972445294261	0.9900782108306885	0.007897401228547096	0.0020243653561919928
83	0.995457649230957	0.0036404042039066553	0.0009020288125611842	0.9933412671089172	0.0054503693245351315	0.0012083842884749174
84	0.9877979159355164	0.008893730118870735	0.0033083297312259674	0.9862557053565979	0.00837190356105566	0.005372457206249237
85	0.9916738867759705	0.007225280627608299	0.0011008462170138955	0.9916411638259888	0.006751852110028267	0.0016070047859102488
86	0.988404393196106	0.009788073599338531	0.0018075215630233288	0.41231048107147217	0.5761150121688843	0.011574489064514637
87	0.9910458922386169	0.007810136303305626	0.001143918838351965	0.9908912777900696	0.008089910261332989	0.0010187793523073196
88	0.9876761436462402	0.010254479013383389	0.0020694443956017494	0.9831687211990356	0.015619106590747833	0.0012120874598622322
89	0.8396009802818298	0.043726976960897446	0.11667206883430481	0.9433229565620422	0.039181750267744064	0.017495347186923027
90	0.9947699904441833	0.00350019964389503	0.0017298267921432853	0.9931722283363342	0.004646681249141693	0.002181046176701784
91	0.9805524945259094	0.017432091757655144	0.0020154283847659826	0.9787823557853699	0.01819942146539688	0.003018259070813656
92	0.9845273494720459	0.012859400361776352	0.002613235730677843	0.9735225439071655	0.023200325667858124	0.0032770452089607716
93	0.488629013299942	0.41969311237335205	0.09167788177728653	0.7843875885009766	0.10133036971092224	0.11428212374448776
94	0.9111782908439636	0.08244236558675766	0.0063793594017624855	0.9650780558586121	0.03127871826291084	0.003643272677436471
95	0.9881917834281921	0.008998625911772251	0.002809518948197365	0.9831426739692688	0.01268941443413496	0.0041678971610963345
96	0.4643495976924896	0.05264930799603462	0.48300108313560486	0.6811966300010681	0.049138642847537994	0.2696647346019745
97	0.9881439805030823	0.008993841707706451	0.0028622641693800688	0.9722241759300232	0.023044893518090248	0.004730934277176857
98	0.9889833331108093	0.00958047341555357	0.0014362222282215953	0.9631785154342651	0.035934194922447205	0.0008872229373082519
99	0.884570837020874	0.11388606578111649	0.001543099177069962	0.9898355603218079	0.007779309526085854	0.002385055413469672
100	0.9908239841461182	0.006648528389632702	0.0025275491643697023	0.9889321327209473	0.007860287092626095	0.0032075471244752407
101	0.9865092635154724	0.011201536282896996	0.002289280528202653	0.9867731928825378	0.010885479860007763	0.002341334242373705
102	0.9913033246994019	0.007108275778591633	0.0015883806627243757	0.9916511178016663	0.006649565417319536	0.0016992707969620824
103	0.9854470491409302	0.011568219400942326	0.002984735183417797	0.9864614605903625	0.010977650061249733	0.002560879336670041
104	0.9898325204849243	0.008631620556116104	0.0015358738601207733	0.9906554818153381	0.00793803483247757	0.0014065370196476579
105	0.928403377532959	0.04813578352332115	0.023460865020751953	0.9288343787193298	0.0478900782763958	0.02327551692724228
106	0.9741215705871582	0.022439751774072647	0.0034387169871479273	0.9744939804077148	0.013914402574300766	0.011591498740017414
107	0.5883801579475403	0.11102235317230225	0.30059751868247986	0.7114654779434204	0.08252954483032227	0.20600496232509613
108	0.964388370513916	0.0186264980584383	0.016985086724162102	0.9637368321418762	0.019627558067440987	0.01663563959300518
109	0.9787610769271851	0.017005430534482002	0.004233549349009991	0.8827202320098877	0.06258253753185272	0.05469720810651779
110	0.9734805822372437	0.022275615483522415	0.004243770148605108	0.9659121632575989	0.028383305296301842	0.0057045286521315575
111	0.9224655032157898	0.03492230176925659	0.042612168937921524	0.9360789656639099	0.04919064790010452	0.014730344526469707
112	0.9814186096191406	0.006660620681941509	0.011920812539756298	0.9786812663078308	0.006172270514070988	0.015146421268582344
113	0.9871783256530762	0.008301276713609695	0.004520327318459749	0.9830833673477173	0.008142185397446156	0.008774497546255589
114	0.9521103501319885	0.0376933217048645	0.01019631139934063	0.9625498056411743	0.029755961149930954	0.00769416568800807
115	0.972077488899231	0.018945995718240738	0.00897649209946394	0.9718731045722961	0.019319429993629456	0.008807484991848469
116	0.9812978506088257	0.016316771507263184	0.0023853133898228407	0.9795584082603455	0.01889917254447937	0.0015424281591549516
117	0.8784128427505493	0.1137256845831871	0.007861469872295856	0.9760941863059998	0.02104063890874386	0.002865262096747756
118	0.9919635057449341	0.006088029593229294	0.0019484637305140495	0.9934932589530945	0.005163736641407013	0.001343052601441741
119	0.9896538853645325	0.006852501071989536	0.003493573982268572	0.9885320663452148	0.007118211127817631	0.0043496545404195786
120	0.981622040271759	0.013959553092718124	0.004418415017426014	0.9882680773735046	0.009251508861780167	0.002480362309142947
121	0.9921345710754395	0.00582614541053772	0.002039218321442604	0.9908648133277893	0.007663427852094173	0.0014718046877533197
122	0.9221445918083191	0.06693389266729355	0.010921550914645195	0.9527080655097961	0.04185895994305611	0.005432952661067247
123	0.9930839538574219	0.005567248910665512	0.0013487590476870537	0.9865714907646179	0.011192706413567066	0.0022358668502420187
124	0.9785755276679993	0.017603609710931778	0.0038208020851016045	0.9812808632850647	0.015710990875959396	0.003008176339790225
125	0.9785057902336121	0.01820201799273491	0.0032920814119279385	0.9832889437675476	0.01190343126654625	0.004807662684470415
126	0.9928938746452332	0.005513802170753479	0.0015922930324450135	0.9917343854904175	0.006766814738512039	0.001498812111094594
127	0.00196782941929996	0.0022288181353360415	0.9958034157752991	0.004934888798743486	0.004613634664565325	0.990451455116272
128	0.9757310748100281	0.017798935994505882	0.006469997577369213	0.6374914646148682	0.35800495743751526	0.004503563046455383
129	0.9771230220794678	0.02193315327167511	0.0009438892593607306	0.9904847145080566	0.006212136242538691	0.003303103381767869
130	0.9840452671051025	0.014583084732294083	0.0013717070687562227	0.9800266623497009	0.018423613160848618	0.0015496936393901706
131	0.9817737936973572	0.015273874625563622	0.0029524024575948715	0.9863634705543518	0.011882568709552288	0.0017539763357490301
132	0.7746742963790894	0.07181960344314575	0.1535061001777649	0.9063687920570374	0.04685728996992111	0.046773891896009445
133	0.9919022917747498	0.006611486431211233	0.0014862273819744587	0.9896344542503357	0.007884494960308075	0.002481023082509637
134	0.5443419218063354	0.3278576731681824	0.12780041992664337	0.6070277690887451	0.0742792934179306	0.3186928927898407
135	0.5325000882148743	0.17707940936088562	0.2904205322265625	0.4886264503002167	0.22453562915325165	0.28683793544769287
136	0.9885309934616089	0.009838190861046314	0.0016307843616232276	0.9333320260047913	0.06430743634700775	0.0023605371825397015
137	0.9865352511405945	0.008389384485781193	0.005075287073850632	0.9798984527587891	0.015017000027000904	0.005084496922791004
138	0.9246607422828674	0.07201431691646576	0.003324904479086399	0.8987348079681396	0.09457433223724365	0.006690827663987875
139	0.9924873113632202	0.005333275068551302	0.0021794389467686415	0.9923250675201416	0.005860650446265936	0.0018142483895644546
140	0.4920438826084137	0.05170775204896927	0.45624840259552	0.2158185988664627	0.05134241655468941	0.7328389286994934
141	0.9589430093765259	0.03711027279496193	0.003946686629205942	0.986862301826477	0.009815127588808537	0.003322602016851306
142	0.9879276156425476	0.010562196373939514	0.0015101473545655608	0.9888201355934143	0.00966627337038517	0.0015136566944420338
143	0.6687113046646118	0.13225875794887543	0.19902995228767395	0.18417268991470337	0.7361757159233093	0.07965163141489029
144	0.9847533702850342	0.013470408506691456	0.0017762212082743645	0.9606286287307739	0.036576200276613235	0.0027951193042099476
145	0.9667728543281555	0.031403928995132446	0.0018232192378491163	0.9319992065429688	0.05779362469911575	0.01020714920014143
146	0.9878978133201599	0.010109460912644863	0.00199275859631598	0.9784919023513794	0.01850506104528904	0.003003037068992853
147	0.9904720783233643	0.008141198195517063	0.0013868033420294523	0.9946517944335938	0.004315060097724199	0.0010331532685086131
148	0.9884648323059082	0.010198205709457397	0.001336973742581904	0.9892059564590454	0.009690608829259872	0.0011034583440050483
149	0.9867551922798157	0.01066046766936779	0.0025843714829534292	0.9856513738632202	0.01147290226072073	0.002875627251341939
150	0.9863605499267578	0.009651383385062218	0.003988092765212059	0.9864038228988647	0.008929016068577766	0.004667170811444521
151	0.9851890802383423	0.013216833584010601	0.0015940135344862938	0.978232204914093	0.020931439474225044	0.0008363688830286264
152	0.9894028902053833	0.009542587213218212	0.0010545294499024749	0.9889833331108093	0.009966719895601273	0.0010499692289158702
153	0.9834555983543396	0.014217172749340534	0.0023271420504897833	0.9809491038322449	0.016973866149783134	0.0020770097617059946
154	0.39137983322143555	0.1360170692205429	0.47260305285453796	0.45760729908943176	0.09539982676506042	0.4469929337501526
155	0.9799249172210693	0.018360786139965057	0.0017143163131549954	0.9834842085838318	0.015247971750795841	0.0012678186176344752
156	0.9801795482635498	0.01851147785782814	0.0013088928535580635	0.982837438583374	0.015584825538098812	0.0015777108492329717
157	0.9889361262321472	0.009729292243719101	0.0013346613850444555	0.9901166558265686	0.008422276936471462	0.0014611025108024478
158	0.9663973450660706	0.030391957610845566	0.003210686147212982	0.47570347785949707	0.5140259861946106	0.010270597413182259
159	0.9923399686813354	0.006816893815994263	0.0008431386086158454	0.9762529730796814	0.02300293743610382	0.0007441683555953205
160	0.9898514747619629	0.007143230177462101	0.0030053837690502405	0.9874804615974426	0.007904828526079655	0.0046147494576871395
161	0.979933500289917	0.018626512959599495	0.0014399995561689138	0.6233745813369751	0.3742763102054596	0.0023490700405091047
162	0.976840615272522	0.013793867081403732	0.009365509264171124	0.9461788535118103	0.023257246240973473	0.030563799664378166
163	0.9886273741722107	0.008331411518156528	0.0030412424821406603	0.9882932901382446	0.008169414475560188	0.0035372821148484945
164	0.9808354377746582	0.014582703821361065	0.004581794608384371	0.986221194267273	0.011150411330163479	0.0026284409686923027
165	0.9435776472091675	0.05479644238948822	0.0016258980613201857	0.4934406280517578	0.5025377869606018	0.004021639935672283
166	0.9442254304885864	0.04792069271206856	0.00785392988473177	0.5639773607254028	0.12901867926120758	0.3070039451122284
167	0.9760161638259888	0.019795941188931465	0.004187934100627899	0.9852986335754395	0.00996716134250164	0.004734213929623365
168	0.727885365486145	0.01759631559252739	0.2545182704925537	0.21782536804676056	0.04311489313840866	0.7390598058700562
169	0.9597926735877991	0.02611306682229042	0.014094192534685135	0.9347519278526306	0.04289688542485237	0.02235121838748455
170	0.9866466522216797	0.011536452919244766	0.0018168307142332196	0.9843003153800964	0.014066518284380436	0.001633057720027864
171	0.9824389219284058	0.007653708104044199	0.00990728847682476	0.9815160036087036	0.008222847245633602	0.010261199437081814
172	0.991121768951416	0.007462847977876663	0.0014153308002278209	0.9902143478393555	0.008402377367019653	0.001383210183121264
173	0.9895734190940857	0.0077245235443115234	0.002702044090256095	0.990408182144165	0.007081068120896816	0.002510703168809414
174	0.989264965057373	0.008733687922358513	0.002001224085688591	0.9900705218315125	0.008147826418280602	0.0017817605985328555
175	0.9920946955680847	0.006079652346670628	0.0018257098272442818	0.9559008479118347	0.041264474391937256	0.0028346574399620295
176	0.9799724221229553	0.017231369391083717	0.002796236192807555	0.9862122535705566	0.012031379155814648	0.0017563141882419586
177	0.9877498745918274	0.008643489331007004	0.003606640500947833	0.9862609505653381	0.010499623604118824	0.003239413257688284
178	0.9861039519309998	0.011711540631949902	0.0021844387520104647	0.9817471504211426	0.013902440667152405	0.004350431263446808
179	0.9861648082733154	0.008919807150959969	0.004915381781756878	0.9877199530601501	0.00775702903047204	0.004522917326539755
180	0.985650360584259	0.012242448516190052	0.0021072090603411198	0.9720714092254639	0.016866112127900124	0.011062515899538994
181	0.9307642579078674	0.06753472983837128	0.0017009613802656531	0.9689469933509827	0.029548238962888718	0.0015048806089907885
182	0.8355727195739746	0.1191752552986145	0.045252036303281784	0.9270477890968323	0.046697769314050674	0.02625434845685959
183	0.9894319772720337	0.008311574347317219	0.002256440231576562	0.985968828201294	0.011075622402131557	0.002955538919195533
184	0.9895083904266357	0.008223054930567741	0.002268607495352626	0.9897151589393616	0.007968348450958729	0.0023164714220911264
185	0.9573094844818115	0.039736613631248474	0.002953889546915889	0.9036900997161865	0.08973626047372818	0.006573704537004232
186	0.9843413233757019	0.012370985001325607	0.0032877293415367603	0.9860678315162659	0.010621927678585052	0.0033102892339229584
187	0.9023442268371582	0.04398101195693016	0.053674694150686264	0.9254525303840637	0.03776714578270912	0.03678033873438835
188	0.9863296151161194	0.010613693855702877	0.003056739456951618	0.9649403095245361	0.024569349363446236	0.010490342043340206
189	0.9862827658653259	0.01210632361471653	0.0016108263516798615	0.9887732863426208	0.009917126037180424	0.0013097012415528297
190	0.9915545582771301	0.007078579626977444	0.0013668537139892578	0.9921618103981018	0.006506482604891062	0.0013317106058821082
191	0.9859720468521118	0.013025161810219288	0.0010026780655607581	0.9842017292976379	0.014889572747051716	0.0009087432408705354
192	0.9865473508834839	0.010426223278045654	0.0030264086090028286	0.9903358221054077	0.007409307640045881	0.0022549505811184645
193	0.9909098744392395	0.007290797308087349	0.0017992373323068023	0.9870462417602539	0.010848503559827805	0.0021052437368780375
194	0.9887136816978455	0.008363859727978706	0.0029224478639662266	0.9884287714958191	0.008702163584530354	0.002869006711989641
195	0.6789196729660034	0.19033721089363098	0.1307430863380432	0.847863495349884	0.09255935996770859	0.05957714095711708
196	0.8627775311470032	0.07141444087028503	0.0658080130815506	0.8218451738357544	0.09791181981563568	0.08024303615093231
197	0.9093427062034607	0.06273423135280609	0.02792312577366829	0.7290327548980713	0.07525390386581421	0.1957133561372757
198	0.9891270995140076	0.008070402778685093	0.0028024890925735235	0.9887925982475281	0.009189159609377384	0.0020182488951832056
199	0.9842910766601562	0.008566622622311115	0.007142290938645601	0.982702374458313	0.013186492025852203	0.004111212678253651
