0	0.2554529011249542	0.3603590726852417	0.3841879963874817	0.8588306903839111	0.09919516742229462	0.04197419434785843
1	0.3124569058418274	0.2727527916431427	0.4147903025150299	0.6245948672294617	0.14776696264743805	0.22763817012310028
2	0.052376482635736465	0.06529193371534348	0.8823316097259521	0.15293164551258087	0.1645241677761078	0.6825441718101501
3	0.244609072804451	0.3641723394393921	0.3912185728549957	0.1860966980457306	0.26998528838157654	0.5439180135726929
4	0.0038694837130606174	0.00906949769705534	0.9870610237121582	0.010919833555817604	0.02923012711107731	0.959850013256073
5	0.18055208027362823	0.7653176188468933	0.05413038656115532	0.5677416920661926	0.39565762877464294	0.03660067170858383
6	0.7697092890739441	0.12790903449058533	0.10238170623779297	0.5676780939102173	0.10632864385843277	0.32599326968193054
7	0.12280528992414474	0.19036485254764557	0.6868298649787903	0.3949974477291107	0.28655433654785156	0.3184482157230377
8	0.08081468194723129	0.9036316871643066	0.015553617849946022	0.5238986015319824	0.44809648394584656	0.028005000203847885
9	0.0209035761654377	0.16266602277755737	0.8164304494857788	0.3557819724082947	0.20414505898952484	0.4400729537010193
10	0.1965913027524948	0.25049981474876404	0.5529088377952576	0.6750940680503845	0.15307705104351044	0.17182888090610504
11	0.4611237943172455	0.5120939016342163	0.026782292872667313	0.17437857389450073	0.8068808913230896	0.018740514293313026
12	0.16342179477214813	0.4272129237651825	0.40936529636383057	0.521761417388916	0.2856546938419342	0.19258391857147217
13	0.10053819417953491	0.6994443535804749	0.20001745223999023	0.6607131361961365	0.21413928270339966	0.12514764070510864
14	0.0865277647972107	0.25542041659355164	0.6580518484115601	0.31475427746772766	0.30141305923461914	0.3838326036930084
15	0.4081336557865143	0.485209584236145	0.1066567674279213	0.5208107233047485	0.33289092779159546	0.1462983787059784
16	0.033087559044361115	0.43479815125465393	0.5321142673492432	0.2145593911409378	0.3996366262435913	0.3858039379119873
17	0.6716589331626892	0.2342909276485443	0.0940500944852829	0.1516013741493225	0.8327078223228455	0.015690745785832405
18	0.24347008764743805	0.7429550886154175	0.013574820011854172	0.5649726986885071	0.4113348722457886	0.023692425340414047
19	0.23983082175254822	0.29228293895721436	0.4678862392902374	0.32706356048583984	0.5154986381530762	0.1574377715587616
20	0.29699385166168213	0.4405492842197418	0.26245683431625366	0.7776533365249634	0.14500832557678223	0.07733838260173798
21	0.09194914251565933	0.19555068016052246	0.7125001549720764	0.6112616062164307	0.16910268366336823	0.21963563561439514
22	0.13409480452537537	0.3729570209980011	0.49294814467430115	0.23124529421329498	0.4882369637489319	0.28051772713661194
23	0.05200239643454552	0.8910248875617981	0.05697271227836609	0.8624362945556641	0.09742879122495651	0.040134888142347336
24	0.5881243944168091	0.14176557958126068	0.27010995149612427	0.9125487208366394	0.05759739130735397	0.02985391579568386
25	0.4197569787502289	0.34396812319755554	0.23627489805221558	0.7222860455513	0.16999472677707672	0.10771913826465607
26	0.024376902729272842	0.8924497365951538	0.08317336440086365	0.926895797252655	0.05661851912736893	0.0164856668561697
27	0.5132657289505005	0.4737483859062195	0.012985968962311745	0.9055885672569275	0.09008730947971344	0.004324131645262241
28	0.340763658285141	0.6513223648071289	0.007913985289633274	0.9151274561882019	0.072651706635952	0.01222090795636177
29	0.1468864530324936	0.43198123574256897	0.42113232612609863	0.5734688639640808	0.35153430700302124	0.07499683648347855
30	0.29982253909111023	0.4239954650402069	0.27618205547332764	0.5119439363479614	0.41086000204086304	0.07719606906175613
31	0.10240011662244797	0.587470293045044	0.31012964248657227	0.0665728747844696	0.9161281585693359	0.017298998311161995
32	0.9423850178718567	0.052552640438079834	0.005062316544353962	0.9262800812721252	0.06764191389083862	0.006077989935874939
33	0.1754598170518875	0.4946848154067993	0.329855352640152	0.5876432061195374	0.10890637338161469	0.30345040559768677
34	0.2178170531988144	0.7781887054443359	0.003994278144091368	0.9612254500389099	0.036893002688884735	0.0018815662479028106
35	0.030393874272704124	0.9357438087463379	0.033862318843603134	0.5758207440376282	0.22342802584171295	0.20075124502182007
36	0.7715770602226257	0.1591409295797348	0.06928201764822006	0.9676266312599182	0.022880790755152702	0.009492526762187481
37	0.92220538854599	0.07217852026224136	0.005616003647446632	0.9811803102493286	0.015196236781775951	0.0036234320141375065
38	0.08035141974687576	0.2896897792816162	0.6299588084220886	0.6618624925613403	0.09992744028568268	0.2382100522518158
39	0.19827091693878174	0.7326316237449646	0.06909739971160889	0.4532596170902252	0.520771324634552	0.025969089940190315
40	0.3076929450035095	0.5538391470909119	0.1384679228067398	0.31564632058143616	0.6310545206069946	0.0532991923391819
41	0.28734079003334045	0.29458150267601013	0.418077677488327	0.7914146780967712	0.09319029003381729	0.11539506912231445
42	0.2754178047180176	0.6394199728965759	0.08516225218772888	0.9620549082756042	0.031322773545980453	0.006622298154979944
43	0.024946026504039764	0.09733626991510391	0.8777177333831787	0.011698865331709385	0.04877283424139023	0.9395283460617065
44	0.3917909860610962	0.37263232469558716	0.23557667434215546	0.8502773642539978	0.13023963570594788	0.019482959061861038
45	0.41086965799331665	0.5084011554718018	0.08072923868894577	0.7570250034332275	0.23675446212291718	0.006220558658242226
46	0.3598465919494629	0.5416898727416992	0.09846346080303192	0.5695976614952087	0.07123103737831116	0.3591713011264801
47	0.5353906154632568	0.3920774757862091	0.07253192365169525	0.9316056966781616	0.055852700024843216	0.012541528791189194
48	0.04144993796944618	0.9391722083091736	0.019377928227186203	0.9197017550468445	0.07727736979722977	0.0030208155512809753
49	0.22651375830173492	0.21714907884597778	0.5563371777534485	0.7215986847877502	0.16260050237178802	0.11580080538988113
50	0.05796021595597267	0.9342846274375916	0.007755151484161615	0.9738788604736328	0.02273423783481121	0.0033867990132421255
51	0.3307880461215973	0.4963833689689636	0.1728285402059555	0.901541531085968	0.0706821084022522	0.027776353061199188
52	0.19917884469032288	0.3145056962966919	0.48631539940834045	0.5832736492156982	0.15350186824798584	0.2632245421409607
53	0.2326943725347519	0.32893362641334534	0.43837201595306396	0.9764015078544617	0.019875764846801758	0.003722682362422347
54	0.561435878276825	0.15011727809906006	0.2884468138217926	0.4260786771774292	0.19682593643665314	0.37709543108940125
55	0.4636979401111603	0.4143308401107788	0.1219712495803833	0.32541242241859436	0.2607654333114624	0.413822203874588
56	0.15162837505340576	0.8383684158325195	0.0100032277405262	0.879393994808197	0.07286539673805237	0.04774060845375061
57	0.14906790852546692	0.345232218503952	0.505699872970581	0.34695374965667725	0.34647437930107117	0.306571900844574
58	0.15069466829299927	0.593547523021698	0.25575777888298035	0.7819711565971375	0.13424645364284515	0.08378239721059799
59	0.4354925751686096	0.32357916235923767	0.24092823266983032	0.5188043713569641	0.4034585952758789	0.07773704081773758
60	0.26994788646698	0.22293759882450104	0.507114589214325	0.1683601289987564	0.5431824922561646	0.28845739364624023
61	0.2569206953048706	0.570353627204895	0.17272572219371796	0.6560485363006592	0.19699780642986298	0.14695364236831665
62	0.22905278205871582	0.5514469146728516	0.2195003181695938	0.6785462498664856	0.169471874833107	0.15198186039924622
63	0.4298017621040344	0.24265654385089874	0.32754164934158325	0.6402996778488159	0.10211572796106339	0.2575846016407013
64	0.48070451617240906	0.2601684331893921	0.25912708044052124	0.46241500973701477	0.2438267469406128	0.2937582731246948
65	0.09755215048789978	0.1039004847407341	0.7985473871231079	0.179255872964859	0.634172260761261	0.18657183647155762
66	0.23746685683727264	0.10373836755752563	0.6587948203086853	0.5389878153800964	0.11732751131057739	0.3436846435070038
67	0.4023665189743042	0.3748094439506531	0.2228240966796875	0.8728353977203369	0.07295174151659012	0.05421289801597595
68	0.2124483287334442	0.7109812498092651	0.07657043635845184	0.1362035721540451	0.8521514534950256	0.011644890531897545
69	0.6774960160255432	0.13817089796066284	0.18433304131031036	0.7533552050590515	0.15580187737941742	0.09084295481443405
70	0.1113865002989769	0.8697198629379272	0.0188936498016119	0.9380711913108826	0.0517854243516922	0.01014335360378027
71	0.23447802662849426	0.5083158016204834	0.25720614194869995	0.5129210352897644	0.42235875129699707	0.06472018361091614
72	0.0860552042722702	0.343268483877182	0.570676326751709	0.1815883219242096	0.5659663081169128	0.25244536995887756
73	0.2767934203147888	0.6815764307975769	0.04163018986582756	0.015067751519382	0.9417529702186584	0.04317925125360489
74	0.4831998944282532	0.4589148163795471	0.05788533389568329	0.4063425362110138	0.5442764759063721	0.04938102141022682
75	0.16028283536434174	0.7830411791801453	0.05667605251073837	0.5668663382530212	0.2909466326236725	0.1421869844198227
76	0.025833990424871445	0.07075168937444687	0.903414249420166	0.07311525195837021	0.05132889747619629	0.8755558729171753
77	0.7758738398551941	0.17242184281349182	0.05170435085892677	0.9157389998435974	0.08039406687021255	0.003866933984681964
78	0.9133089780807495	0.08425687998533249	0.0024341028183698654	0.9884389042854309	0.010095584206283092	0.0014655350241810083
79	0.6412920355796814	0.32857412099838257	0.030133841559290886	0.9460786581039429	0.03971312567591667	0.014208166860044003
80	0.9383823275566101	0.05831483006477356	0.0033028172329068184	0.9766638875007629	0.019174015149474144	0.004162168130278587
81	0.1468636691570282	0.8031999468803406	0.04993636533617973	0.9172729849815369	0.07023473083972931	0.012492340058088303
82	0.44980964064598083	0.4637596607208252	0.08643075078725815	0.7044718265533447	0.25592467188835144	0.03960353136062622
83	0.9102315902709961	0.08445294201374054	0.00531545327976346	0.9868832230567932	0.011268840171396732	0.0018479889258742332
84	0.27145418524742126	0.5766997337341309	0.15184612572193146	0.5261790752410889	0.38149508833885193	0.09232582151889801
85	0.005545520223677158	0.18644163012504578	0.8080127835273743	0.015986645594239235	0.4517641067504883	0.5322492718696594
86	0.5506963729858398	0.27725520730018616	0.1720484495162964	0.2763568162918091	0.6833835244178772	0.04025968909263611
87	0.05025067552924156	0.18950584530830383	0.7602434158325195	0.1784730702638626	0.4645344614982605	0.3569925129413605
88	0.8190387487411499	0.15390914678573608	0.02705209329724312	0.8357779383659363	0.038689807057380676	0.12553222477436066
89	0.5267409086227417	0.33126401901245117	0.1419951468706131	0.9268952012062073	0.06815646588802338	0.00494833430275321
90	0.012983127497136593	0.18303510546684265	0.8039818406105042	0.12112594395875931	0.21694675087928772	0.6619272828102112
91	0.37440404295921326	0.5593448877334595	0.06625112146139145	0.5919581651687622	0.3597288131713867	0.04831302911043167
92	0.11016914248466492	0.8821185827255249	0.007712318561971188	0.918425440788269	0.07956259697675705	0.002011846750974655
93	0.004115054849535227	0.04249421879649162	0.9533906579017639	0.02056223526597023	0.11770684272050858	0.8617309927940369
94	0.5966491103172302	0.4003012478351593	0.003049681894481182	0.9089236259460449	0.08619951456785202	0.004876818973571062
95	0.12542366981506348	0.32281574606895447	0.5517605543136597	0.4979006350040436	0.21802787482738495	0.2840714752674103
96	0.4537702798843384	0.2490011602640152	0.29722860455513	0.4355165958404541	0.2541898787021637	0.3102935254573822
97	0.03415442258119583	0.6775396466255188	0.28830599784851074	0.6137382984161377	0.14606185257434845	0.24019992351531982
98	0.7007377743721008	0.22364290058612823	0.07561933994293213	0.9815467596054077	0.014915354549884796	0.0035378572065383196
99	0.1187262013554573	0.5647234916687012	0.31655028462409973	0.07168491184711456	0.6806342601776123	0.2476808875799179
100	0.1904442310333252	0.39698269963264465	0.41257309913635254	0.32670480012893677	0.497591108083725	0.17570412158966064
101	0.30911019444465637	0.1930650919675827	0.49782463908195496	0.7769466042518616	0.07906550168991089	0.14398780465126038
102	0.8125392198562622	0.16639520227909088	0.021065635606646538	0.9653563499450684	0.029998306185007095	0.004645247012376785
103	0.14621752500534058	0.14209555089473724	0.711686909198761	0.08987097442150116	0.18951265513896942	0.7206162810325623
104	0.7377480268478394	0.23341333866119385	0.028838710859417915	0.9790213108062744	0.017875850200653076	0.003102802438661456
105	0.5590419173240662	0.3806335926055908	0.060324497520923615	0.7544465065002441	0.23814553022384644	0.007407970726490021
106	0.8862042427062988	0.1081683561205864	0.00562738673761487	0.9901276230812073	0.008229400962591171	0.0016429295064881444
107	0.5474069714546204	0.3643040359020233	0.0882890522480011	0.8959035277366638	0.06733735650777817	0.03675919771194458
108	0.5709385275840759	0.2989974915981293	0.1300639510154724	0.9594202041625977	0.03150324895977974	0.009076558984816074
109	0.8415481448173523	0.15017332136631012	0.008278561756014824	0.736598789691925	0.22650094330310822	0.03690022602677345
110	0.03799379616975784	0.15761038661003113	0.8043957948684692	0.14957143366336823	0.2911641299724579	0.5592644810676575
111	0.5694727301597595	0.4085642397403717	0.021963048726320267	0.900424063205719	0.08814481645822525	0.011431177146732807
112	0.029148448258638382	0.5580292344093323	0.41282227635383606	0.38338741660118103	0.35712549090385437	0.2594870626926422
113	0.038040537387132645	0.9463902115821838	0.015569133684039116	0.5655788779258728	0.33633437752723694	0.09808681160211563
114	0.3941352069377899	0.33261236548423767	0.2732524275779724	0.5492226481437683	0.37823137640953064	0.07254590094089508
115	0.43016698956489563	0.19943174719810486	0.3704013228416443	0.21574285626411438	0.7316680550575256	0.052589043974876404
116	0.5649887323379517	0.24347616732120514	0.19153505563735962	0.821994960308075	0.12480752915143967	0.053197529166936874
117	0.8841005563735962	0.10932043939828873	0.006578905042260885	0.9658366441726685	0.03117678314447403	0.0029865799006074667
118	0.03431764245033264	0.8000857830047607	0.16559664905071259	0.45794397592544556	0.5029658079147339	0.03909018635749817
119	0.9142167568206787	0.07858803868293762	0.007195217069238424	0.9661620259284973	0.03120790794491768	0.002630022354424
120	0.04815586283802986	0.9476679563522339	0.0041761938482522964	0.9267895817756653	0.06424817442893982	0.008962173014879227
121	0.6706426739692688	0.23094622790813446	0.09841104596853256	0.7103537917137146	0.029533039778470993	0.2601131200790405
122	0.07132163643836975	0.9253771901130676	0.003301173448562622	0.9803425669670105	0.013607683591544628	0.006049855146557093
123	0.4382544755935669	0.1853630691766739	0.37638241052627563	0.3549129366874695	0.2800939381122589	0.3649930953979492
124	0.020164741203188896	0.2155519723892212	0.7642832398414612	0.018346667289733887	0.40347233414649963	0.5781809687614441
125	0.7573422789573669	0.182930126786232	0.05972752347588539	0.9465959072113037	0.018375884741544724	0.035028211772441864
126	0.9307966232299805	0.057872023433446884	0.011331363581120968	0.9902200102806091	0.007638396695256233	0.0021416519302874804
127	0.36264151334762573	0.2129579782485962	0.42440056800842285	0.43541523814201355	0.46195995807647705	0.1026248037815094
128	0.5412821173667908	0.343225359916687	0.11549253016710281	0.2015337347984314	0.7898078560829163	0.008658332750201225
129	0.3224759101867676	0.43081384897232056	0.24671025574207306	0.09721478819847107	0.8978416323661804	0.004943531006574631
130	0.02956124022603035	0.9604512453079224	0.00998753122985363	0.7091278433799744	0.2575598657131195	0.033312343060970306
131	0.07028169184923172	0.84043949842453	0.08927880972623825	0.42917436361312866	0.2750363051891327	0.29578927159309387
132	0.05194218456745148	0.9397348761558533	0.008323032408952713	0.8866698741912842	0.09561649709939957	0.017713630571961403
133	0.5988311171531677	0.28915902972221375	0.11200983077287674	0.9130050539970398	0.05976605415344238	0.02722897380590439
134	0.14649613201618195	0.1667361855506897	0.6867676377296448	0.5671820044517517	0.11560866236686707	0.317209392786026
135	0.424153596162796	0.5727682113647461	0.0030782450921833515	0.7831302285194397	0.213466614484787	0.0034032112453132868
136	0.4676465392112732	0.1883649080991745	0.3439885973930359	0.8761910200119019	0.054434049874544144	0.06937497109174728
137	0.07960210740566254	0.2039274126291275	0.7164705395698547	0.360710084438324	0.18673798441886902	0.4525519013404846
138	0.15547898411750793	0.26893943548202515	0.5755815505981445	0.8848690390586853	0.04907757788896561	0.06605338305234909
139	0.2639986574649811	0.6773712635040283	0.05863003805279732	0.9785171151161194	0.015202397480607033	0.006280478555709124
140	0.08430897444486618	0.5820246934890747	0.33366626501083374	0.4121335744857788	0.38261470198631287	0.2052517533302307
141	0.09226267039775848	0.21936824917793274	0.68836909532547	0.22192443907260895	0.3469488322734833	0.43112674355506897
142	0.17785441875457764	0.4233786463737488	0.39876696467399597	0.5399431586265564	0.3873218894004822	0.07273496687412262
143	0.7047498226165771	0.20403681695461273	0.0912134051322937	0.6944717764854431	0.18814069032669067	0.11738752573728561
144	0.38189786672592163	0.5040987730026245	0.11400332301855087	0.6490493416786194	0.3177725374698639	0.033178187906742096
145	0.0867084190249443	0.23211552202701569	0.6811760663986206	0.333904504776001	0.29047995805740356	0.3756154775619507
146	0.1588594615459442	0.3031694293022156	0.5379710793495178	0.6412387490272522	0.1489463746547699	0.2098148614168167
147	0.6973957419395447	0.22688767313957214	0.07571657001972198	0.738494336605072	0.09387433528900146	0.1676313430070877
148	0.039482083171606064	0.9230548739433289	0.03746308758854866	0.29038864374160767	0.5338148474693298	0.1757965385913849
149	0.1144927516579628	0.155403271317482	0.7301039695739746	0.08393631130456924	0.05952344462275505	0.856540322303772
150	0.08393892645835876	0.8886594176292419	0.027401680126786232	0.9213297367095947	0.07488209009170532	0.0037881964817643166
151	0.30208107829093933	0.30628517270088196	0.3916337490081787	0.02252725511789322	0.9701269268989563	0.007345875725150108
152	0.4580267667770386	0.33698326349258423	0.2049899697303772	0.9356619715690613	0.05468294769525528	0.00965513102710247
153	0.5288983583450317	0.3039843738079071	0.16711729764938354	0.9261823892593384	0.05742098391056061	0.01639661006629467
154	0.8399227261543274	0.15493257343769073	0.005144723225384951	0.9858472943305969	0.012181038036942482	0.0019717055838555098
155	0.3431065082550049	0.6425797939300537	0.014313786290585995	0.7071541547775269	0.2873292565345764	0.005516568198800087
156	0.026551436632871628	0.9507225155830383	0.022726036608219147	0.7956128716468811	0.195410817861557	0.008976224809885025
157	0.006093543954193592	0.14912469685077667	0.8447818160057068	0.12437935918569565	0.25427311658859253	0.6213475465774536
158	0.20594587922096252	0.17102105915546417	0.6230330467224121	0.08577855676412582	0.623340904712677	0.2908805310726166
159	0.02055252343416214	0.052362944930791855	0.9270845651626587	0.034331806004047394	0.04239850118756294	0.9232696890830994
160	0.07137855887413025	0.8500860333442688	0.07853545993566513	0.10443607717752457	0.4993489384651184	0.3962149918079376
161	0.627190351486206	0.20127925276756287	0.1715303212404251	0.5613992214202881	0.38774052262306213	0.050860267132520676
162	0.3827913701534271	0.6110374331474304	0.006171220447868109	0.2933844029903412	0.7017702460289001	0.004845330026000738
163	0.3097931742668152	0.6698235869407654	0.02038322389125824	0.9688721895217896	0.023865526542067528	0.007262346334755421
164	0.7160524725914001	0.18730294704437256	0.09664454311132431	0.0650896281003952	0.9268025755882263	0.008107788860797882
165	0.034702230244874954	0.5042409300804138	0.46105682849884033	0.5023357272148132	0.1905232071876526	0.30714112520217896
166	0.0846567377448082	0.2744971215724945	0.6408461332321167	0.09846944361925125	0.3054170310497284	0.5961135029792786
167	0.26068535447120667	0.3230156898498535	0.4162989556789398	0.3669969439506531	0.4412909746170044	0.19171211123466492
168	0.9831007719039917	0.013633429072797298	0.003265906358137727	0.97988361120224	0.016227830201387405	0.0038885518442839384
169	0.06289448589086533	0.44937917590141296	0.4877263307571411	0.1629495769739151	0.40777137875556946	0.42927899956703186
170	0.09482619911432266	0.8862398862838745	0.018933871760964394	0.6131694912910461	0.09776699542999268	0.28906354308128357
171	0.09823279082775116	0.2134227752685547	0.6883443593978882	0.2731912434101105	0.22758623957633972	0.4992225468158722
172	0.5676898956298828	0.23705168068408966	0.19525836408138275	0.5775448679924011	0.3643127381801605	0.05814238265156746
173	0.45696213841438293	0.5331441760063171	0.009893693029880524	0.985323965549469	0.011744706891477108	0.00293130986392498
174	0.256699800491333	0.30916526913642883	0.43413493037223816	0.3873435854911804	0.14699411392211914	0.4656623303890228
175	0.9164520502090454	0.07568717002868652	0.007860786281526089	0.8270328044891357	0.16857551038265228	0.004391707479953766
176	0.3701775074005127	0.49991482496261597	0.12990760803222656	0.9795098900794983	0.015931539237499237	0.004558615852147341
177	0.0550217367708683	0.7951679229736328	0.1498103141784668	0.250965416431427	0.6472704410552979	0.10176417976617813
178	0.03297898918390274	0.10426871478557587	0.8627523183822632	0.041955143213272095	0.0836179107427597	0.8744269609451294
179	0.4265265166759491	0.34849831461906433	0.22497515380382538	0.7585562467575073	0.19237303733825684	0.049070701003074646
180	0.054092589765787125	0.6564094424247742	0.289497971534729	0.19198662042617798	0.36097386479377747	0.4470394551753998
181	0.16239380836486816	0.2625119388103485	0.5750942826271057	0.1634020209312439	0.3693564534187317	0.4672415554523468
182	0.08147124201059341	0.8708177208900452	0.04771112650632858	0.6146485805511475	0.17122675478458405	0.2141246646642685
183	0.12691593170166016	0.8699579834938049	0.0031261190306395292	0.939829409122467	0.048175666481256485	0.011994920670986176
184	0.1722993701696396	0.1896754950284958	0.638025164604187	0.25637370347976685	0.5582911372184753	0.18533514440059662
185	0.08681146800518036	0.3553764224052429	0.5578121542930603	0.31886255741119385	0.3561679422855377	0.32496947050094604
186	0.3836941123008728	0.2507866322994232	0.3655192255973816	0.9071071743965149	0.05210002139210701	0.04079277440905571
187	0.3822506368160248	0.3150959312915802	0.30265337228775024	0.6575683951377869	0.20981155335903168	0.13262006640434265
188	0.14653439819812775	0.7828243374824524	0.07064125686883926	0.14857712388038635	0.7692744135856628	0.08214852213859558
189	0.14246094226837158	0.7870740294456482	0.07046502083539963	0.44710856676101685	0.4216601550579071	0.13123124837875366
190	0.5663051009178162	0.2768125534057617	0.15688233077526093	0.7349522709846497	0.16372668743133545	0.1013210266828537
191	0.0066737583838403225	0.9259536862373352	0.06737259030342102	0.08610841631889343	0.8855351209640503	0.028356410562992096
192	0.44398733973503113	0.45061105489730835	0.10540162026882172	0.6503244638442993	0.15988145768642426	0.18979404866695404
193	0.06437941640615463	0.21403901278972626	0.7215815782546997	0.5379104614257812	0.14616812765598297	0.31592148542404175
194	0.1873025894165039	0.21086342632770538	0.6018339395523071	0.4728259742259979	0.19578002393245697	0.3313940167427063
195	0.06697266548871994	0.9284756183624268	0.004551732912659645	0.9210888147354126	0.07603175938129425	0.0028794582467526197
196	0.2299085110425949	0.6366801261901855	0.13341130316257477	0.44024351239204407	0.11629984527826309	0.44345661997795105
197	0.3433975279331207	0.6416308283805847	0.014971696771681309	0.6619331240653992	0.3252195119857788	0.012847388163208961
198	0.7491019368171692	0.23777484893798828	0.01312324684113264	0.9854008555412292	0.010891763493418694	0.0037074063438922167
199	0.6621546149253845	0.27510130405426025	0.062744140625	0.9368561506271362	0.04323756694793701	0.019906293600797653
