0	0.0005837497301399708	0.002548841293901205	0.9968673586845398	0.00020307733211666346	0.0012408844195306301	0.9985560774803162
1	0.0009942942997440696	0.0031041770707815886	0.9959015250205994	0.001945577678270638	0.0029788068495690823	0.9950756430625916
2	0.0009306293213739991	0.0012708057183772326	0.997798502445221	0.0009371592896059155	0.0015137487789615989	0.9975491166114807
3	0.018429504707455635	0.007563125807791948	0.9740073084831238	0.07004744559526443	0.014281519688665867	0.9156710505485535
4	0.00044109817827120423	0.0019530410645529628	0.9976058006286621	0.006795789115130901	0.011313888244330883	0.9818903207778931
5	0.010103105567395687	0.005902096629142761	0.9839948415756226	0.011613002978265285	0.009529829025268555	0.978857159614563
6	0.0005920624826103449	0.002141042845323682	0.9972668886184692	0.0004583300615195185	0.002113612834364176	0.9974279999732971
7	0.0040661972016096115	0.006065347697585821	0.9898685216903687	0.0024412604980170727	0.005162025336176157	0.9923966526985168
8	0.0005851825699210167	0.00197672750800848	0.9974380731582642	0.003434500889852643	0.0035237472038716078	0.9930417537689209
9	0.0017998983385041356	0.0024212473072111607	0.9957787990570068	0.0015130785759538412	0.002097035525366664	0.9963898062705994
10	0.05293705314397812	0.031503383070230484	0.9155595898628235	0.15480265021324158	0.0557074174284935	0.7894898653030396
11	0.00011148757766932249	0.0009213453740812838	0.998967170715332	0.00022570471628569067	0.001335994922555983	0.99843829870224
12	0.0006553565035574138	0.002931911265477538	0.9964126944541931	0.0012271340237930417	0.0055754464119672775	0.9931974411010742
13	0.00011703596101142466	0.0007325991173274815	0.9991503953933716	0.00010860885959118605	0.0005306863458827138	0.9993607401847839
14	0.006589622236788273	0.013326181098818779	0.9800841808319092	0.022090623155236244	0.01568668521940708	0.9622226357460022
15	0.006845570635050535	0.006343377288430929	0.9868109822273254	0.021791672334074974	0.011242372915148735	0.9669660329818726
16	0.002027045004069805	0.003040837123990059	0.9949321150779724	0.025219587609171867	0.009159507229924202	0.9656209349632263
17	0.00019626952416729182	0.001770589966326952	0.9980331063270569	0.00025298920809291303	0.0015383393038064241	0.9982086420059204
18	0.0020936764776706696	0.0016387293580919504	0.9962676167488098	0.0010184994898736477	0.0008393860189244151	0.9981421232223511
19	0.00018961245950777084	0.0012934497790411115	0.9985169768333435	0.0009287894354201853	0.011121726594865322	0.9879494905471802
20	0.008635410107672215	0.0147564010694623	0.976608157157898	0.003151853336021304	0.011904611252248287	0.9849435091018677
21	0.007365657016634941	0.006131570786237717	0.9865027666091919	0.012713202275335789	0.01357047725468874	0.9737163186073303
22	0.0002425686689093709	0.001066361553966999	0.9986911416053772	0.00015762544353492558	0.0006707104039378464	0.9991717338562012
23	0.00825740210711956	0.0040752217173576355	0.987667441368103	0.009556331671774387	0.0072359624318778515	0.9832077026367188
24	0.009146617725491524	0.012743053026497364	0.9781103730201721	0.029628587886691093	0.051827821880578995	0.9185435175895691
25	0.014677032828330994	0.021823979914188385	0.9634990096092224	0.18995355069637299	0.043617092072963715	0.7664293646812439
26	0.06284153461456299	0.03528125584125519	0.901877224445343	0.06635814905166626	0.024817124009132385	0.9088247418403625
27	0.008375771343708038	0.005097776651382446	0.9865264296531677	0.04984070733189583	0.015846459195017815	0.9343128204345703
28	0.0021602571941912174	0.002949437126517296	0.9948903322219849	0.004250120371580124	0.0038594058714807034	0.9918904304504395
29	0.0003396949905436486	0.001001641619950533	0.9986586570739746	0.00028660878888331354	0.0006551087135449052	0.9990583062171936
30	0.6438561081886292	0.036199744790792465	0.3199441134929657	0.9334147572517395	0.03267739340662956	0.03390779718756676
31	0.0015919001307338476	0.0027533071115612984	0.995654821395874	0.0009689945727586746	0.002230779966339469	0.9968001842498779
32	0.004123352002352476	0.009752324782311916	0.9861243963241577	0.0006786714075133204	0.005255100317299366	0.9940662384033203
33	0.0002102142752846703	0.0025144254323095083	0.9972754120826721	0.0008656007121317089	0.005364779382944107	0.9937695860862732
34	0.0005860539386048913	0.0026618370320647955	0.996752142906189	0.0005578523850999773	0.0022621804382652044	0.9971799850463867
35	0.005626288242638111	0.0074791088700294495	0.9868946075439453	0.010617123916745186	0.014050664380192757	0.9753322005271912
36	0.030659953132271767	0.013966024853289127	0.955374002456665	0.01884615607559681	0.011182748712599277	0.9699711203575134
37	0.0016195253701880574	0.003454563906416297	0.994925856590271	0.009383264929056168	0.008630504831671715	0.9819862842559814
38	0.017191356047987938	0.00955244805663824	0.9732561707496643	0.31435269117355347	0.024898219853639603	0.6607490181922913
39	0.0004485866811592132	0.0032978735398501158	0.996253490447998	0.002175029367208481	0.005820946767926216	0.9920039772987366
40	0.006894304882735014	0.006922340951859951	0.9861834049224854	0.012236308306455612	0.007454308681190014	0.9803093671798706
41	0.00010321569425286725	0.0007934910245239735	0.999103307723999	0.0013979600043967366	0.003771629650145769	0.9948304295539856
42	0.0011501892004162073	0.0066818855702877045	0.9921678900718689	0.00206498964689672	0.009858210571110249	0.9880768060684204
43	0.0011282209306955338	0.002132937079295516	0.996738851070404	0.000702311226632446	0.0017848857678472996	0.9975128173828125
44	0.000179820490302518	0.0014639972941949964	0.9983561635017395	0.0003027414786629379	0.002566386479884386	0.9971309304237366
45	0.0019049320835620165	0.004138675518333912	0.9939563870429993	0.08460305631160736	0.02587047778069973	0.8895264267921448
46	0.0007819547317922115	0.00360483699478209	0.9956132173538208	0.00021179830946493894	0.0013595005730167031	0.9984286427497864
47	0.0182784516364336	0.009260003454983234	0.9724615812301636	0.012571773491799831	0.004378839861601591	0.9830493927001953
48	0.00028610328445211053	0.0018791862530633807	0.9978347420692444	0.0004523327515926212	0.0018302896060049534	0.9977173805236816
49	0.0003018068091478199	0.0029745365027338266	0.9967237114906311	0.0005775223253294826	0.001168649410828948	0.9982537627220154
50	0.0016437576850876212	0.0022034666035324335	0.9961526989936829	0.003646222408860922	0.004412459675222635	0.9919413328170776
51	0.014735582284629345	0.010926952585577965	0.9743374586105347	0.07247859239578247	0.01605144329369068	0.9114699363708496
52	0.0003994698927272111	0.0018619769252836704	0.9977385997772217	0.0008929301984608173	0.0024369589518755674	0.9966701865196228
53	0.0015245518879964948	0.012815305031836033	0.9856600761413574	0.013946985825896263	0.06485772877931595	0.9211953282356262
54	0.04404434934258461	0.012024711817502975	0.9439308643341064	0.9388949871063232	0.019007110968232155	0.04209788143634796
55	0.001497362507507205	0.0033401690889149904	0.9951625466346741	0.006094984244555235	0.00989130511879921	0.9840137362480164
56	0.001746120280586183	0.07637348026037216	0.9218803644180298	0.0044804648496210575	0.14124290645122528	0.8542766571044922
57	0.011914738453924656	0.0174019243568182	0.9706833958625793	0.041144564747810364	0.02361038513481617	0.9352450966835022
58	0.00676050316542387	0.012942791916429996	0.9802967309951782	0.09165405482053757	0.029704296961426735	0.878641664981842
59	0.025399338454008102	0.01594611071050167	0.9586545825004578	0.09534907341003418	0.030349230393767357	0.8743016719818115
60	0.00037675167550332844	0.0008149209897965193	0.9988083839416504	0.0024698448833078146	0.0030644768849015236	0.9944656491279602
61	0.008221148513257504	0.00436050770804286	0.9874184131622314	0.04699764773249626	0.01254280935972929	0.9404596090316772
62	0.145835742354393	0.026816757395863533	0.8273475170135498	0.5136559009552002	0.04157391935586929	0.4447701871395111
63	0.004189617931842804	0.008378792554140091	0.9874316453933716	0.022321436554193497	0.010497727431356907	0.9671808481216431
64	0.019378313794732094	0.030127443373203278	0.9504942893981934	0.04554726928472519	0.05648485943675041	0.8979678153991699
65	0.0002308593684574589	0.0011127378093078732	0.9986563920974731	0.0022183209657669067	0.004993731621652842	0.9927878975868225
66	0.0013833912089467049	0.0047097778879106045	0.9939067959785461	0.0019198526861146092	0.004338778089731932	0.9937413334846497
67	0.0003660840156953782	0.0015113450353965163	0.99812251329422	0.0010447489330545068	0.0020093948114663363	0.9969459176063538
68	0.00019055750453844666	0.001085646916180849	0.9987238049507141	0.0008576750406064093	0.00322925322689116	0.9959130883216858
69	0.0008980128332041204	0.0016001177718862891	0.9975019097328186	0.022243529558181763	0.007912937551736832	0.9698435068130493
70	0.00021987791114952415	0.0011033999035134912	0.9986767172813416	0.0001777000434231013	0.0004748396167997271	0.9993475079536438
71	0.006500806659460068	0.011091900058090687	0.9824073314666748	0.012045166455209255	0.007471560966223478	0.9804832935333252
72	0.1270744353532791	0.023441171273589134	0.849484384059906	0.8685193657875061	0.052146393805742264	0.07933422178030014
73	0.012432806193828583	0.01277924794703722	0.9747879505157471	0.012369781732559204	0.010616093873977661	0.9770141243934631
74	0.024563375860452652	0.02601509727537632	0.9494215250015259	0.0968911349773407	0.07945182174444199	0.8236570954322815
75	0.010524184443056583	0.006943743210285902	0.9825320243835449	0.06572980433702469	0.019491322338581085	0.9147788286209106
76	0.002000017324462533	0.009203278459608555	0.9887967109680176	0.01032829750329256	0.009439787827432156	0.9802318811416626
77	0.01857266016304493	0.01736430823802948	0.9640629887580872	0.008938506245613098	0.009183470159769058	0.9818779826164246
78	0.004692998249083757	0.017918668687343597	0.9773882627487183	0.0025751779321581125	0.010245906189084053	0.9871789216995239
79	0.0022212034091353416	0.007499922998249531	0.9902788996696472	0.008891771547496319	0.02365397848188877	0.9674542546272278
80	7.547438144683838e-05	0.0002696536248549819	0.9996548891067505	0.00020005427359137684	0.0004919931525364518	0.9993079900741577
81	0.0007612232584506273	0.0019077390898019075	0.9973310232162476	0.0008574345265515149	0.0024624597281217575	0.9966801404953003
82	0.0063912151381373405	0.012771195732057095	0.9808376431465149	0.10496435314416885	0.02732217311859131	0.8677135109901428
83	0.0035379265900701284	0.007744969334453344	0.9887170791625977	0.05718936398625374	0.020196203142404556	0.9226144552230835
84	0.00016915293235797435	0.0008295219740830362	0.9990013241767883	0.0010027337120845914	0.002308985684067011	0.9966883063316345
85	0.07918638736009598	0.026716653257608414	0.8940969705581665	0.04443695768713951	0.024721596390008926	0.9308414459228516
86	0.04950987920165062	0.0222847368568182	0.9282053709030151	0.08323308825492859	0.028176026418805122	0.8885908722877502
87	0.006737371440976858	0.00884934514760971	0.9844132661819458	0.019396526739001274	0.02369033917784691	0.9569131731987
88	0.0010521437507122755	0.0018990900134667754	0.9970487952232361	0.0044823456555604935	0.0034149547573179007	0.9921026825904846
89	0.3026686906814575	0.04012780264019966	0.6572034358978271	0.7652043700218201	0.041846685111522675	0.19294899702072144
90	0.4119562804698944	0.03627018257975578	0.5517735481262207	0.47388899326324463	0.034268397837877274	0.4918426275253296
91	0.0015666898107156157	0.0027342115063220263	0.9956991672515869	0.003524243365973234	0.0034897513687610626	0.9929860234260559
92	0.12272714078426361	0.03498110920190811	0.8422917723655701	0.3562195897102356	0.04997028037905693	0.5938101410865784
93	0.1399499624967575	0.029418667778372765	0.8306313753128052	0.49974727630615234	0.03158518671989441	0.46866747736930847
94	0.20799978077411652	0.023471081629395485	0.7685291767120361	0.9323326349258423	0.015839552506804466	0.051827892661094666
95	0.006420150864869356	0.004892801400274038	0.9886870384216309	0.009851526468992233	0.004643798805773258	0.985504686832428
96	0.005696311593055725	0.015785731375217438	0.9785178899765015	0.00760294683277607	0.019730623811483383	0.9726664423942566
97	0.0008831412997096777	0.0021991042885929346	0.996917724609375	0.0007177474326454103	0.0021730700973421335	0.9971092343330383
98	0.17333723604679108	0.055886294692754745	0.7707764506340027	0.1414298713207245	0.10164894163608551	0.7569212317466736
99	0.00881642010062933	0.006596263963729143	0.9845873117446899	0.04762953892350197	0.02183855138719082	0.9305318593978882
100	0.024573443457484245	0.010084295645356178	0.9653422832489014	0.06165987253189087	0.011823093518614769	0.9265170097351074
101	0.0009492147364653647	0.0026533182244747877	0.9963974356651306	0.00043954301509074867	0.0013888232642784715	0.9981715679168701
102	0.0008577264961786568	0.004183322191238403	0.9949589371681213	0.0008705674554221332	0.0035177578683942556	0.9956117272377014
103	0.008225930854678154	0.008177717216312885	0.9835963249206543	0.008376283571124077	0.0046793087385594845	0.9869443774223328
