0	0.9869990944862366	0.009764653630554676	0.003236169461160898	0.9873414635658264	0.009568569250404835	0.0030900239944458008
1	0.9924498796463013	0.006483393721282482	0.0010667708702385426	0.9867223501205444	0.01218344084918499	0.001094328472390771
2	0.9785057902336121	0.01820201799273491	0.0032920814119279385	0.9832889437675476	0.01190343126654625	0.004807662684470415
3	0.9093427062034607	0.06273423135280609	0.02792312577366829	0.7290327548980713	0.07525390386581421	0.1957133561372757
4	0.9901371002197266	0.008685595355927944	0.0011772372527047992	0.9934939742088318	0.005612876731902361	0.0008930839248932898
5	0.991926908493042	0.006515903398394585	0.001557186827994883	0.9709590077400208	0.02245059236884117	0.00659047020599246
6	0.985775351524353	0.010735620744526386	0.0034891502000391483	0.928117573261261	0.06814941018819809	0.003733027959242463
7	0.9911338686943054	0.006808429956436157	0.0020577015820890665	0.9904116988182068	0.007403041701763868	0.0021852441132068634
8	0.9742888808250427	0.021917657926678658	0.003793408628553152	0.9647285342216492	0.030746351927518845	0.004525105003267527
9	0.9871847033500671	0.009228217415511608	0.00358701404184103	0.9868454933166504	0.008686376735568047	0.004468181170523167
10	0.666846752166748	0.06964405626058578	0.26350921392440796	0.6989479064941406	0.048607055097818375	0.2524450719356537
11	0.9825389385223389	0.014496907591819763	0.0029641538858413696	0.983820915222168	0.013749544508755207	0.002429599640890956
12	0.990968644618988	0.0068153818137943745	0.0022159225773066282	0.9902135729789734	0.007725975941866636	0.002060484141111374
13	0.9920523166656494	0.005862073972821236	0.0020854929462075233	0.9849507808685303	0.012884913943707943	0.00216435338370502
14	0.9849838614463806	0.012072037905454636	0.0029441232327371836	0.9809470772743225	0.014033311046659946	0.005019666161388159
15	0.9906167387962341	0.00682220421731472	0.002561022760346532	0.9815838932991028	0.014407489448785782	0.0040086181834340096
16	0.38340988755226135	0.6131401062011719	0.0034499410539865494	0.9861236810684204	0.01224597916007042	0.0016304070595651865
17	0.984718382358551	0.014143943786621094	0.0011376624461263418	0.9897056818008423	0.009077044203877449	0.0012172128772363067
18	0.9937223792076111	0.00443298788741231	0.0018445180030539632	0.9940220713615417	0.003460260108113289	0.0025176615454256535
19	0.9831931591033936	0.014717204496264458	0.0020896827336400747	0.993720293045044	0.004283563699573278	0.0019961753860116005
20	0.9859058856964111	0.011381353251636028	0.0027127384673804045	0.9880701899528503	0.009305058978497982	0.0026247426867485046
21	0.9880431890487671	0.00960236880928278	0.0023544670548290014	0.9852594137191772	0.012536194175481796	0.0022043311037123203
22	0.9921215772628784	0.005752476863563061	0.0021259821951389313	0.9753484129905701	0.022833477705717087	0.001818065415136516
23	0.977390468120575	0.020030517131090164	0.0025790780782699585	0.9810160994529724	0.017555736005306244	0.0014282052870839834
24	0.9141777157783508	0.06479896605014801	0.021023334935307503	0.8611927628517151	0.08701938390731812	0.05178789049386978
25	0.9611791372299194	0.034850116819143295	0.003970821853727102	0.951894223690033	0.04552871733903885	0.002577034290879965
26	0.9842595458030701	0.012700189836323261	0.0030402245465666056	0.9838917851448059	0.013381373137235641	0.0027268219273537397
27	0.9915890097618103	0.007083157543092966	0.0013278147671371698	0.9817317128181458	0.01653321459889412	0.001735053607262671
28	0.9885667562484741	0.009532387368381023	0.0019008719827979803	0.9886091947555542	0.00950853992253542	0.0018823363352566957
29	0.9840027689933777	0.011214245110750198	0.004782994277775288	0.9845022559165955	0.011211588978767395	0.004286210052669048
30	0.9747015237808228	0.019776443019509315	0.005522015038877726	0.9503732323646545	0.030916867777705193	0.0187099426984787
31	0.959261417388916	0.030519923195242882	0.010218634270131588	0.9901712536811829	0.007565964944660664	0.0022627513390034437
32	0.9855467081069946	0.010961326770484447	0.003491939278319478	0.980934202671051	0.01529040839523077	0.0037754273507744074
33	0.9800310134887695	0.01899656653404236	0.0009723453549668193	0.9282299280166626	0.07014651596546173	0.0016234603244811296
34	0.9741094708442688	0.022302988916635513	0.0035875251051038504	0.9756826162338257	0.018268447369337082	0.006048982962965965
35	0.9461334347724915	0.05037148669362068	0.003495112992823124	0.8395920991897583	0.14564642310142517	0.014761502854526043
36	0.8416645526885986	0.0628010705113411	0.0955343022942543	0.8947818279266357	0.05059729143977165	0.05462096631526947
37	0.9823498725891113	0.016165578737854958	0.0014846009435132146	0.9783267378807068	0.0201292522251606	0.001543987775221467
38	0.9934366345405579	0.004512900020927191	0.002050480805337429	0.9942317605018616	0.0043455688282847404	0.0014226337661966681
39	0.09498780220746994	0.06534963846206665	0.8396626114845276	0.18555964529514313	0.07637304812669754	0.7380673289299011
40	0.9787663221359253	0.01978383958339691	0.0014497971860691905	0.975763201713562	0.022818682715296745	0.0014180782018229365
41	0.897868812084198	0.08418168127536774	0.017949456349015236	0.9562360048294067	0.03905279561877251	0.00471112783998251
42	0.980718731880188	0.016458764672279358	0.002822412410750985	0.976280927658081	0.021778272464871407	0.0019408173393458128
43	0.06484378129243851	0.020148053765296936	0.9150081276893616	0.09354749321937561	0.022312482818961143	0.8841400146484375
44	0.9864963889122009	0.01048186793923378	0.0030217242892831564	0.9634449481964111	0.027500290423631668	0.009054793044924736
45	0.9126848578453064	0.0794004425406456	0.007914690300822258	0.9291918277740479	0.0626605749130249	0.008147700689733028
46	0.9030072689056396	0.08881371468305588	0.008178960531949997	0.9632038474082947	0.03394955396652222	0.0028466302901506424
47	0.9824586510658264	0.013629443943500519	0.0039119659923017025	0.9846845865249634	0.0122308898717165	0.003084477037191391
48	0.9866179823875427	0.010099493898451328	0.0032825253438204527	0.9869644045829773	0.010085788555443287	0.002949897898361087
49	0.9906854033470154	0.007250152062624693	0.0020643589086830616	0.9904255270957947	0.007395918946713209	0.0021786452271044254
50	0.681721568107605	0.1664780229330063	0.15180036425590515	0.8243820071220398	0.05266055092215538	0.12295742332935333
51	0.992038369178772	0.006052854936569929	0.0019086610991507769	0.992453396320343	0.0053145610727369785	0.0022320225834846497
52	0.9887472987174988	0.008567039854824543	0.0026856937911361456	0.9850016832351685	0.012532406486570835	0.0024659703485667706
53	0.978644609451294	0.018420953303575516	0.0029344442300498486	0.983802080154419	0.014258292503654957	0.0019395520212128758
54	0.9872419834136963	0.009077351540327072	0.0036807197611778975	0.9914305806159973	0.005914828274399042	0.00265464442782104
55	0.964332640171051	0.02321145497262478	0.012455878779292107	0.969165027141571	0.02198234386742115	0.008852584287524223
56	0.9883397817611694	0.008366958238184452	0.0032932294998317957	0.9147717356681824	0.0758502408862114	0.00937806349247694
57	0.9806172847747803	0.01287484634667635	0.006507894489914179	0.9725301861763	0.022025082260370255	0.005444801412522793
58	0.9851599931716919	0.013135666027665138	0.0017043096013367176	0.9820613265037537	0.01630757749080658	0.0016310313949361444
59	0.9915499687194824	0.005513598211109638	0.002936377888545394	0.9915836453437805	0.005487775895744562	0.0029285100754350424
60	0.9713553190231323	0.008638391271233559	0.02000630460679531	0.9906114935874939	0.0071113440208137035	0.0022771309595555067
61	0.9874728918075562	0.008828558027744293	0.0036985056940466166	0.9874557256698608	0.00900855753570795	0.0035357442684471607
62	0.9853382110595703	0.01130831241607666	0.0033534131944179535	0.9776380658149719	0.016921672970056534	0.005440202541649342
63	0.9871620535850525	0.008386371657252312	0.004451592918485403	0.9832284450531006	0.009992484003305435	0.006779046729207039
64	0.9803515076637268	0.016310226172208786	0.0033383227419108152	0.9640712738037109	0.03345503658056259	0.002473697531968355
65	0.9863327145576477	0.011724663898348808	0.001942673698067665	0.9858103394508362	0.012233598157763481	0.0019560980144888163
66	0.0003253768081776798	0.00035771215334534645	0.999316930770874	0.00014089167234487832	0.00039096176624298096	0.9994681477546692
67	0.9883803129196167	0.00900095235556364	0.00261881435289979	0.9889782071113586	0.008600846864283085	0.0024210403207689524
68	0.9933077096939087	0.004537366330623627	0.0021548038348555565	0.9881703853607178	0.007885190658271313	0.0039443629793822765
69	0.875174880027771	0.02543623372912407	0.09938887506723404	0.9806244969367981	0.017224697396159172	0.0021508082281798124
70	0.9873401522636414	0.011060690507292747	0.0015992475673556328	0.9881898164749146	0.010274939239025116	0.0015351831680163741
71	0.8594651222229004	0.13016293942928314	0.010371948592364788	0.9151338338851929	0.07624324411153793	0.008622981607913971
72	0.9951679706573486	0.004391606897115707	0.00044046176481060684	0.9887682795524597	0.010432404465973377	0.0007994519546627998
73	0.9897582530975342	0.0072897798381745815	0.0029519584495574236	0.9883736371994019	0.00784333050251007	0.00378291099332273
74	0.9745739102363586	0.02319757267832756	0.0022284984588623047	0.9455975890159607	0.05261232331395149	0.0017900317907333374
75	0.9882429242134094	0.010207460261881351	0.0015496201813220978	0.9884900450706482	0.010015842504799366	0.0014941539848223329
76	0.9870922565460205	0.011387661099433899	0.0015200419584289193	0.9842489361763	0.013412266969680786	0.002338750520721078
77	0.38929998874664307	0.600449800491333	0.01025018747895956	0.956450879573822	0.023954393342137337	0.019594715908169746
78	0.9936577677726746	0.005307458341121674	0.0010348212672397494	0.9936641454696655	0.005313098430633545	0.0010227517923340201
79	0.9861775636672974	0.009436511434614658	0.004385879263281822	0.9774079918861389	0.019514383748173714	0.003077687928453088
80	0.9871250987052917	0.008989629335701466	0.003885295707732439	0.983306884765625	0.012860950082540512	0.003832118585705757
81	0.9714940190315247	0.022151032462716103	0.006354858633130789	0.9644525647163391	0.03254464268684387	0.0030027395114302635
82	0.990829348564148	0.007413951214402914	0.0017567675095051527	0.983194887638092	0.015228099189698696	0.0015770645113661885
83	0.9856774806976318	0.011238276027143002	0.0030842721462249756	0.9886788725852966	0.009752709418535233	0.001568486331962049
84	0.9903811812400818	0.007589559070765972	0.0020292687695473433	0.9905665516853333	0.007421805988997221	0.002011520555242896
85	0.9772202372550964	0.017992107197642326	0.004787623416632414	0.2750418782234192	0.7211509943008423	0.0038071232847869396
86	0.9828457236289978	0.014746945351362228	0.00240741646848619	0.9607585668563843	0.03629184141755104	0.0029494871851056814
87	0.9850871562957764	0.01321685966104269	0.0016960533102974296	0.9732651114463806	0.025060048326849937	0.0016749209025874734
88	0.982662558555603	0.015589552000164986	0.0017478445079177618	0.9834166765213013	0.01311492919921875	0.003468408714979887
89	0.9861211180686951	0.011103780008852482	0.0027751363813877106	0.9843557476997375	0.013307812623679638	0.002336493693292141
90	0.9391466379165649	0.05347660183906555	0.007376678287982941	0.2984132766723633	0.5233734250068665	0.17821332812309265
91	0.9278524518013	0.04878721013665199	0.023360366001725197	0.9210072755813599	0.04027755931019783	0.03871519863605499
92	0.9908896088600159	0.007528960704803467	0.0015814064536243677	0.9893471002578735	0.009946126490831375	0.0007067493279464543
93	0.9909605383872986	0.006446692161262035	0.002592720091342926	0.9897054433822632	0.008723256178200245	0.0015713237226009369
94	0.990179181098938	0.007307691965252161	0.0025132051669061184	0.9897119998931885	0.009080855175852776	0.0012070689117535949
95	0.9941163063049316	0.004649763461202383	0.0012339488603174686	0.990266740322113	0.0062523214146494865	0.003480885410681367
96	0.9868897199630737	0.012018437497317791	0.0010918607003986835	0.38948971033096313	0.6082388162612915	0.002271483186632395
97	0.9821487665176392	0.016371121630072594	0.0014801087090745568	0.8060624599456787	0.19238482415676117	0.0015527046052739024
98	0.9586712121963501	0.03245837613940239	0.00887041911482811	0.9631121754646301	0.030059605836868286	0.00682818191125989
99	0.9926113486289978	0.005872340407222509	0.001516330405138433	0.989486575126648	0.007742485497146845	0.002770903753116727
100	0.9800358414649963	0.010063224472105503	0.009900898672640324	0.978169322013855	0.00976311881095171	0.012067500501871109
101	0.9957524538040161	0.0028901584446430206	0.001357385073788464	0.9940314888954163	0.003949210979044437	0.0020193797536194324
102	0.9852107167243958	0.009275502525269985	0.005513749085366726	0.9860910177230835	0.009538881480693817	0.0043701305985450745
103	0.9808096289634705	0.01488992478698492	0.004300367087125778	0.9840130805969238	0.012078268453478813	0.00390863511711359
