0	0.9927338361740112	0.004980077035725117	0.0022860656026750803	0.9927016496658325	0.0051252879202365875	0.002173052867874503
1	0.9891936182975769	0.008596734143793583	0.002209773287177086	0.9891370534896851	0.008773415349423885	0.0020895274356007576
2	0.9942120909690857	0.004799023736268282	0.000988977262750268	0.9941630959510803	0.004968817345798016	0.0008681317558512092
3	0.9923549890518188	0.005991827230900526	0.0016531599685549736	0.9935778379440308	0.005249639041721821	0.001172438496723771
4	0.989355206489563	0.009318755939602852	0.001326165976934135	0.9894230961799622	0.009317595511674881	0.0012593920109793544
5	0.9908204674720764	0.007350729778409004	0.0018287287093698978	0.9907802939414978	0.0075647300109267235	0.0016550044529139996
6	0.9887135028839111	0.008145890198647976	0.003140650922432542	0.9888618588447571	0.008298835717141628	0.0028393317479640245
7	0.9881231188774109	0.009523843415081501	0.0023530423641204834	0.9878992438316345	0.009822138585150242	0.0022787225898355246
8	0.9943318367004395	0.004499869421124458	0.0011682440526783466	0.9939265847206116	0.004889357835054398	0.0011840221704915166
9	0.9921024441719055	0.0067533766850829124	0.0011442318791523576	0.9916871190071106	0.007079620845615864	0.0012332831975072622
10	0.9837840795516968	0.012338156811892986	0.0038777627050876617	0.9852418303489685	0.011472690850496292	0.003285482991486788
11	0.9915552735328674	0.006922501139342785	0.001522214850410819	0.9914666414260864	0.0070987120270729065	0.001434623496606946
12	0.9934356212615967	0.005174328573048115	0.0013901450438424945	0.9934050440788269	0.005209012422710657	0.0013860317412763834
13	0.9790842533111572	0.017968349158763885	0.002947406144812703	0.9785043001174927	0.0184189286082983	0.003076828084886074
14	0.991027295589447	0.0057561746798455715	0.003216605866327882	0.9914095997810364	0.005866388790309429	0.002724084071815014
15	0.9891581535339355	0.008932337164878845	0.0019095971947535872	0.9894306659698486	0.008611379191279411	0.0019580088555812836
16	0.9895913004875183	0.008531066589057446	0.001877648290246725	0.9889735579490662	0.008968915790319443	0.0020574729423969984
17	0.9935281872749329	0.005524640437215567	0.0009470944642089307	0.9939686059951782	0.0051038796082139015	0.0009275320917367935
18	0.9874153733253479	0.00901653990149498	0.003568107495084405	0.9892788529396057	0.00858708843588829	0.002134140580892563
19	0.9888885617256165	0.009384102188050747	0.0017274159472435713	0.9904112815856934	0.008206773549318314	0.001381977228447795
20	0.9911357164382935	0.007631095591932535	0.0012331347679719329	0.990552544593811	0.007999221794307232	0.001448255032300949
21	0.9941895008087158	0.004317836835980415	0.0014926593285053968	0.9941678047180176	0.004318763967603445	0.0015133939450606704
22	0.9825477004051208	0.010422354564070702	0.0070299250073730946	0.9869956374168396	0.00909899640828371	0.0039053543005138636
23	0.9817147254943848	0.00986687932163477	0.008418402634561062	0.9861068725585938	0.00885900016874075	0.005034120753407478
24	0.9921831488609314	0.005724774207919836	0.0020920841488987207	0.9925962090492249	0.005388215184211731	0.0020156085956841707
25	0.9911758899688721	0.006806517485529184	0.00201753550209105	0.9914781451225281	0.006598485168069601	0.0019233442144468427
26	0.9932386875152588	0.00462665781378746	0.0021346358116716146	0.9935296177864075	0.004479687660932541	0.0019906475208699703
27	0.9856262803077698	0.011979367583990097	0.002394347684457898	0.9857639670372009	0.012013409286737442	0.0022226537112146616
28	0.9874281287193298	0.011453546583652496	0.0011182043235749006	0.9873279929161072	0.011594230309128761	0.0010777964489534497
29	0.9854173064231873	0.012068680487573147	0.0025140135549008846	0.9846969842910767	0.012736831791698933	0.0025662072002887726
30	0.9880670309066772	0.010243960656225681	0.0016890924889594316	0.9880642294883728	0.010270812548696995	0.0016649144235998392
31	0.990332305431366	0.00852559506893158	0.0011421173112466931	0.9907034635543823	0.008220750838518143	0.0010758357821032405
32	0.9882362484931946	0.008176780305802822	0.0035869861021637917	0.988528311252594	0.008438292890787125	0.0030333097092807293
33	0.9941028952598572	0.0050302897579967976	0.0008669325616210699	0.9939887523651123	0.005203176289796829	0.0008081124979071319
34	0.9942495822906494	0.004577313084155321	0.0011730986880138516	0.9942042231559753	0.004623187705874443	0.001172589953057468
35	0.9946424961090088	0.004013397265225649	0.0013440779875963926	0.9944761395454407	0.004189794417470694	0.0013340446166694164
36	0.9881570935249329	0.009640681557357311	0.0022021739277988672	0.9876591563224792	0.010348831303417683	0.0019920470658689737
37	0.9901122450828552	0.007858042605221272	0.0020297993905842304	0.9905996918678284	0.0075718704611063	0.0018284546677023172
38	0.987524151802063	0.010804979130625725	0.0016707864124327898	0.9866877198219299	0.011612508445978165	0.001699774176813662
39	0.9938083291053772	0.002899555256590247	0.003292056266218424	0.9947054982185364	0.0026356943417340517	0.0026588477194309235
40	0.9892221689224243	0.00915592722594738	0.0016218924429267645	0.9892332553863525	0.00927939172834158	0.0014874194748699665
41	0.9918768405914307	0.00715012988075614	0.0009729829616844654	0.9911876916885376	0.007712390273809433	0.0010998842772096395
42	0.9861077070236206	0.011003674939274788	0.0028886443469673395	0.9864330887794495	0.010912046767771244	0.0026548306923359632
43	0.9903897643089294	0.005983706563711166	0.003626578487455845	0.9897598624229431	0.00631918478757143	0.003920920193195343
44	0.9873831868171692	0.010414318181574345	0.0022025383077561855	0.9868962168693542	0.010965371504426003	0.0021383953280746937
45	0.989798903465271	0.008004767820239067	0.0021962819155305624	0.9896334409713745	0.008385635912418365	0.0019808972720056772
46	0.9925516843795776	0.006173728499561548	0.0012745227431878448	0.992348313331604	0.006423640996217728	0.0012280263472348452
47	0.9934136271476746	0.004995397292077541	0.0015909979119896889	0.9932290315628052	0.0048364680260419846	0.0019344256725162268
48	0.9891803860664368	0.008757853880524635	0.002061657141894102	0.9892799258232117	0.008731954731047153	0.0019880791660398245
49	0.9933304190635681	0.005791459232568741	0.0008781819487921894	0.9925655126571655	0.006425254978239536	0.001009118976071477
50	0.9899342656135559	0.006894736085087061	0.003171032527461648	0.9907544851303101	0.006718487478792667	0.0025270176120102406
51	0.9877371788024902	0.009704230353236198	0.002558490028604865	0.988167941570282	0.009558325633406639	0.0022737421095371246
52	0.994513988494873	0.004181935917586088	0.0013041613856330514	0.9945622086524963	0.004176233895123005	0.001261662575416267
53	0.9855414032936096	0.011414699256420135	0.0030438804533332586	0.9849678874015808	0.011877422221004963	0.0031546230893582106
54	0.9867711663246155	0.010144992731511593	0.0030838714446872473	0.9867063164710999	0.010309703648090363	0.002983983838930726
55	0.9952595829963684	0.003593381494283676	0.0011470031458884478	0.9951261281967163	0.0037318242248147726	0.0011420694645494223
56	0.9916029572486877	0.007368868682533503	0.0010282197035849094	0.9917671084403992	0.007306233514100313	0.0009266771376132965
57	0.9794852137565613	0.018891263753175735	0.0016236344818025827	0.9799407124519348	0.0187069159001112	0.0013524533715099096
58	0.9839264750480652	0.012973876670002937	0.0030995553825050592	0.9834786653518677	0.01344043668359518	0.003080831840634346
59	0.9924355149269104	0.004861774388700724	0.002702690428122878	0.992588996887207	0.004832491744309664	0.0025784792378544807
60	0.9901137351989746	0.00841703824698925	0.0014692542608827353	0.9901065230369568	0.008551044389605522	0.0013424992794170976
61	0.9820330739021301	0.009779251180589199	0.008187738247215748	0.9813530445098877	0.010349595919251442	0.008297398686408997
62	0.993883490562439	0.005464193411171436	0.0006523677730001509	0.9936419129371643	0.005680156406015158	0.0006780725088901818
63	0.9908045530319214	0.007241918705403805	0.0019535687752068043	0.9915367364883423	0.006903378292918205	0.0015599424950778484
64	0.9899711608886719	0.007931219413876534	0.0020975633524358273	0.9896870255470276	0.00812781322747469	0.002185119315981865
65	0.993738055229187	0.004966745153069496	0.0012952068354934454	0.9940094947814941	0.004812825471162796	0.0011777655454352498
66	0.9892274141311646	0.007581711281090975	0.0031908403616398573	0.9891868233680725	0.0077123986557126045	0.0031007661018520594
67	0.9905036091804504	0.00792043935507536	0.0015759584493935108	0.9904775619506836	0.00799155980348587	0.001530802808701992
68	0.9936740398406982	0.00560723477974534	0.0007187695591710508	0.9931172132492065	0.006134677678346634	0.0007480405038222671
69	0.9790544509887695	0.015089655295014381	0.005855887662619352	0.9794139266014099	0.014839851297438145	0.005746220704168081
70	0.9774497747421265	0.014156140387058258	0.008394013158977032	0.9778195023536682	0.01454784907400608	0.007632631808519363
71	0.9899245500564575	0.006729441694915295	0.003345993347465992	0.9900777339935303	0.006731795612722635	0.0031904445495456457
72	0.9862094521522522	0.011045885272324085	0.0027446718886494637	0.9862710237503052	0.010914796032011509	0.002814254257827997
73	0.9893527030944824	0.008090107701718807	0.002557124476879835	0.9889306426048279	0.00850184541195631	0.0025675026699900627
74	0.9873928427696228	0.007484372239559889	0.00512287300080061	0.9868990182876587	0.008649367839097977	0.004451693035662174
75	0.9890512824058533	0.009212120436131954	0.001736555015668273	0.989871084690094	0.008514687418937683	0.0016142072854563594
76	0.9913195967674255	0.0076165106147527695	0.0010639185784384608	0.991091787815094	0.007841082289814949	0.0010671592317521572
77	0.9883130192756653	0.010093080811202526	0.0015938914148136973	0.9875827431678772	0.010535028763115406	0.0018822560086846352
78	0.9920957684516907	0.006921015214174986	0.0009833003859966993	0.9921465516090393	0.006915665697306395	0.000937729375436902
79	0.9863002896308899	0.012088852934539318	0.0016109187854453921	0.9853262901306152	0.013046159408986568	0.0016274970257654786
80	0.984499454498291	0.010969622060656548	0.0045309108681976795	0.9844098091125488	0.010890262201428413	0.004699902608990669
81	0.9911036491394043	0.007792158052325249	0.0011042485712096095	0.990885317325592	0.008017697371542454	0.0010969971772283316
82	0.9914318323135376	0.005453987512737513	0.003114078426733613	0.9913980960845947	0.005878448020666838	0.0027234095614403486
83	0.9937103986740112	0.005541360937058926	0.000748140795622021	0.993645429611206	0.005590257700532675	0.000764323165640235
84	0.9863402843475342	0.011225784197449684	0.002433928893879056	0.9865708947181702	0.0111681604757905	0.002260957146063447
85	0.9920468330383301	0.006252009887248278	0.0017012367025017738	0.992345929145813	0.006065747234970331	0.0015882409643381834
86	0.9894134998321533	0.008477400988340378	0.0021091075614094734	0.988959789276123	0.008867370896041393	0.0021728810388594866
87	0.9868545532226562	0.01175831351429224	0.0013871303526684642	0.9864888787269592	0.012255550362169743	0.0012556224828585982
88	0.9939413070678711	0.004442341160029173	0.0016163665568456054	0.9941452741622925	0.004285487346351147	0.0015691694570705295
89	0.9900099635124207	0.0074546257965266705	0.002535332925617695	0.9907008409500122	0.00709938770160079	0.002199761802330613
90	0.9858960509300232	0.010746672749519348	0.0033572688698768616	0.9852203130722046	0.011005038395524025	0.0037746592424809933
91	0.9928489923477173	0.00543184531852603	0.0017191487131640315	0.993757963180542	0.004798595327883959	0.0014435537159442902
92	0.9939864873886108	0.003521166043356061	0.002492411294952035	0.9938832521438599	0.0037614305038005114	0.0023553576320409775
93	0.9934276938438416	0.003530423855409026	0.003041938878595829	0.9932394027709961	0.003528869478031993	0.0032316783908754587
94	0.9928886294364929	0.005520726088434458	0.0015906932530924678	0.9925064444541931	0.005907250568270683	0.0015862914733588696
95	0.9926557540893555	0.0065472302958369255	0.000797148619312793	0.9925236105918884	0.006671518553048372	0.0008048907038755715
96	0.9816484451293945	0.016147129237651825	0.0022044526413083076	0.9810186624526978	0.016777457669377327	0.0022038747556507587
97	0.988283097743988	0.008844678290188313	0.0028722849674522877	0.9894547462463379	0.008361998945474625	0.0021833223290741444
98	0.9935391545295715	0.005434333346784115	0.0010264748707413673	0.9935684204101562	0.005443274509161711	0.0009882455924525857
99	0.9900513291358948	0.007201454136520624	0.0027471790090203285	0.990398645401001	0.0071526337414979935	0.0024488286580890417
100	0.9860941171646118	0.012055611237883568	0.0018502096645534039	0.9861520528793335	0.01177837885916233	0.0020695505663752556
101	0.989234983921051	0.009061464108526707	0.0017035643104463816	0.9893372058868408	0.009259860962629318	0.0014028606237843633
102	0.9914592504501343	0.006096264347434044	0.0024444523733109236	0.9918304085731506	0.005953885614871979	0.0022157039493322372
103	0.9903610944747925	0.007224791217595339	0.002414101967588067	0.9912334084510803	0.006722969003021717	0.0020436635240912437
104	0.9827244877815247	0.015356549061834812	0.001918872119858861	0.9829733371734619	0.015178153291344643	0.001848509768024087
105	0.9869669079780579	0.00933934561908245	0.0036936926189810038	0.9865329265594482	0.009704872034490108	0.0037621224764734507
106	0.9827433824539185	0.00850408710539341	0.00875258632004261	0.9842886328697205	0.008375897072255611	0.007335439324378967
107	0.9890156388282776	0.009182387962937355	0.0018020090647041798	0.9894360303878784	0.008787013590335846	0.001776964752934873
108	0.9955734014511108	0.00337415374815464	0.0010524379322305322	0.9957905411720276	0.0032113913912326097	0.0009980518370866776
109	0.9912823438644409	0.0074312430806458	0.0012863654410466552	0.991576611995697	0.007155260071158409	0.0012680678628385067
110	0.9852482080459595	0.012682751752436161	0.0020690502133220434	0.9856248497962952	0.012543517164885998	0.0018316052155569196
111	0.9777035117149353	0.009550044313073158	0.012746349908411503	0.9792611002922058	0.009916281327605247	0.01082267239689827
112	0.981777012348175	0.008292600512504578	0.009930362924933434	0.982481837272644	0.008713271468877792	0.008804898709058762
113	0.9959717392921448	0.0033004863653331995	0.0007277854019775987	0.9960883855819702	0.0031742441933602095	0.0007373669650405645
114	0.9882414937019348	0.009606682695448399	0.0021517935674637556	0.9878405928611755	0.010687547735869884	0.001471937051974237
115	0.9883641004562378	0.007734178565442562	0.003901652991771698	0.9887703657150269	0.007947607897222042	0.003281990299001336
116	0.992290198802948	0.006231200881302357	0.0014786799438297749	0.9920273423194885	0.006513404194265604	0.001459169783629477
117	0.9914319515228271	0.006752497982233763	0.0018154267454519868	0.9914224743843079	0.006870569661259651	0.001706976443529129
118	0.9902105331420898	0.008649425581097603	0.0011400757357478142	0.9914011359214783	0.007705955300480127	0.0008928644238039851
119	0.9905852675437927	0.007968317717313766	0.0014464545529335737	0.9903164505958557	0.00811796449124813	0.0015655966708436608
120	0.9759012460708618	0.011805662885308266	0.012293039821088314	0.9813467264175415	0.010544943623244762	0.008108306676149368
121	0.9887596368789673	0.008402192033827305	0.0028381545562297106	0.9889953136444092	0.008543891832232475	0.0024608131498098373
122	0.9877154231071472	0.010016415268182755	0.0022680803667753935	0.9886636137962341	0.009265685454010963	0.0020707393996417522
123	0.9914886951446533	0.0070043327286839485	0.0015070266090333462	0.9916781187057495	0.006980837322771549	0.0013410565443336964
124	0.9835362434387207	0.010089972987771034	0.006373764015734196	0.9830343723297119	0.010176947340369225	0.0067885760217905045
125	0.9898948073387146	0.00899633951485157	0.0011089451145380735	0.9896021485328674	0.009298894554376602	0.0010990215232595801
126	0.993313729763031	0.005635902285575867	0.0010503100929781795	0.9930588006973267	0.005853875074535608	0.0010873625287786126
127	0.9930528998374939	0.005850335583090782	0.0010967684211209416	0.9926928281784058	0.0060508293099701405	0.0012562935007736087
128	0.9927589893341064	0.005476703401654959	0.0017642509192228317	0.9926800727844238	0.005762981716543436	0.0015569053357467055
129	0.9894319772720337	0.008077803067862988	0.002490212209522724	0.9892584681510925	0.008234991692006588	0.002506548771634698
130	0.9937259554862976	0.005504333879798651	0.0007697295513935387	0.9934458136558533	0.005806766916066408	0.0007473733858205378
131	0.991904616355896	0.006932928692549467	0.0011624237522482872	0.9924440979957581	0.00638702092692256	0.0011688864324241877
132	0.9847797751426697	0.011036448180675507	0.004183812998235226	0.9850295186042786	0.011050106957554817	0.003920295741409063
133	0.9843319654464722	0.012095024809241295	0.0035729939118027687	0.9839472770690918	0.012760568410158157	0.0032921633683145046
134	0.9881579279899597	0.010634158737957478	0.0012079430744051933	0.9883260130882263	0.010489813052117825	0.0011842341627925634
135	0.9898624420166016	0.00749334879219532	0.0026441565714776516	0.9896590113639832	0.008191301487386227	0.0021496706176549196
136	0.9891293048858643	0.00953387375921011	0.001336785964667797	0.9889240860939026	0.009859496727585793	0.0012164106592535973
137	0.9938395619392395	0.004948516841977835	0.001211995375342667	0.994142472743988	0.004794810898602009	0.0010627156589180231
138	0.9882546663284302	0.008728484623134136	0.003016864648088813	0.987761378288269	0.009108305908739567	0.0031302769202739
139	0.9882057905197144	0.00979609228670597	0.001998225459828973	0.988408625125885	0.009849444031715393	0.0017419048817828298
140	0.9908245801925659	0.006679859012365341	0.0024955584667623043	0.9910972118377686	0.006706520915031433	0.002196198096498847
141	0.9828237295150757	0.011622879654169083	0.005553382448852062	0.9833688139915466	0.011499651707708836	0.0051315100863575935
142	0.9937710165977478	0.0052838255651295185	0.0009450880461372435	0.9937624335289001	0.005329168401658535	0.0009084165212698281
143	0.9887160658836365	0.006072047166526318	0.005212010815739632	0.988828182220459	0.00646071694791317	0.00471108453348279
144	0.9892433881759644	0.009518269449472427	0.0012383249122649431	0.9890551567077637	0.009783800691366196	0.0011610414367169142
145	0.9893757104873657	0.007941635325551033	0.002682632766664028	0.9899258613586426	0.007589380256831646	0.0024848300963640213
146	0.993050217628479	0.005536623299121857	0.0014131409116089344	0.9928809404373169	0.005636461544781923	0.0014825412072241306
147	0.986197292804718	0.009102936834096909	0.004699733108282089	0.9870831966400146	0.00890487339347601	0.004011882934719324
148	0.9910987019538879	0.006790702696889639	0.0021105410996824503	0.9911670088768005	0.006771530024707317	0.0020615034736692905
149	0.9887505173683167	0.009336252696812153	0.0019132171291857958	0.988038957118988	0.010197759605944157	0.00176316371653229
150	0.9878355860710144	0.01002463884651661	0.002139769494533539	0.9887969493865967	0.009418852627277374	0.0017842998495325446
151	0.9940352439880371	0.004839837085455656	0.001124961068853736	0.9941005110740662	0.004881148226559162	0.0010182951809838414
152	0.9906013011932373	0.006687639281153679	0.002711137756705284	0.9907246232032776	0.006650610826909542	0.002624734304845333
153	0.9909040331840515	0.00787526834756136	0.0012207182589918375	0.9896104335784912	0.008927996270358562	0.0014615266118198633
154	0.9942082166671753	0.005020814947783947	0.0007710183854214847	0.9938139915466309	0.005399079527705908	0.0007868941756896675
155	0.9883005619049072	0.010354263707995415	0.0013452420243993402	0.9876613616943359	0.010955520905554295	0.0013831040123477578
156	0.9814777374267578	0.01632399670779705	0.002198229543864727	0.9809226393699646	0.016631245613098145	0.0024461213033646345
157	0.995703399181366	0.0023773189168423414	0.001919295871630311	0.995267391204834	0.0027370702009648085	0.001995664555579424
158	0.9939209222793579	0.0046892957761883736	0.0013898271135985851	0.9938575625419617	0.004716082476079464	0.001426355796866119
159	0.9905514717102051	0.007135868538171053	0.002312647644430399	0.9903192520141602	0.00721862493082881	0.0024621954653412104
160	0.9899566769599915	0.00830906629562378	0.0017342088976874948	0.9925405383110046	0.005983022507280111	0.0014764830702915788
