0	0.00015209571574814618	0.00019139143114443868	0.9996565580368042	0.00015082476602401584	0.0002649880771059543	0.9995841383934021
1	0.00029656910919584334	0.0007674121297895908	0.9989359974861145	0.0005595458205789328	0.0036733290180563927	0.9957671165466309
2	0.638965368270874	0.3347432315349579	0.026291420683264732	0.6192415356636047	0.36453157663345337	0.016226867213845253
3	0.00047999602975323796	0.0005176208214834332	0.9990023970603943	0.00036545918555930257	0.0005522249266505241	0.9990823268890381
4	0.00025350754731334746	0.0003613512380979955	0.9993851184844971	0.00019077930483035743	0.00034240371314808726	0.9994668364524841
5	0.00787091813981533	0.0032915184274315834	0.9888375997543335	0.3339531123638153	0.022800737991929054	0.6432461738586426
6	0.00044159588287584484	0.0005260793259367347	0.9990323781967163	0.0006339031388051808	0.000813918246421963	0.998552143573761
7	0.0007163386326283216	0.0008085892186500132	0.9984750151634216	0.0005135906976647675	0.0005983596201986074	0.9988880753517151
8	0.0018444679444655776	0.00175892049446702	0.9963966012001038	0.0010683357249945402	0.001883085584267974	0.997048556804657
9	0.00041129824239760637	0.0007332728710025549	0.998855471611023	0.00040468163206242025	0.0007795293349772692	0.9988157749176025
10	0.0003728418087121099	0.000746659585274756	0.9988804459571838	0.00839216634631157	0.012156762182712555	0.9794511198997498
11	0.0005719062173739076	0.0008603295427747071	0.9985677003860474	0.0008654847042635083	0.001830820576287806	0.9973037242889404
12	0.0015451167710125446	0.0032618287950754166	0.9951931238174438	0.0026746196672320366	0.0038485019467771053	0.993476927280426
13	0.0004394944990053773	0.0010863794013857841	0.9984740614891052	0.0009756606305018067	0.0013076323084533215	0.9977167844772339
14	0.00016039074398577213	0.0002321496285730973	0.999607503414154	0.0002916165685746819	0.00036697927862405777	0.9993414282798767
15	0.0012042822781950235	0.0011866868007928133	0.99760901927948	0.0003212012816220522	0.0009567484958097339	0.9987220168113708
16	0.00048209805390797555	0.0007641073898412287	0.9987537860870361	0.00021856848616153002	0.0006943042390048504	0.9990870952606201
17	0.0011366807157173753	0.001749585964716971	0.9971137046813965	0.0008741262136027217	0.0018566804938018322	0.9972692131996155
18	0.002443668432533741	0.0025580001529306173	0.9949983358383179	0.008809437043964863	0.005869872868061066	0.9853206276893616
19	0.00027080989093519747	0.0005112439393997192	0.9992179870605469	0.0023675765842199326	0.002529428107663989	0.9951030015945435
20	0.0009602506179362535	0.0008417329518124461	0.9981980919837952	0.0006877951673232019	0.0009729065932333469	0.9983392953872681
21	0.042371716350317	0.012781508266925812	0.9448468089103699	0.08894388377666473	0.02416076511144638	0.8868954181671143
22	0.000879047205671668	0.000673634116537869	0.9984473586082458	0.0013877138262614608	0.0011386079713702202	0.9974736571311951
23	0.0018799214158207178	0.0022844020277261734	0.9958356618881226	0.0017791633727028966	0.0024603293277323246	0.9957605004310608
24	0.00045018745004199445	0.0005242815241217613	0.9990255832672119	0.0003409154014661908	0.00037980175693519413	0.9992793202400208
25	0.0001903074444271624	0.00027006928576156497	0.9995396137237549	0.0006350091425701976	0.0006367571768350899	0.9987282156944275
26	0.0008252486004494131	0.000679524673614651	0.9984952211380005	0.0012509683147072792	0.0009919052245095372	0.9977571368217468
27	0.0009031964000314474	0.0015270545845851302	0.997569739818573	0.0013230403419584036	0.003272600704804063	0.9954043626785278
28	0.0010280275018885732	0.0014497117372229695	0.9975222945213318	0.000866951362695545	0.0008439607336185873	0.9982890486717224
29	0.0031719617545604706	0.006627831608057022	0.9902002215385437	0.0063528139144182205	0.014232932589948177	0.9794142842292786
30	0.00025014366838149726	0.0003227833076380193	0.999427080154419	0.0009787058224901557	0.0008555577369406819	0.9981657862663269
31	0.008051946759223938	0.009377798065543175	0.982570230960846	0.0030910500790923834	0.006304494105279446	0.9906044602394104
32	0.00202752323821187	0.001223707222379744	0.9967488050460815	0.00016447129019070417	0.0003572346467990428	0.999478280544281
33	0.0003931125102099031	0.0005774936871603131	0.9990293979644775	0.00026824246742762625	0.0005627934006042778	0.9991689920425415
34	0.0007598602096550167	0.0008297142339870334	0.9984103441238403	0.0009356307564303279	0.0005269512184895575	0.9985374212265015
35	0.00021991340327076614	0.0004534382023848593	0.9993267059326172	0.0004467192047741264	0.0006392137729562819	0.9989141225814819
36	0.000631207600235939	0.0008964661974459887	0.998472273349762	0.002189816441386938	0.0039604175835847855	0.9938498139381409
37	0.0024019782431423664	0.0016893920255824924	0.9959086179733276	0.0003425868635531515	0.0003423432062845677	0.9993150234222412
38	0.0014684272464364767	0.0010745651088654995	0.997456967830658	0.0004157242365181446	0.0006092426483519375	0.9989750385284424
39	0.0006533979903906584	0.0002823325339704752	0.9990642666816711	0.0016253925859928131	0.00043173026642762125	0.9979428648948669
40	0.000269686192041263	0.0004197669040877372	0.9993104934692383	0.0002503691357560456	0.0005266998196020722	0.9992228746414185
41	0.0004103146493434906	0.0004909481504000723	0.9990987777709961	0.002965938299894333	0.0025211400352418423	0.9945129156112671
42	0.9573352336883545	0.023067498579621315	0.01959725096821785	0.9601919054985046	0.03448930010199547	0.005318793468177319
43	0.0005764581146650016	0.0006323399720713496	0.9987912774085999	0.0022008821833878756	0.0018008771585300565	0.9959982633590698
44	0.0009836583631113172	0.0005919607356190681	0.9984244108200073	0.0008266172953881323	0.000802272988948971	0.9983711838722229
45	0.013534609228372574	0.01881265826523304	0.9676527976989746	0.007006708532571793	0.024567419663071632	0.9684259295463562
46	0.0004473727894946933	0.000799432338681072	0.9987531900405884	0.0005935601657256484	0.0009075111011043191	0.9984989166259766
47	0.001891668071039021	0.0008460659882985055	0.9972622394561768	0.002749995095655322	0.003950726240873337	0.9932992458343506
48	0.0003618249320425093	0.0006698506767861545	0.9989683628082275	0.00032916292548179626	0.0006551382248289883	0.9990156888961792
49	0.0006814742228016257	0.0007484719390049577	0.9985700845718384	0.0024182903580367565	0.0022020169999450445	0.9953796863555908
50	0.0035165869630873203	0.0007208184106275439	0.9957626461982727	0.001555787050165236	0.00096170324832201	0.9974824786186218
51	0.010848090052604675	0.011654995381832123	0.9774969220161438	0.017975274473428726	0.05841793492436409	0.923606812953949
52	0.0011154747335240245	0.0012567397207021713	0.9976277947425842	0.00027400421095080674	0.000400315853767097	0.9993257522583008
53	0.0005659899325110018	0.0007948424317874014	0.9986391663551331	0.0003310270549263805	0.0005297011230140924	0.9991391897201538
54	0.00046567354002036154	0.0006501050665974617	0.9988842606544495	0.00020441244123503566	0.0007068153354339302	0.9990887641906738
55	0.008303860202431679	0.025326138362288475	0.9663700461387634	0.035229675471782684	0.08380214869976044	0.8809681534767151
56	0.0023006026167422533	0.0030278079211711884	0.994671642780304	0.00027211502310819924	0.0008391854353249073	0.9988886713981628
57	0.001065571908839047	0.0018495154799893498	0.99708491563797	0.0007315420662052929	0.0013854897115379572	0.9978829026222229
58	0.0004356541612651199	0.0005586539627984166	0.9990057349205017	0.0009278264478780329	0.0016398997977375984	0.997432291507721
59	0.001288366736844182	0.0008456695941276848	0.9978659749031067	0.0018645941745489836	0.0018079506698995829	0.9963274598121643
60	0.00023824753588996828	0.0005720433546230197	0.9991896748542786	0.0007100870716385543	0.0011410783044993877	0.9981487989425659
61	0.006949613802134991	0.008725963532924652	0.9843244552612305	0.00699957087635994	0.02998960018157959	0.9630107879638672
62	0.00042598231812007725	0.0005263081984594464	0.9990476965904236	0.001982019515708089	0.0015440674033015966	0.9964738488197327
63	0.0007977199857123196	0.0008061631815508008	0.998396098613739	0.0018104561604559422	0.0019759340211749077	0.9962136149406433
64	0.0006541372276842594	0.002179937670007348	0.997165858745575	0.0011458940571174026	0.0011044233106076717	0.9977496266365051
65	0.0009820656850934029	0.000796428881585598	0.9982214570045471	0.0015844382578507066	0.001660230802372098	0.9967553019523621
66	0.0002405065461061895	0.0003501619503367692	0.9994093179702759	0.00017575650417711586	0.0004172708431724459	0.9994069337844849
67	0.0012861533323302865	0.001149534247815609	0.9975643157958984	0.00054850650485605	0.0010039012413471937	0.9984475374221802
68	0.00018379972607363015	0.00033228201209567487	0.9994839429855347	0.00022898179304320365	0.0003770504263229668	0.9993939399719238
69	0.9740169644355774	0.015911515802145004	0.010071522556245327	0.5558204054832458	0.10909829288721085	0.3350812792778015
70	0.008938844315707684	0.009339814074337482	0.9817214012145996	0.0030763123650103807	0.0027884889859706163	0.9941351413726807
71	0.0010110888397321105	0.0011303159408271313	0.9978585839271545	0.0001316430716542527	0.0006015910184942186	0.9992668032646179
72	0.0009561345214024186	0.0005857578362338245	0.9984581470489502	0.0006631898577325046	0.0007785294437780976	0.9985583424568176
73	0.0026397844776511192	0.0018054754473268986	0.9955547451972961	0.005534591153264046	0.0031840670853853226	0.9912813305854797
74	0.057763196527957916	0.010841005481779575	0.9313958287239075	0.06139041483402252	0.04773782193660736	0.8908717632293701
75	0.0004120146913919598	0.0011772254947572947	0.998410701751709	0.0007822479237802327	0.004615075886249542	0.994602620601654
76	0.0003813451330643147	0.0004332919779699296	0.9991853833198547	0.00022996663756202906	0.0005025877617299557	0.9992673993110657
77	0.00351278786547482	0.003582156728953123	0.9929050803184509	0.0030725067481398582	0.002586081624031067	0.9943413734436035
78	0.002606072695925832	0.0016437219455838203	0.9957501888275146	0.0001700518769212067	0.0006734346970915794	0.9991564750671387
79	0.0005392998573370278	0.0007423836505040526	0.9987183809280396	0.0002818225766532123	0.0004670197959057987	0.9992511868476868
80	0.00013693301298189908	0.000504441384691745	0.999358594417572	0.0003070438979193568	0.0013611905742436647	0.9983317255973816
81	0.00022656162036582828	0.00024005105660762638	0.9995334148406982	0.00045569016947411	0.0005494322394952178	0.9989948868751526
82	0.02671630121767521	0.0012482621241360903	0.9720354080200195	0.21684467792510986	0.012481528334319592	0.7706738114356995
83	0.022313088178634644	0.007805329747498035	0.9698815941810608	0.013424661010503769	0.021830061450600624	0.964745283126831
84	0.00024256814504042268	0.0008760124328546226	0.9988813996315002	0.0027929863426834345	0.007346233353018761	0.9898607730865479
85	0.0003426842740736902	0.00036260197521187365	0.999294638633728	0.0020743480417877436	0.0025441793259233236	0.9953814744949341
86	0.00023952634364832193	0.0004591133911162615	0.9993013143539429	0.0003556570445653051	0.0007705778698436916	0.998873770236969
87	0.0010430177208036184	0.0013742345618084073	0.9975826740264893	0.0006844494491815567	0.0015803882852196693	0.9977351427078247
88	0.0004049290146213025	0.0005965610034763813	0.9989984631538391	0.001017584465444088	0.0006003988673910499	0.9983819723129272
89	0.0010161579120904207	0.001135937636718154	0.9978479146957397	0.0009282988612540066	0.0009597338503226638	0.9981119632720947
90	0.0008543052827008069	0.001207895576953888	0.9979377388954163	0.0007147626602090895	0.0024932599626481533	0.9967920184135437
91	0.002338162623345852	0.0013040335616096854	0.9963577389717102	0.00022018323943484575	0.000356093019945547	0.9994237422943115
92	0.9927921295166016	0.003663372714072466	0.0035445017274469137	0.9935541152954102	0.003935599699616432	0.00251031038351357
93	0.0008640388259664178	0.0005033075576648116	0.9986326098442078	0.0002979066630359739	0.00027193815913051367	0.9994301199913025
94	0.0004592446784954518	0.0004835238214582205	0.9990572333335876	0.0010625430149957538	0.0008437304059043527	0.9980936646461487
95	0.0025777032133191824	0.002208753488957882	0.995213508605957	0.002149334643036127	0.0032707108184695244	0.9945800304412842
96	0.001995437080040574	0.002725984202697873	0.9952785968780518	0.00039865559665486217	0.002580011263489723	0.9970212578773499
97	0.0892178937792778	0.006901983637362719	0.9038801789283752	0.9087285995483398	0.014321491122245789	0.07694993913173676
98	0.00031113263685256243	0.0005093655199743807	0.9991795420646667	0.0006408250192180276	0.000509219360537827	0.9988499879837036
99	0.021265121176838875	0.00641931826248765	0.9723156094551086	0.015051383525133133	0.01670224964618683	0.9682464003562927
100	0.00347627024166286	0.002654896816238761	0.993868887424469	0.004887951072305441	0.005534035619348288	0.9895780086517334
101	0.0009268499561585486	0.0008549249032512307	0.9982182383537292	0.007853183895349503	0.005336733069270849	0.9868100881576538
102	0.00421443535014987	0.0015562399057671428	0.9942293167114258	0.005008731037378311	0.0021173502318561077	0.9928739070892334
103	0.000226349919103086	0.0010609166929498315	0.9987127780914307	0.0002930085174739361	0.000677003525197506	0.9990299940109253
104	0.9842718243598938	0.012004843913018703	0.0037234178744256496	0.9813065528869629	0.014467999339103699	0.004225520417094231
105	0.0007289411732926965	0.0005896888324059546	0.998681366443634	0.0029359045438468456	0.0024252256844192743	0.9946388602256775
106	0.0175382811576128	0.004270272795110941	0.9781914353370667	0.004329031333327293	0.0021777492947876453	0.9934932589530945
107	0.014382628723978996	0.013095450587570667	0.9725219011306763	0.20971496403217316	0.02268795110285282	0.7675970792770386
108	0.0005807650741189718	0.0016611373284831643	0.9977580904960632	0.012070954777300358	0.015075935050845146	0.9728531241416931
109	0.003103759838268161	0.0026639190036803484	0.9942323565483093	0.0016764434985816479	0.00266842870041728	0.9956551790237427
110	0.028499312698841095	0.008668563328683376	0.9628320932388306	0.405349999666214	0.03024465963244438	0.5644053816795349
111	0.0003291443863417953	0.00046940529136918485	0.9992014765739441	0.0010348454816266894	0.0017359488410875201	0.9972291588783264
112	0.0011225417256355286	0.0015277286292985082	0.997349739074707	0.003358642803505063	0.004371210467070341	0.9922701120376587
113	0.00028956306050531566	0.00035371555713936687	0.9993566870689392	0.000298256054520607	0.0004203449934720993	0.9992814660072327
114	0.00036900423583574593	0.0004806521174032241	0.9991503953933716	0.00023927321308292449	0.0005010942695662379	0.9992596507072449
115	0.002374108647927642	0.0035334769636392593	0.9940924048423767	0.009961445815861225	0.012550323270261288	0.9774882793426514
116	0.00019633436750154942	0.00047403507051058114	0.999329686164856	0.0004777582944370806	0.0015870907809585333	0.9979351758956909
117	0.00024742356617935	0.0004406169173307717	0.9993119239807129	9.88794126897119e-05	0.0003410892386455089	0.9995600581169128
118	0.00048117604455910623	0.0007653914508409798	0.9987534284591675	0.0009538003941997886	0.0012495375704020262	0.9977966547012329
119	0.0004701155994553119	0.0006489154184237123	0.998880922794342	0.0003952064726036042	0.0006711036548949778	0.998933732509613
120	0.0017464550910517573	0.0007647267775610089	0.9974888563156128	0.0005740032647736371	0.0009179069893434644	0.9985080361366272
121	0.0001913801534101367	0.0003644254175014794	0.9994441866874695	0.00019693786452990025	0.0005808423738926649	0.9992221593856812
122	0.00022734234516974539	0.002018103376030922	0.9977545142173767	0.003809885587543249	0.00537487817928195	0.9908151626586914
123	0.0002899864048231393	0.0005878677475266159	0.9991222023963928	0.000828107469715178	0.0005369348218664527	0.9986349940299988
124	0.006899019703269005	0.0069407569244503975	0.9861602187156677	0.02143995277583599	0.05105002224445343	0.9275099635124207
125	0.00042970303911715746	0.0003830202913377434	0.9991872906684875	0.007855516858398914	0.004312817472964525	0.9878316521644592
126	0.006126129999756813	0.003459768835455179	0.9904140830039978	0.015434849075973034	0.009375480934977531	0.9751896858215332
127	0.0002482146373949945	0.0006493200198747218	0.9991024732589722	0.0012945625931024551	0.006249451544135809	0.9924559593200684
128	0.0029327820520848036	0.001785856788046658	0.9952813982963562	0.00013871425471734256	0.0005426311981864274	0.9993187189102173
129	0.005874922964721918	0.007122117094695568	0.9870029091835022	0.010626706294715405	0.012244357727468014	0.9771289229393005
130	0.002906191162765026	0.0022774797398597	0.9948163628578186	0.004420756362378597	0.004837927408516407	0.9907413721084595
131	0.0031058068852871656	0.0016421539476141334	0.9952520132064819	0.006547881290316582	0.003699999302625656	0.9897520542144775
132	0.0035164428409188986	0.002167981117963791	0.9943155646324158	0.08448930084705353	0.006296906620264053	0.9092137813568115
133	0.00356553983874619	0.004185378551483154	0.9922491312026978	0.00023445805709343404	0.0009705763077363372	0.9987949132919312
134	0.00029133405769243836	0.0004753644170705229	0.9992333650588989	0.00021169110550545156	0.0006928617367520928	0.9990954399108887
135	0.0003742704284377396	0.0005426439456641674	0.9990830421447754	0.0006155729060992599	0.0005656922585330904	0.9988186955451965
136	0.0002093817020067945	0.0005312894354574382	0.9992592930793762	0.0008740838966332376	0.0017665722407400608	0.9973593354225159
137	0.00034599582431837916	0.0006340598338283598	0.999019980430603	0.000702862162142992	0.0008869792800396681	0.9984101057052612
138	0.00019901111954823136	0.00039481502608396113	0.9994062185287476	8.868538134265691e-05	0.0004039816849399358	0.9995073080062866
139	0.00025516675668768585	0.0003296049835626036	0.9994152784347534	0.0010604482376948	0.0016164539847522974	0.9973230957984924
140	0.00011851915041916072	0.001105511444620788	0.9987760186195374	0.008454529568552971	0.01314480509608984	0.978400707244873
141	0.00037547992542386055	0.0011571465292945504	0.9984673857688904	0.0008730506524443626	0.0015505269402638078	0.9975764155387878
142	0.0006230846629478037	0.0007875720621086657	0.9985893368721008	0.0004584574780892581	0.0006643275264650583	0.998877227306366
143	0.00046393804950639606	0.00036572120734490454	0.9991704225540161	0.000188842648640275	0.0002935955417342484	0.999517560005188
144	0.002489898819476366	0.0024343079421669245	0.9950757622718811	0.003053094493225217	0.0024700132198631763	0.9944769740104675
145	0.0001920820213854313	0.00035469798604026437	0.9994532465934753	0.0008549725753255188	0.0022548052947968245	0.9968902468681335
146	0.00011192935198778287	0.0002740926865953952	0.9996140599250793	0.00017764803487807512	0.0003441960143391043	0.9994781613349915
147	0.003342966316267848	0.0031049775425344706	0.9935520887374878	0.002651152666658163	0.004144903738051653	0.99320387840271
148	0.0003144462825730443	0.0005054019275121391	0.9991801381111145	0.00011295081640128046	0.00037125428207218647	0.9995157718658447
149	0.001124378526583314	0.0009128248202614486	0.9979628324508667	0.0019072191789746284	0.0016648868331685662	0.9964279532432556
150	0.0009583955979906023	0.0031721950508654118	0.9958693385124207	0.0010686236200854182	0.001962186535820365	0.9969691634178162
151	0.0013854046119377017	0.0013059076154604554	0.9973087310791016	0.0019173066830262542	0.0027086166664958	0.9953741431236267
152	0.00016391792451031506	0.00047693512169644237	0.9993591904640198	0.00069455272750929	0.0007424193318001926	0.9985629916191101
153	0.0001728939387248829	0.0005821336526423693	0.9992450475692749	0.0002933435025624931	0.0005861338577233255	0.9991205334663391
154	0.0021619335748255253	0.0009471713565289974	0.9968909621238708	0.003069818252697587	0.001296334434300661	0.9956337809562683
155	0.000836070510558784	0.001425306312739849	0.9977385997772217	0.0015896884724497795	0.0016266520833596587	0.9967836141586304
156	0.0010449780384078622	0.0011859319638460875	0.9977691173553467	0.015117667615413666	0.011165859177708626	0.9737164378166199
157	0.00047905955580063164	0.0004130718298256397	0.9991078972816467	0.00037133193109184504	0.0002547173935454339	0.9993739724159241
158	0.0016409388044849038	0.0032468007411807775	0.9951122403144836	0.004087985493242741	0.02016592025756836	0.9757460951805115
159	0.002679309342056513	0.002483163960278034	0.9948374629020691	0.007579401601105928	0.03140636906027794	0.9610142707824707
160	0.0016007990343496203	0.0008413037867285311	0.9975578784942627	0.0005399446235969663	0.0005979891866445541	0.9988620281219482
