0	0.968772828578949	0.025555536150932312	0.005671544466167688	0.9659269452095032	0.02169184759259224	0.012381179258227348
1	0.9686627984046936	0.028507402166724205	0.0028298133984208107	0.9862090349197388	0.01126464270055294	0.002526303520426154
2	0.9868670701980591	0.009741880930960178	0.003391108475625515	0.9854689240455627	0.01063928846269846	0.0038917232304811478
3	0.9412617087364197	0.04687030240893364	0.011868028901517391	0.959063708782196	0.03614559769630432	0.004790795501321554
4	0.9401893019676208	0.02906649000942707	0.030744170770049095	0.44283175468444824	0.03861622139811516	0.5185519456863403
5	0.9673793911933899	0.031062453985214233	0.0015582016203552485	0.9837051630020142	0.014199450612068176	0.0020952660124748945
6	0.9710178971290588	0.022141553461551666	0.006840527057647705	0.3237300515174866	0.6739559173583984	0.0023139819968491793
7	0.9800912737846375	0.011836884543299675	0.008071853779256344	0.9850487112998962	0.010444126091897488	0.004507146775722504
8	0.9847188591957092	0.012236892245709896	0.003044316079467535	0.983468770980835	0.014222592115402222	0.0023086557630449533
9	0.9893116354942322	0.00874277949333191	0.0019455181900411844	0.9891552329063416	0.008674888871610165	0.002169868443161249
10	0.9787330031394958	0.018789462745189667	0.0024775383062660694	0.9903929829597473	0.006727638654410839	0.0028793036472052336
11	0.9884911775588989	0.009770126082003117	0.0017387466505169868	0.9888400435447693	0.009800468571484089	0.0013595466734841466
12	0.9655985236167908	0.03157380223274231	0.002827744698151946	0.8117185831069946	0.15108557045459747	0.03719585761427879
13	0.9704211950302124	0.02701648324728012	0.0025623515248298645	0.9823706150054932	0.01473892480134964	0.0028904415667057037
14	0.9931542873382568	0.005258454475551844	0.0015872784424573183	0.9938617944717407	0.004540983587503433	0.001597229391336441
15	0.9930592775344849	0.005077393259853125	0.0018633157014846802	0.99196857213974	0.00610648188740015	0.001924948999658227
16	0.950410783290863	0.04826367273926735	0.0013254592195153236	0.945145308971405	0.05362188443541527	0.0012328574666753411
17	0.979864239692688	0.01815861649811268	0.0019771168008446693	0.9857494831085205	0.012701330706477165	0.0015491792000830173
18	0.9876348376274109	0.00925363413989544	0.003111452329903841	0.9875239133834839	0.009525654837489128	0.002950318157672882
19	0.986359179019928	0.010791578330099583	0.00284927268512547	0.9405212998390198	0.04260728880763054	0.016871383413672447
20	0.9887336492538452	0.007827186025679111	0.0034392455127090216	0.9915245175361633	0.00645612133666873	0.0020193587988615036
21	0.9850301146507263	0.00676649808883667	0.00820340309292078	0.9877504706382751	0.007997680455446243	0.0042519294656813145
22	0.9545143246650696	0.04248734563589096	0.0029983380809426308	0.9887545108795166	0.008258981630206108	0.002986499108374119
23	0.9814780950546265	0.017168549820780754	0.0013534072786569595	0.9769863486289978	0.02179158665239811	0.0012220261851325631
24	0.9756515622138977	0.01125162374228239	0.01309678703546524	0.9610271453857422	0.03398725762963295	0.004985512234270573
25	0.9783959984779358	0.020243410021066666	0.0013605403946712613	0.9743468761444092	0.02444673888385296	0.0012064276961609721
26	0.9554113149642944	0.037807904183864594	0.00678083673119545	0.9602136611938477	0.035361241549253464	0.004425212275236845
27	0.9901818633079529	0.006809704937040806	0.0030084517784416676	0.9906930327415466	0.006582736968994141	0.0027242277283221483
28	0.9866368174552917	0.011365518905222416	0.0019977183546870947	0.9788685441017151	0.01784726418554783	0.0032841861248016357
29	0.9773678183555603	0.018065357580780983	0.0045669181272387505	0.9864708781242371	0.011848757974803448	0.0016803886974230409
30	0.9877106547355652	0.009346147067844868	0.0029431527946144342	0.9840863347053528	0.013411067426204681	0.0025025836657732725
31	0.002278979169204831	0.0024580368772149086	0.9952629804611206	0.0013856644509360194	0.0009210400748997927	0.9976932406425476
32	0.9872211813926697	0.009541011415421963	0.003237738972529769	0.9871184825897217	0.009950744919478893	0.0029308234807103872
33	0.9892065525054932	0.008092623203992844	0.0027007716707885265	0.9904140830039978	0.007196617778390646	0.002389284549281001
34	0.9924498796463013	0.006483393721282482	0.0010667708702385426	0.9867223501205444	0.01218344084918499	0.001094328472390771
35	0.9770574569702148	0.015352451242506504	0.007590080611407757	0.9755786061286926	0.015582202933728695	0.008839231915771961
36	0.994145393371582	0.004500542301684618	0.0013540046056732535	0.9934309124946594	0.004552154801785946	0.0020169196650385857
37	0.9865486025810242	0.008571690879762173	0.004879639949649572	0.970400869846344	0.01381709799170494	0.015781953930854797
38	0.9502793550491333	0.022634398192167282	0.027086200192570686	0.8752754926681519	0.03682105243206024	0.08790343999862671
39	0.989682674407959	0.009253065101802349	0.0010641521075740457	0.9872289896011353	0.011655702255666256	0.001115271938033402
40	0.9918870329856873	0.007110274396836758	0.0010027270764112473	0.9941417574882507	0.005023355130106211	0.000834926322568208
41	0.9882287979125977	0.009405386634171009	0.002365834778174758	0.9878005981445312	0.009457064792513847	0.0027424213476479053
42	0.9754695296287537	0.02089160680770874	0.0036387417931109667	0.966888427734375	0.03114682249724865	0.0019647933077067137
43	0.982088029384613	0.01394229382276535	0.003969583660364151	0.98216313123703	0.013874364085495472	0.003962507471442223
44	0.9581120014190674	0.026476025581359863	0.015411908738315105	0.9602307081222534	0.02685457468032837	0.01291473675519228
45	0.9907612204551697	0.007628845050930977	0.001609972445294261	0.9900782108306885	0.007897401228547096	0.0020243653561919928
46	0.995457649230957	0.0036404042039066553	0.0009020288125611842	0.9933412671089172	0.0054503693245351315	0.0012083842884749174
47	0.9877979159355164	0.008893730118870735	0.0033083297312259674	0.9862557053565979	0.00837190356105566	0.005372457206249237
48	0.9916738867759705	0.007225280627608299	0.0011008462170138955	0.9916411638259888	0.006751852110028267	0.0016070047859102488
49	0.988404393196106	0.009788073599338531	0.0018075215630233288	0.41231048107147217	0.5761150121688843	0.011574489064514637
50	0.9910458922386169	0.007810136303305626	0.001143918838351965	0.9908912777900696	0.008089910261332989	0.0010187793523073196
51	0.9876761436462402	0.010254479013383389	0.0020694443956017494	0.9831687211990356	0.015619106590747833	0.0012120874598622322
52	0.9845273494720459	0.012859400361776352	0.002613235730677843	0.9735225439071655	0.023200325667858124	0.0032770452089607716
53	0.9111782908439636	0.08244236558675766	0.0063793594017624855	0.9650780558586121	0.03127871826291084	0.003643272677436471
54	0.9881917834281921	0.008998625911772251	0.002809518948197365	0.9831426739692688	0.01268941443413496	0.0041678971610963345
55	0.4643495976924896	0.05264930799603462	0.48300108313560486	0.6811966300010681	0.049138642847537994	0.2696647346019745
56	0.9889833331108093	0.00958047341555357	0.0014362222282215953	0.9631785154342651	0.035934194922447205	0.0008872229373082519
57	0.9865092635154724	0.011201536282896996	0.002289280528202653	0.9867731928825378	0.010885479860007763	0.002341334242373705
58	0.9913033246994019	0.007108275778591633	0.0015883806627243757	0.9916511178016663	0.006649565417319536	0.0016992707969620824
59	0.9854470491409302	0.011568219400942326	0.002984735183417797	0.9864614605903625	0.010977650061249733	0.002560879336670041
60	0.5883801579475403	0.11102235317230225	0.30059751868247986	0.7114654779434204	0.08252954483032227	0.20600496232509613
61	0.964388370513916	0.0186264980584383	0.016985086724162102	0.9637368321418762	0.019627558067440987	0.01663563959300518
62	0.9787610769271851	0.017005430534482002	0.004233549349009991	0.8827202320098877	0.06258253753185272	0.05469720810651779
63	0.9734805822372437	0.022275615483522415	0.004243770148605108	0.9659121632575989	0.028383305296301842	0.0057045286521315575
64	0.9814186096191406	0.006660620681941509	0.011920812539756298	0.9786812663078308	0.006172270514070988	0.015146421268582344
65	0.9521103501319885	0.0376933217048645	0.01019631139934063	0.9625498056411743	0.029755961149930954	0.00769416568800807
66	0.972077488899231	0.018945995718240738	0.00897649209946394	0.9718731045722961	0.019319429993629456	0.008807484991848469
67	0.9812978506088257	0.016316771507263184	0.0023853133898228407	0.9795584082603455	0.01889917254447937	0.0015424281591549516
68	0.9919635057449341	0.006088029593229294	0.0019484637305140495	0.9934932589530945	0.005163736641407013	0.001343052601441741
69	0.9921345710754395	0.00582614541053772	0.002039218321442604	0.9908648133277893	0.007663427852094173	0.0014718046877533197
70	0.9221445918083191	0.06693389266729355	0.010921550914645195	0.9527080655097961	0.04185895994305611	0.005432952661067247
71	0.9930839538574219	0.005567248910665512	0.0013487590476870537	0.9865714907646179	0.011192706413567066	0.0022358668502420187
72	0.9785755276679993	0.017603609710931778	0.0038208020851016045	0.9812808632850647	0.015710990875959396	0.003008176339790225
73	0.9928938746452332	0.005513802170753479	0.0015922930324450135	0.9917343854904175	0.006766814738512039	0.001498812111094594
74	0.00196782941929996	0.0022288181353360415	0.9958034157752991	0.004934888798743486	0.004613634664565325	0.990451455116272
75	0.9771230220794678	0.02193315327167511	0.0009438892593607306	0.9904847145080566	0.006212136242538691	0.003303103381767869
76	0.9840452671051025	0.014583084732294083	0.0013717070687562227	0.9800266623497009	0.018423613160848618	0.0015496936393901706
77	0.9817737936973572	0.015273874625563622	0.0029524024575948715	0.9863634705543518	0.011882568709552288	0.0017539763357490301
78	0.7746742963790894	0.07181960344314575	0.1535061001777649	0.9063687920570374	0.04685728996992111	0.046773891896009445
79	0.9865352511405945	0.008389384485781193	0.005075287073850632	0.9798984527587891	0.015017000027000904	0.005084496922791004
80	0.9246607422828674	0.07201431691646576	0.003324904479086399	0.8987348079681396	0.09457433223724365	0.006690827663987875
81	0.9924873113632202	0.005333275068551302	0.0021794389467686415	0.9923250675201416	0.005860650446265936	0.0018142483895644546
82	0.4920438826084137	0.05170775204896927	0.45624840259552	0.2158185988664627	0.05134241655468941	0.7328389286994934
83	0.6687113046646118	0.13225875794887543	0.19902995228767395	0.18417268991470337	0.7361757159233093	0.07965163141489029
84	0.9847533702850342	0.013470408506691456	0.0017762212082743645	0.9606286287307739	0.036576200276613235	0.0027951193042099476
85	0.9667728543281555	0.031403928995132446	0.0018232192378491163	0.9319992065429688	0.05779362469911575	0.01020714920014143
86	0.9904720783233643	0.008141198195517063	0.0013868033420294523	0.9946517944335938	0.004315060097724199	0.0010331532685086131
87	0.9884648323059082	0.010198205709457397	0.001336973742581904	0.9892059564590454	0.009690608829259872	0.0011034583440050483
88	0.9863605499267578	0.009651383385062218	0.003988092765212059	0.9864038228988647	0.008929016068577766	0.004667170811444521
89	0.9851890802383423	0.013216833584010601	0.0015940135344862938	0.978232204914093	0.020931439474225044	0.0008363688830286264
90	0.9894028902053833	0.009542587213218212	0.0010545294499024749	0.9889833331108093	0.009966719895601273	0.0010499692289158702
91	0.9834555983543396	0.014217172749340534	0.0023271420504897833	0.9809491038322449	0.016973866149783134	0.0020770097617059946
92	0.9801795482635498	0.01851147785782814	0.0013088928535580635	0.982837438583374	0.015584825538098812	0.0015777108492329717
93	0.9889361262321472	0.009729292243719101	0.0013346613850444555	0.9901166558265686	0.008422276936471462	0.0014611025108024478
94	0.9663973450660706	0.030391957610845566	0.003210686147212982	0.47570347785949707	0.5140259861946106	0.010270597413182259
95	0.9923399686813354	0.006816893815994263	0.0008431386086158454	0.9762529730796814	0.02300293743610382	0.0007441683555953205
96	0.979933500289917	0.018626512959599495	0.0014399995561689138	0.6233745813369751	0.3742763102054596	0.0023490700405091047
97	0.976840615272522	0.013793867081403732	0.009365509264171124	0.9461788535118103	0.023257246240973473	0.030563799664378166
98	0.9886273741722107	0.008331411518156528	0.0030412424821406603	0.9882932901382446	0.008169414475560188	0.0035372821148484945
99	0.9808354377746582	0.014582703821361065	0.004581794608384371	0.986221194267273	0.011150411330163479	0.0026284409686923027
100	0.9442254304885864	0.04792069271206856	0.00785392988473177	0.5639773607254028	0.12901867926120758	0.3070039451122284
101	0.727885365486145	0.01759631559252739	0.2545182704925537	0.21782536804676056	0.04311489313840866	0.7390598058700562
102	0.991121768951416	0.007462847977876663	0.0014153308002278209	0.9902143478393555	0.008402377367019653	0.001383210183121264
103	0.989264965057373	0.008733687922358513	0.002001224085688591	0.9900705218315125	0.008147826418280602	0.0017817605985328555
104	0.9799724221229553	0.017231369391083717	0.002796236192807555	0.9862122535705566	0.012031379155814648	0.0017563141882419586
105	0.9877498745918274	0.008643489331007004	0.003606640500947833	0.9862609505653381	0.010499623604118824	0.003239413257688284
106	0.9861648082733154	0.008919807150959969	0.004915381781756878	0.9877199530601501	0.00775702903047204	0.004522917326539755
107	0.985650360584259	0.012242448516190052	0.0021072090603411198	0.9720714092254639	0.016866112127900124	0.011062515899538994
108	0.9894319772720337	0.008311574347317219	0.002256440231576562	0.985968828201294	0.011075622402131557	0.002955538919195533
109	0.9895083904266357	0.008223054930567741	0.002268607495352626	0.9897151589393616	0.007968348450958729	0.0023164714220911264
110	0.9843413233757019	0.012370985001325607	0.0032877293415367603	0.9860678315162659	0.010621927678585052	0.0033102892339229584
111	0.9023442268371582	0.04398101195693016	0.053674694150686264	0.9254525303840637	0.03776714578270912	0.03678033873438835
112	0.9915545582771301	0.007078579626977444	0.0013668537139892578	0.9921618103981018	0.006506482604891062	0.0013317106058821082
113	0.9859720468521118	0.013025161810219288	0.0010026780655607581	0.9842017292976379	0.014889572747051716	0.0009087432408705354
114	0.9865473508834839	0.010426223278045654	0.0030264086090028286	0.9903358221054077	0.007409307640045881	0.0022549505811184645
115	0.9909098744392395	0.007290797308087349	0.0017992373323068023	0.9870462417602539	0.010848503559827805	0.0021052437368780375
116	0.8627775311470032	0.07141444087028503	0.0658080130815506	0.8218451738357544	0.09791181981563568	0.08024303615093231
117	0.9901291728019714	0.007393484003841877	0.0024773890618234873	0.9874695539474487	0.010937793180346489	0.0015926420455798507
118	0.9901371002197266	0.008685595355927944	0.0011772372527047992	0.9934939742088318	0.005612876731902361	0.0008930839248932898
119	0.9623386859893799	0.022575154900550842	0.015086241066455841	0.9729660749435425	0.01793408766388893	0.009099900722503662
120	0.9678266048431396	0.02452431060373783	0.007649008184671402	0.9446331858634949	0.03916751220822334	0.016199320554733276
121	0.714104175567627	0.27216771245002747	0.013728175312280655	0.14027389883995056	0.7280049920082092	0.1317211240530014
122	0.9826831817626953	0.010039017535746098	0.007277894765138626	0.9869829416275024	0.010675972327589989	0.0023410124704241753
123	0.9912676215171814	0.006695760879665613	0.0020365857053548098	0.9920024871826172	0.00606140773743391	0.0019361259182915092
124	0.9901845455169678	0.007480380591005087	0.002335077617317438	0.9896330833435059	0.007472807075828314	0.002894098637625575
125	0.991926908493042	0.006515903398394585	0.001557186827994883	0.9709590077400208	0.02245059236884117	0.00659047020599246
126	0.9896665811538696	0.00886154267936945	0.0014718330930918455	0.9606921076774597	0.037710290402173996	0.0015975834103301167
127	0.9847586154937744	0.010973012074828148	0.004268335178494453	0.9842018485069275	0.011127331294119358	0.004670887254178524
128	0.9819662570953369	0.01643102802336216	0.0016026825178414583	0.9817250370979309	0.012935297563672066	0.005339653696864843
129	0.9796930551528931	0.015656352043151855	0.004650686401873827	0.9785540699958801	0.016175488010048866	0.005270316265523434
130	0.9933753609657288	0.005448560696095228	0.001175970770418644	0.9922768473625183	0.006109658628702164	0.0016135259065777063
131	0.9857118725776672	0.010306667536497116	0.003981401678174734	0.9855603575706482	0.010671773925423622	0.003767864778637886
132	0.2709830403327942	0.7232773900032043	0.005739626940339804	0.2048385888338089	0.7821936011314392	0.012967796064913273
133	0.9823014736175537	0.014576371759176254	0.0031221492681652308	0.9830461144447327	0.0141393281519413	0.0028145608957856894
134	0.9794123768806458	0.01562521606683731	0.004962470848113298	0.9739316701889038	0.01679830253124237	0.009269987232983112
135	0.9889845848083496	0.008624636568129063	0.0023906873539090157	0.989528238773346	0.008733188733458519	0.0017385509563609958
136	0.9918248057365417	0.006958525162190199	0.0012166997184976935	0.9886409044265747	0.01034583430737257	0.0010133407777175307
137	0.993098795413971	0.004757572431117296	0.0021436403039842844	0.99126797914505	0.004298865329474211	0.004433158785104752
138	0.9799805283546448	0.017432736232876778	0.002586686983704567	0.9942046999931335	0.004422015510499477	0.0013733265222981572
139	0.9912949204444885	0.006163968704640865	0.0025411765091121197	0.9908112287521362	0.006369680631905794	0.0028191995806992054
140	0.9268776774406433	0.052396778017282486	0.020725630223751068	0.9848328232765198	0.006405169609934092	0.008762044832110405
141	0.9871153831481934	0.01077002938836813	0.0021145909558981657	0.9883787631988525	0.00978610198944807	0.0018351636826992035
142	0.9806997179985046	0.01434115506708622	0.004959149286150932	0.9792882800102234	0.015585727989673615	0.005125958006829023
143	0.9644767642021179	0.028272537514567375	0.007250810973346233	0.8316978812217712	0.16209690272808075	0.006205142941325903
144	0.9795533418655396	0.01949748955667019	0.000949108216445893	0.9789667129516602	0.0197625569999218	0.0012707720743492246
145	0.9928510189056396	0.005656751338392496	0.00149221858009696	0.9910145401954651	0.006903938949108124	0.0020815099123865366
146	0.9878250360488892	0.007600895594805479	0.00457410141825676	0.9909890294075012	0.0070454091764986515	0.001965528354048729
147	0.994425892829895	0.0040213740430772305	0.0015527408104389906	0.9958552718162537	0.003123501082882285	0.0010212407214567065
148	0.9834885001182556	0.015388418920338154	0.0011230300879105926	0.9778538346290588	0.020942432805895805	0.0012036854168400168
149	0.9791660904884338	0.015373652800917625	0.005460227373987436	0.9808416366577148	0.013626659289002419	0.005531746428459883
150	0.9260804653167725	0.06811146438121796	0.005808104760944843	0.7919811606407166	0.20482251048088074	0.0031963426154106855
151	0.9853954315185547	0.012537487782537937	0.002067092340439558	0.9673901796340942	0.02709190361201763	0.005517963320016861
152	0.9672293663024902	0.026842951774597168	0.005927659571170807	0.9413191676139832	0.035630933940410614	0.023049842566251755
153	0.9904601573944092	0.007944704033434391	0.0015951194800436497	0.9909178614616394	0.007319164928048849	0.0017630677903071046
154	0.9823238849639893	0.015853261575102806	0.0018228580011054873	0.9834578037261963	0.014737986959517002	0.0018041169969365
155	0.9751876592636108	0.023443197831511497	0.0013691928470507264	0.9700747728347778	0.027495555579662323	0.002429619897156954
156	0.9896803498268127	0.009353083558380604	0.0009666496771387756	0.985393226146698	0.013505648821592331	0.00110119569581002
157	0.9588565230369568	0.02358413301408291	0.01755930669605732	0.97440105676651	0.017375530675053596	0.008223390206694603
158	0.994367778301239	0.004895067773759365	0.0007372211548499763	0.9913130402565002	0.00759001262485981	0.0010968397837132215
159	0.9909403324127197	0.005613940767943859	0.0034457643050700426	0.989597737789154	0.006573264487087727	0.003829077584668994
160	0.9794618487358093	0.015193728730082512	0.005344373639672995	0.8924316763877869	0.10157772153615952	0.005990610923618078
161	0.9758177995681763	0.02286798693239689	0.0013142544776201248	0.9770671725273132	0.021495405584573746	0.0014373705489560962
162	0.9903931021690369	0.008367573842406273	0.0012393102515488863	0.989579975605011	0.009081882424652576	0.0013380704913288355
163	0.9835917949676514	0.011604683473706245	0.004803463816642761	0.9775650501251221	0.01649501733481884	0.005939922761172056
164	0.9903900623321533	0.008076712489128113	0.00153319351375103	0.9900425672531128	0.008533897809684277	0.0014234459958970547
165	0.9851337671279907	0.012609296478331089	0.0022568833082914352	0.988610029220581	0.010053962469100952	0.0013360281009227037
166	0.992653489112854	0.005973791237920523	0.0013726569013670087	0.9934146404266357	0.005420126486569643	0.0011651995591819286
167	0.978830873966217	0.018790921196341515	0.002378137083724141	0.9801135659217834	0.018077123910188675	0.0018092916579917073
168	0.9870644807815552	0.010164528153836727	0.002770999213680625	0.986416220664978	0.01113798562437296	0.0024458090774714947
169	0.9818437695503235	0.016062840819358826	0.002093323739245534	0.9763078689575195	0.020975681021809578	0.002716401591897011
170	0.9879090189933777	0.005998148582875729	0.006092892959713936	0.9876250624656677	0.00640222430229187	0.005972633603960276
171	0.9777960181236267	0.017572904005646706	0.004631055984646082	0.7572017312049866	0.23719586431980133	0.005602453835308552
172	0.9654309153556824	0.028942231088876724	0.005626879632472992	0.9490821957588196	0.035435643047094345	0.015482248738408089
173	0.9721837639808655	0.02290686033666134	0.0049093556590378284	0.9782314896583557	0.01509691309183836	0.006671630311757326
174	0.9898757338523865	0.00889411848038435	0.0012301449896767735	0.9897341728210449	0.009055460803210735	0.0012102773180231452
175	0.9830968379974365	0.012798195704817772	0.004104939755052328	0.9829084873199463	0.013292080722749233	0.0037993574514985085
176	0.9869188666343689	0.010794958099722862	0.0022861994802951813	0.9867810606956482	0.010978897102177143	0.0022401241585612297
177	0.9914206266403198	0.006265612319111824	0.002313793869689107	0.9885461926460266	0.009674693457782269	0.0017790987621992826
178	0.9885315895080566	0.006929255090653896	0.00453915586695075	0.9887840747833252	0.007558504585176706	0.003657371038571
179	0.9918853044509888	0.004744466859847307	0.0033702764194458723	0.9915328621864319	0.005686524789780378	0.0027806831058114767
180	0.9906107783317566	0.007696130778640509	0.0016930889105424285	0.004997203592211008	0.9939789772033691	0.001023766933940351
181	0.9911338686943054	0.006808429956436157	0.0020577015820890665	0.9904116988182068	0.007403041701763868	0.0021852441132068634
182	0.9773678779602051	0.015190793201327324	0.0074412887915968895	0.8843324780464172	0.02118607610464096	0.094481460750103
183	0.9908661246299744	0.007961133494973183	0.0011727915843948722	0.9853231906890869	0.013881541788578033	0.0007953547174111009
184	0.9794761538505554	0.015798991546034813	0.004724826663732529	0.9769431352615356	0.019919073209166527	0.003137758933007717
185	0.9874560236930847	0.010388784110546112	0.0021552322432398796	0.9682855010032654	0.028596127405762672	0.003118331776931882
186	0.9913018941879272	0.0061897276900708675	0.002508364384993911	0.9907971620559692	0.006667756475508213	0.0025350702926516533
187	0.9914122819900513	0.006890117656439543	0.0016975821927189827	0.9917668700218201	0.006683830171823502	0.001549318665638566
188	0.989514946937561	0.009404179640114307	0.0010808366350829601	0.9845631718635559	0.013138379901647568	0.0022984298411756754
189	0.9826194047927856	0.014593491330742836	0.002787117613479495	0.9821937084197998	0.014807051979005337	0.0029993033967912197
190	0.9893130660057068	0.00916384905576706	0.0015231160214170814	0.988913357257843	0.009431522339582443	0.0016551399603486061
191	0.9868642687797546	0.010141988284885883	0.002993656089529395	0.9872782230377197	0.0095061669126153	0.003215657314285636
192	0.9912762641906738	0.007825451903045177	0.0008983512525446713	0.9932958483695984	0.005508797708898783	0.0011953888460993767
193	0.9908732175827026	0.005364116746932268	0.003762582316994667	0.9797657132148743	0.016895977780222893	0.00333825359120965
194	0.9716439247131348	0.02505471184849739	0.003301355754956603	0.975948691368103	0.02109956368803978	0.0029516846407204866
195	0.9849848747253418	0.008559214882552624	0.006455906666815281	0.9848355650901794	0.00840719137340784	0.006757117807865143
196	0.9938575625419617	0.005018938798457384	0.0011235068086534739	0.9938645958900452	0.004821476526558399	0.0013139703078195453
197	0.989046037197113	0.00934562273323536	0.0016083031659945846	0.9879533052444458	0.010418901219964027	0.0016276909736916423
198	0.97095787525177	0.01771542802453041	0.011326656676828861	0.7004678249359131	0.025194978341460228	0.2743372321128845
199	0.9872037768363953	0.010728714987635612	0.0020675042178481817	0.9877211451530457	0.010185505263507366	0.002093440620228648
