0	0.16551390290260315	0.39600372314453125	0.4384823143482208	0.25321048498153687	0.34097474813461304	0.4058147966861725
1	0.6336362957954407	0.23130369186401367	0.13506005704402924	0.9450566172599792	0.03227967023849487	0.022663675248622894
2	0.19847509264945984	0.21919453144073486	0.5823303461074829	0.46792396903038025	0.2774897813796997	0.25458618998527527
3	0.7603810429573059	0.09858011454343796	0.14103884994983673	0.47174057364463806	0.2620956003665924	0.2661638557910919
4	0.2883409857749939	0.08130613714456558	0.6303528547286987	0.25845614075660706	0.14803248643875122	0.5935112833976746
5	0.5119742155075073	0.3455013632774353	0.14252442121505737	0.9689980149269104	0.024421654641628265	0.00658031553030014
6	0.06674833595752716	0.32176637649536133	0.6114853024482727	0.3974219858646393	0.12092877179384232	0.4816492795944214
7	0.6691665649414062	0.24147352576255798	0.08935991674661636	0.9761606454849243	0.012782521545886993	0.011056892573833466
8	0.013180578127503395	0.9804325103759766	0.006386954803019762	0.935716450214386	0.06153951957821846	0.0027440704870969057
9	0.8760390877723694	0.09851744771003723	0.025443438440561295	0.9843632578849792	0.011277236975729465	0.0043594855815172195
10	0.6388609409332275	0.2577729821205139	0.10336610674858093	0.9137485027313232	0.07189469039440155	0.014356881380081177
11	0.11455158144235611	0.3033699691295624	0.5820784568786621	0.18313422799110413	0.5611124634742737	0.2557533085346222
12	0.6879058480262756	0.2777893841266632	0.03430482745170593	0.9001343846321106	0.05819355323910713	0.04167209193110466
13	0.10899905860424042	0.45403754711151123	0.43696334958076477	0.8091039061546326	0.12069003283977509	0.07020605355501175
14	0.4727819561958313	0.33762621879577637	0.18959179520606995	0.9122704863548279	0.06256026029586792	0.02516927756369114
15	0.29479384422302246	0.3175469934940338	0.38765913248062134	0.5936576128005981	0.21419362723827362	0.19214875996112823
16	0.08472970128059387	0.3645228147506714	0.5507474541664124	0.22211799025535583	0.5141717791557312	0.2637101709842682
17	0.5471086502075195	0.25560736656188965	0.19728398323059082	0.7665011286735535	0.17449985444545746	0.058998994529247284
18	0.25183939933776855	0.2425449937582016	0.5056155920028687	0.40622177720069885	0.2948254644870758	0.29895272850990295
19	0.17862993478775024	0.38037434220314026	0.44099581241607666	0.047787316143512726	0.7462203502655029	0.20599235594272614
20	0.0704488530755043	0.33953794836997986	0.5900132060050964	0.04471522197127342	0.4772129952907562	0.4780717194080353
21	0.22645148634910583	0.2274656742811203	0.5460829138755798	0.6851009130477905	0.19643448293209076	0.11846459656953812
22	0.7841673493385315	0.14635643362998962	0.06947620958089828	0.8488894701004028	0.12198080122470856	0.02912977524101734
23	0.03116898611187935	0.12898217141628265	0.8398488759994507	0.03883553296327591	0.2618773877620697	0.6992869973182678
24	0.03736633062362671	0.2913111746311188	0.6713224649429321	0.44999298453330994	0.40550851821899414	0.1444985717535019
25	0.2795221209526062	0.4372555911540985	0.2832222580909729	0.7670776844024658	0.1717313975095749	0.06119092181324959
26	0.1405862718820572	0.30084604024887085	0.5585677027702332	0.05627315491437912	0.6147794723510742	0.3289473354816437
27	0.2505376636981964	0.642052412033081	0.10740993171930313	0.8254066705703735	0.14007146656513214	0.03452194109559059
28	0.1556118130683899	0.22463718056678772	0.6197509765625	0.29988893866539	0.27902042865753174	0.42109063267707825
29	0.825729489326477	0.08957260847091675	0.08469787985086441	0.656904935836792	0.30988991260528564	0.033205192536115646
30	0.8732187151908875	0.10901801288127899	0.017763225361704826	0.9877315163612366	0.009632624685764313	0.002635897835716605
31	0.5310885310173035	0.26212817430496216	0.20678333938121796	0.8522875905036926	0.11856146156787872	0.029150964692234993
32	0.11964317411184311	0.5337706208229065	0.346586138010025	0.3476196825504303	0.10991600155830383	0.5424642562866211
33	0.6678026914596558	0.3097411096096039	0.02245618775486946	0.8493127226829529	0.11927247792482376	0.03141476586461067
34	0.16177257895469666	0.3409145772457123	0.4973127543926239	0.616513192653656	0.09107721596956253	0.29240965843200684
35	0.8604605197906494	0.11510607600212097	0.02443346194922924	0.9263033866882324	0.055045947432518005	0.018650690093636513
36	0.8708270192146301	0.11014527827501297	0.019027680158615112	0.230208158493042	0.738415002822876	0.03137683495879173
37	0.9016455411911011	0.07729283720254898	0.021061638370156288	0.9879262447357178	0.009233186021447182	0.002840612782165408
38	0.18386031687259674	0.4127674996852875	0.403372198343277	0.7432985305786133	0.1294814944267273	0.12721994519233704
39	0.06531289964914322	0.2690504193305969	0.6656367182731628	0.11228560656309128	0.270414799451828	0.6172995567321777
40	0.759369969367981	0.12252329289913177	0.11810681968927383	0.7637870907783508	0.14899641275405884	0.08721646666526794
41	0.08040224760770798	0.33564478158950806	0.5839530229568481	0.2225571721792221	0.46983325481414795	0.307609498500824
42	0.5256468057632446	0.3958296775817871	0.07852350175380707	0.9670469164848328	0.027741627767682076	0.0052113342098891735
43	0.09853699058294296	0.5002908110618591	0.4011722207069397	0.22393439710140228	0.3842822313308716	0.39178338646888733
44	0.9118415713310242	0.08178354054689407	0.006374801509082317	0.988837718963623	0.009564201347529888	0.0015980275347828865
45	0.36544522643089294	0.23298127949237823	0.4015734791755676	0.5489382147789001	0.1819562464952469	0.26910561323165894
46	0.3822416067123413	0.5519627928733826	0.06579558551311493	0.9380850791931152	0.03811134770512581	0.02380361594259739
47	0.7331134676933289	0.24417570233345032	0.02271087095141411	0.9742496609687805	0.022251853719353676	0.0034984159283339977
48	0.023843221366405487	0.2613043487071991	0.7148523926734924	0.13946029543876648	0.1427568793296814	0.7177829146385193
49	0.6429381370544434	0.3094231188297272	0.04763871803879738	0.9069508910179138	0.07994329184293747	0.01310584507882595
50	0.1317528337240219	0.3741687536239624	0.4940783679485321	0.44609180092811584	0.33791524171829224	0.21599292755126953
51	0.029255812987685204	0.29750803112983704	0.673236072063446	0.2121836245059967	0.31308513879776	0.4747312366962433
52	0.501741349697113	0.4009909927845001	0.09726767987012863	0.7283593416213989	0.23226477205753326	0.03937583044171333
53	0.2743586301803589	0.290401428937912	0.43523991107940674	0.5491968393325806	0.22302395105361938	0.22777928411960602
54	0.6342501640319824	0.1799095869064331	0.18584026396274567	0.1131693422794342	0.07172731310129166	0.81510329246521
55	0.2181924283504486	0.592870831489563	0.18893671035766602	0.6455215215682983	0.26363518834114075	0.09084334224462509
56	0.3878735601902008	0.2623181939125061	0.3498082756996155	0.3892788887023926	0.039778199046850204	0.5709428787231445
57	0.508988082408905	0.4153735339641571	0.07563838362693787	0.8485398292541504	0.08081147819757462	0.0706486627459526
58	0.6855807900428772	0.2513676881790161	0.06305156648159027	0.6646076440811157	0.2839406728744507	0.05145170912146568
59	0.29790037870407104	0.6467888355255127	0.05531081557273865	0.9700783491134644	0.017174914479255676	0.012746702879667282
60	0.7569321990013123	0.11101645976305008	0.13205134868621826	0.8742155432701111	0.03994126245379448	0.08584313839673996
61	0.0214980561286211	0.5436957478523254	0.43480610847473145	0.7629271149635315	0.1679244190454483	0.06914851814508438
62	0.7193312644958496	0.22174081206321716	0.05892786383628845	0.985673189163208	0.01165764406323433	0.002669160021468997
63	0.3356534540653229	0.3360491394996643	0.3282974064350128	0.723294734954834	0.19701901078224182	0.0796862319111824
64	0.028848785907030106	0.9290831089019775	0.04206812009215355	0.9626726508140564	0.032871853560209274	0.004455517046153545
65	0.3901100158691406	0.17406652867794037	0.4358234703540802	0.6044550538063049	0.22650045156478882	0.16904452443122864
66	0.47844627499580383	0.15347518026828766	0.3680785894393921	0.2900705933570862	0.04913812503218651	0.660791277885437
67	0.10987871885299683	0.5691089630126953	0.3210122883319855	0.5640411972999573	0.2800752520561218	0.1558835506439209
68	0.5608498454093933	0.4007740318775177	0.03837621212005615	0.39914363622665405	0.5913903117179871	0.009466144256293774
69	0.8684129118919373	0.11173688620328903	0.019850250333547592	0.9274642467498779	0.04966101795434952	0.022874681279063225
70	0.9135246276855469	0.07210782170295715	0.014367586001753807	0.9751793742179871	0.022341441363096237	0.002479136921465397
71	0.38705796003341675	0.3133672773838043	0.29957470297813416	0.2845858335494995	0.6144893169403076	0.10092492401599884
72	0.22832265496253967	0.4943956136703491	0.2772817015647888	0.7160254716873169	0.1938062459230423	0.09016826003789902
73	0.7391402721405029	0.18889503180980682	0.07196476310491562	0.9578161835670471	0.017252516001462936	0.02493135817348957
74	0.7512498497962952	0.15623168647289276	0.09251844137907028	0.8886802196502686	0.06306157261133194	0.04825831204652786
75	0.12179915606975555	0.5691474676132202	0.3090532720088959	0.6164851188659668	0.26939958333969116	0.11411527544260025
76	0.8535200357437134	0.12791815400123596	0.01856178231537342	0.9783025979995728	0.018031708896160126	0.0036656372249126434
77	0.21931107342243195	0.7414583563804626	0.03923052176833153	0.8644652962684631	0.11800973117351532	0.017524924129247665
78	0.3253173232078552	0.3604101836681366	0.31427255272865295	0.7722643613815308	0.17605279386043549	0.05168283358216286
79	0.8591190576553345	0.09176833182573318	0.04911263659596443	0.965708315372467	0.02761787734925747	0.006673851516097784
80	0.11919844150543213	0.3957379460334778	0.48506370186805725	0.26318731904029846	0.37252694368362427	0.36428579688072205
81	0.8007493019104004	0.13168632984161377	0.06756438314914703	0.9357995986938477	0.05213180184364319	0.012068531475961208
82	0.5392628312110901	0.19570890069007874	0.265028178691864	0.6780675053596497	0.17675606906414032	0.14517641067504883
83	0.692666232585907	0.19244740903377533	0.11488635092973709	0.5028354525566101	0.48435139656066895	0.01281313132494688
84	0.4187919795513153	0.1751355081796646	0.4060725271701813	0.2664901316165924	0.46138110756874084	0.27212879061698914
85	0.5332457423210144	0.1978321671485901	0.2689221501350403	0.7585543990135193	0.18417781591415405	0.05726778134703636
86	0.8841016888618469	0.10988349467515945	0.006014821119606495	0.9541356563568115	0.04163730889558792	0.004226995632052422
87	0.4445907175540924	0.2804063856601715	0.2750028669834137	0.6111064553260803	0.24372318387031555	0.14517037570476532
88	0.026155633851885796	0.1023411899805069	0.8715031147003174	0.07315003126859665	0.049463532865047455	0.8773865103721619
89	0.7543725371360779	0.16151811182498932	0.08410944044589996	0.9474624395370483	0.04304550960659981	0.009491987526416779
90	0.6809399127960205	0.1922610104084015	0.1267991065979004	0.8794819712638855	0.11232315003871918	0.008194898255169392
91	0.8782080411911011	0.10983344167470932	0.011958535760641098	0.8278900980949402	0.11195296794176102	0.06015690416097641
92	0.3567247688770294	0.27247050404548645	0.37080472707748413	0.3796941936016083	0.32595574855804443	0.2943500876426697
93	0.5008589029312134	0.24575766921043396	0.25338342785835266	0.6144508719444275	0.36366555094718933	0.02188357524573803
94	0.13939139246940613	0.473151832818985	0.38745683431625366	0.3481307029724121	0.1666194498538971	0.4852498769760132
95	0.18430086970329285	0.7698772549629211	0.0458219051361084	0.9619622230529785	0.024021657183766365	0.014016135595738888
96	0.5874781608581543	0.28645557165145874	0.12606637179851532	0.7196457386016846	0.18012292683124542	0.10023140162229538
97	0.10737119615077972	0.7670246958732605	0.12560412287712097	0.8825810551643372	0.10303058475255966	0.014388399198651314
98	0.8389040231704712	0.13747571408748627	0.02362026832997799	0.9762589931488037	0.020769836381077766	0.0029711187817156315
99	0.2542651295661926	0.486882746219635	0.25885212421417236	0.49861276149749756	0.33035507798194885	0.17103223502635956
100	0.06751897931098938	0.9162980914115906	0.016182947903871536	0.8580554127693176	0.1304081529378891	0.011536430567502975
101	0.6523109674453735	0.0828273817896843	0.26486170291900635	0.9865869879722595	0.00961878802627325	0.003794258926063776
102	0.8828346133232117	0.08610528707504272	0.03106011636555195	0.9653159379959106	0.022467829287052155	0.012216178700327873
103	0.45466163754463196	0.30058079957962036	0.24475760757923126	0.586422860622406	0.320409893989563	0.0931672677397728
104	0.6439855694770813	0.24202194809913635	0.11399243026971817	0.9264928698539734	0.05657975375652313	0.01692735031247139
105	0.5334692001342773	0.29205024242401123	0.17448052763938904	0.5229990482330322	0.42128369212150574	0.05571726709604263
106	0.4858110845088959	0.17826199531555176	0.3359268307685852	0.8774533867835999	0.04114595800638199	0.08140058070421219
107	0.24723617732524872	0.4516132175922394	0.3011506497859955	0.6562092900276184	0.17587624490261078	0.1679145097732544
108	0.9725263714790344	0.02264883555471897	0.004824801813811064	0.9871101379394531	0.009364528581500053	0.003525302978232503
109	0.6515053510665894	0.1479317843914032	0.20056289434432983	0.7530571222305298	0.20111916959285736	0.04582369700074196
110	0.8713187575340271	0.08933058381080627	0.03935069963335991	0.8540122509002686	0.07834611088037491	0.06764162331819534
111	0.5135456323623657	0.1442004293203354	0.3422539234161377	0.4053982198238373	0.3347174823284149	0.25988420844078064
112	0.6244137287139893	0.26777830719947815	0.10780801624059677	0.5223485231399536	0.4488890469074249	0.028762422502040863
113	0.5154218673706055	0.26951131224632263	0.21506677567958832	0.8586866855621338	0.0566241592168808	0.08468914031982422
114	0.04509110003709793	0.2274288386106491	0.7274800539016724	0.4127807915210724	0.3928394317626953	0.1943797469139099
115	0.5368741750717163	0.35957542061805725	0.10355037450790405	0.9197514653205872	0.05416126176714897	0.026087196543812752
116	0.7399452924728394	0.17032453417778015	0.08973020315170288	0.6262523531913757	0.2152867168188095	0.15846098959445953
117	0.0637790858745575	0.15558075904846191	0.780640184879303	0.22631996870040894	0.2814007103443146	0.4922792613506317
118	0.936232328414917	0.0592840351164341	0.004483617376536131	0.990624725818634	0.0074693881906569	0.0019058830803260207
119	0.8835505247116089	0.09024547785520554	0.026203975081443787	0.9872826337814331	0.010337636806070805	0.002379786688834429
120	0.5154587626457214	0.40077582001686096	0.0837654322385788	0.9436014890670776	0.04954987391829491	0.006848590448498726
121	0.2718321979045868	0.5566219687461853	0.1715458333492279	0.6926509737968445	0.09999926388263702	0.20734980702400208
122	0.051864977926015854	0.10329103469848633	0.8448439836502075	0.06058819591999054	0.44247010350227356	0.4969417452812195
123	0.4615415334701538	0.3030380308628082	0.2354203462600708	0.8930498361587524	0.07921040058135986	0.027739789336919785
124	0.20801760256290436	0.30611348152160645	0.485868901014328	0.5867345333099365	0.34460803866386414	0.06865736097097397
125	0.38527271151542664	0.2108519971370697	0.40387535095214844	0.9663065075874329	0.026431133970618248	0.007262426428496838
126	0.6915807127952576	0.18722860515117645	0.12119068205356598	0.8665404319763184	0.07278134673833847	0.06067825108766556
127	0.35883256793022156	0.4585146903991699	0.18265268206596375	0.9096769690513611	0.06878630816936493	0.021536637097597122
128	0.008395581506192684	0.6323679685592651	0.359236478805542	0.06707823276519775	0.5997312664985657	0.33319053053855896
129	0.14523786306381226	0.8138974905014038	0.04086460918188095	0.8913301825523376	0.09975850582122803	0.00891123153269291
130	0.07668634504079819	0.9158018231391907	0.007511818781495094	0.5755151510238647	0.3978174328804016	0.026667440310120583
131	0.208901509642601	0.28702300786972046	0.5040755271911621	0.08607468754053116	0.47366178035736084	0.4402635097503662
132	0.9446014761924744	0.03973357006907463	0.015664946287870407	0.9846023321151733	0.012150252237915993	0.003247335087507963
133	0.5965495705604553	0.27552586793899536	0.12792453169822693	0.7642978429794312	0.2052152007818222	0.030486945062875748
134	0.18342247605323792	0.6653277277946472	0.1512497514486313	0.8933274149894714	0.08109693974256516	0.025575703009963036
135	0.45392921566963196	0.18019714951515198	0.36587363481521606	0.4611777663230896	0.3510880470275879	0.18773414194583893
136	0.8968146443367004	0.09203293919563293	0.011152355931699276	0.9778617024421692	0.01784898154437542	0.0042893108911812305
137	0.7947081923484802	0.11481213569641113	0.09047970175743103	0.9685525894165039	0.025555111467838287	0.0058922478929162025
138	0.8095059990882874	0.1739359200000763	0.016558052971959114	0.9556159377098083	0.04147420823574066	0.0029098617378622293
139	0.7364380359649658	0.16768641769886017	0.09587551653385162	0.8460786938667297	0.09156310558319092	0.062358226627111435
140	0.8009030222892761	0.19323182106018066	0.0058651277795434	0.9875771999359131	0.010245680809020996	0.0021771383471786976
141	0.9289901256561279	0.06348806619644165	0.007521892432123423	0.8176075220108032	0.1677204966545105	0.014672021381556988
142	0.8339020609855652	0.13086508214473724	0.03523280471563339	0.8922419548034668	0.07917768508195877	0.028580432757735252
143	0.4344259202480316	0.2997078001499176	0.2658662497997284	0.6358590722084045	0.2684762477874756	0.0956646054983139
144	0.637147843837738	0.20504231750965118	0.15780985355377197	0.9733121991157532	0.024703005328774452	0.001984735717996955
145	0.49806854128837585	0.14378619194030762	0.35814523696899414	0.6735960841178894	0.19908560812473297	0.12731832265853882
146	0.7718515992164612	0.1547972410917282	0.07335115969181061	0.7862911224365234	0.14709699153900146	0.06661185622215271
147	0.4425077736377716	0.45475301146507263	0.10273915529251099	0.9514194130897522	0.027590671554207802	0.020989926531910896
148	0.13869895040988922	0.6730778217315674	0.1882232129573822	0.9850478172302246	0.012555921450257301	0.002396354218944907
149	0.11894495040178299	0.2554139792919159	0.6256410479545593	0.2954762876033783	0.284037321805954	0.4204864203929901
150	0.47662627696990967	0.3811647891998291	0.1422089785337448	0.8472852110862732	0.12018216401338577	0.0325327068567276
151	0.7180282473564148	0.2263290286064148	0.055642616003751755	0.941196084022522	0.05267734453082085	0.006126573774963617
152	0.4644908308982849	0.2780664563179016	0.25744277238845825	0.8057875037193298	0.15125231444835663	0.04296023026108742
153	0.8491070866584778	0.12717176973819733	0.02372119203209877	0.9126145839691162	0.07465222477912903	0.012733206152915955
154	0.8050543069839478	0.14498183131217957	0.04996383935213089	0.9658344984054565	0.0301604513078928	0.004005004186183214
155	0.552939772605896	0.25906267762184143	0.18799756467342377	0.7594468593597412	0.16638121008872986	0.07417191565036774
156	0.1604033261537552	0.2756996750831604	0.5638970136642456	0.5971297025680542	0.18704469501972198	0.21582569181919098
157	0.05475462228059769	0.20758885145187378	0.7376565337181091	0.4161413908004761	0.1936512589454651	0.39020735025405884
158	0.16808855533599854	0.3509589731693268	0.48095250129699707	0.3454585075378418	0.3467450737953186	0.3077964186668396
159	0.5554062128067017	0.2670428156852722	0.17755095660686493	0.9767167568206787	0.015222578309476376	0.008060699328780174
160	0.9460377097129822	0.048068903386592865	0.005893389228731394	0.9852139353752136	0.011392368003726006	0.0033937357366085052
161	0.2436194121837616	0.274619460105896	0.48176106810569763	0.8938882946968079	0.06470749527215958	0.04140428081154823
162	0.09774080663919449	0.34030136466026306	0.5619577765464783	0.22345979511737823	0.4750891923904419	0.3014509975910187
163	0.48533356189727783	0.19658702611923218	0.31807947158813477	0.9054416418075562	0.03457355871796608	0.059984829276800156
164	0.728889524936676	0.13661625981330872	0.13449423015117645	0.8725895881652832	0.07931017130613327	0.04810028895735741
165	0.9310317039489746	0.05504070222377777	0.013927668333053589	0.9855600595474243	0.011348661035299301	0.0030912940856069326
166	0.08648034185171127	0.2101878970861435	0.703331708908081	0.5904930233955383	0.16053169965744019	0.2489752620458603
167	0.9110330939292908	0.07705109566450119	0.011915750801563263	0.9792628884315491	0.018422015011310577	0.0023149624466896057
168	0.1761707216501236	0.14191223680973053	0.6819170713424683	0.5212991833686829	0.15296071767807007	0.3257400691509247
169	0.23331966996192932	0.3185439705848694	0.4481363594532013	0.6868879199028015	0.14692836999893188	0.16618366539478302
170	0.5705538392066956	0.17145009338855743	0.2579960227012634	0.7840216755867004	0.14533129334449768	0.07064703851938248
171	0.19856464862823486	0.23898588120937347	0.5624494552612305	0.1680828481912613	0.6944891214370728	0.13742801547050476
172	0.37301719188690186	0.3262897729873657	0.3006930649280548	0.5052251815795898	0.4068879783153534	0.08788692206144333
173	0.9172831177711487	0.0741056501865387	0.008611326105892658	0.9883400201797485	0.009497097693383694	0.002162979217246175
174	0.8285304307937622	0.12234287708997726	0.049126628786325455	0.9161244630813599	0.06763767451047897	0.016237864270806313
175	0.8092378973960876	0.10710379481315613	0.08365833014249802	0.9692354798316956	0.024382906034588814	0.00638158991932869
176	0.1952739655971527	0.30768871307373047	0.49703744053840637	0.3726579248905182	0.34678664803504944	0.28055548667907715
177	0.8852294087409973	0.09804947674274445	0.01672118529677391	0.9776025414466858	0.017476463690400124	0.004920999053865671
178	0.14226406812667847	0.5766447186470032	0.28109118342399597	0.5434554219245911	0.3206925094127655	0.13585199415683746
179	0.03579466789960861	0.04125778004527092	0.9229475855827332	0.6622445583343506	0.07615441828966141	0.261601060628891
180	0.5597743391990662	0.3562142550945282	0.08401146531105042	0.9067284464836121	0.07285743206739426	0.02041415311396122
181	0.019362064078450203	0.1800396889448166	0.8005982041358948	0.08566988259553909	0.2870505154132843	0.6272796392440796
182	0.35088983178138733	0.4666176736354828	0.1824924498796463	0.33047327399253845	0.5211345553398132	0.1483922004699707
183	0.15483011305332184	0.24779079854488373	0.5973790287971497	0.23649029433727264	0.4944863021373749	0.2690233588218689
184	0.7978988885879517	0.18270345032215118	0.019397662952542305	0.9626868963241577	0.03129851818084717	0.006014644633978605
185	0.13385364413261414	0.1318054050207138	0.7343409657478333	0.5578176975250244	0.16394773125648499	0.27823448181152344
186	0.7485608458518982	0.193561851978302	0.057877253741025925	0.8252480626106262	0.16361454129219055	0.011137353256344795
187	0.9485065340995789	0.044412679970264435	0.007080873008817434	0.989231288433075	0.008664485067129135	0.0021042574662715197
188	0.8956931829452515	0.08800013363361359	0.016306627541780472	0.9716777801513672	0.024150526151061058	0.0041716736741364
189	0.8804145455360413	0.10620633512735367	0.01337914727628231	0.982441246509552	0.014887751080095768	0.0026709199883043766
190	0.1858893632888794	0.6036853194236755	0.21042534708976746	0.849040687084198	0.09643233567476273	0.05452698469161987
191	0.20484066009521484	0.4265502989292145	0.3686090111732483	0.6761958003044128	0.1442311555147171	0.17957301437854767
192	0.928427517414093	0.06296227127313614	0.008610231801867485	0.9857081770896912	0.011025634594261646	0.0032661412842571735
193	0.7472121715545654	0.1556907594203949	0.09709704667329788	0.9828771948814392	0.012717986479401588	0.004404800478368998
194	0.4117359519004822	0.5258470177650452	0.062417030334472656	0.8352508544921875	0.09957347810268402	0.06517573446035385
195	0.35069164633750916	0.23078462481498718	0.41852375864982605	0.9706798195838928	0.018338367342948914	0.010981854051351547
196	0.9755825400352478	0.022353731095790863	0.0020637023262679577	0.9918041229248047	0.006761129945516586	0.001434711623005569
197	0.43397992849349976	0.2575390338897705	0.3084810674190521	0.5623604655265808	0.2979956269264221	0.1396438628435135
198	0.4860606789588928	0.39178839325904846	0.12215086072683334	0.3335018455982208	0.21540887653827667	0.4510892927646637
199	0.2746351957321167	0.3066243529319763	0.41874048113822937	0.24904108047485352	0.5202609300613403	0.23069797456264496
