0	0.9842535257339478	0.011310196481645107	0.004436238203197718	0.9850499033927917	0.01049315370619297	0.00445694150403142
1	0.7555945515632629	0.12632527947425842	0.11808014661073685	0.953032910823822	0.02132180519402027	0.025645297020673752
2	0.6611055731773376	0.07282259315252304	0.2660718560218811	0.26520323753356934	0.11231310665607452	0.6224836111068726
3	0.9701299667358398	0.012510853819549084	0.01735915057361126	0.9707707762718201	0.012717320583760738	0.01651185378432274
4	0.054787155240774155	0.011459923349320889	0.9337528944015503	0.6804907917976379	0.02848338522017002	0.291025847196579
5	0.9888050556182861	0.007406542077660561	0.0037883950863033533	0.988646924495697	0.007350304163992405	0.004002727568149567
6	0.9848805665969849	0.010247482918202877	0.004871930927038193	0.9856786131858826	0.009539103135466576	0.004782277159392834
7	0.31981492042541504	0.02653849869966507	0.6536466479301453	0.13085897266864777	0.017986562103033066	0.8511544466018677
8	0.992271900177002	0.006301879417151213	0.0014262567274272442	0.992276132106781	0.006194106303155422	0.0015297874342650175
9	0.9689809679985046	0.013661772012710571	0.017357278615236282	0.9687134623527527	0.013346347026526928	0.01794023998081684
10	0.991296648979187	0.007297048810869455	0.0014061975525692105	0.991213858127594	0.007371894083917141	0.0014142540749162436
11	0.98478764295578	0.011491685174405575	0.0037207570858299732	0.9844956398010254	0.011712143197655678	0.0037921983748674393
12	0.9851247072219849	0.01136850193142891	0.0035067496355623007	0.9842191338539124	0.011697106994688511	0.004083664622157812
13	0.9880096316337585	0.009522668085992336	0.002467669313773513	0.9878003597259521	0.009686016477644444	0.002513610292226076
14	0.9869167804718018	0.005527499597519636	0.00755573995411396	0.9873578548431396	0.00540045415982604	0.007241763174533844
15	0.9811229109764099	0.0152218546718359	0.0036551563534885645	0.9813449382781982	0.015059612691402435	0.0035954141058027744
16	0.9858706593513489	0.007472741883248091	0.006656584795564413	0.9840009212493896	0.007562241517007351	0.008436820469796658
17	0.9553768634796143	0.028528111055493355	0.016095077618956566	0.9554705619812012	0.029690632596611977	0.014838801696896553
18	0.9712172150611877	0.020653603598475456	0.008129087276756763	0.9719150066375732	0.020447509363293648	0.007637441158294678
19	0.9792066812515259	0.013582989573478699	0.007210294716060162	0.9787477254867554	0.013785557821393013	0.007466626353561878
20	0.994025468826294	0.0037023487966507673	0.0022722058929502964	0.9939006567001343	0.0037064305506646633	0.0023928824812173843
21	0.9850934743881226	0.010045269504189491	0.004861233755946159	0.9847990870475769	0.010103926993906498	0.005097073502838612
22	0.6456971168518066	0.05692754313349724	0.29737529158592224	0.01502132136374712	0.007148698437958956	0.9778299927711487
23	0.9946683049201965	0.0026691772509366274	0.0026624577585607767	0.9943191409111023	0.0028349971398711205	0.0028458270244300365
24	0.9832395911216736	0.008297919295728207	0.008462464436888695	0.982386589050293	0.008477804251015186	0.009135548956692219
25	0.9482805132865906	0.02378395013511181	0.027935463935136795	0.8448746204376221	0.056814827024936676	0.09831060469150543
26	0.9825237393379211	0.01125065702944994	0.006225646939128637	0.9847685098648071	0.010841004550457	0.004390439484268427
27	0.9866418838500977	0.009540852159261703	0.0038172234781086445	0.9864313006401062	0.009797591716051102	0.003771077608689666
28	0.4350932240486145	0.04366663098335266	0.5212401151657104	0.217171773314476	0.04246828332543373	0.740359902381897
29	0.9422774314880371	0.015413790941238403	0.04230877012014389	0.8968223333358765	0.013910623267292976	0.08926703780889511
30	0.25055789947509766	0.018333466723561287	0.7311086654663086	0.151765838265419	0.016355006024241447	0.831879198551178
31	0.0775240808725357	0.0068356795236468315	0.9156402349472046	0.08121595531702042	0.012281181290745735	0.9065028429031372
32	0.9875121712684631	0.009231094270944595	0.0032567207235842943	0.9880205988883972	0.009878428652882576	0.002100955694913864
33	0.8648176789283752	0.024644950404763222	0.11053743958473206	0.676593542098999	0.028398673981428146	0.2950078547000885
34	0.9658557772636414	0.017909344285726547	0.016234885901212692	0.9635846018791199	0.01841586083173752	0.017999520525336266
35	0.9826086759567261	0.011499498970806599	0.005891770590096712	0.9832926392555237	0.01122239138931036	0.005484990309923887
36	0.7433633804321289	0.035105425864458084	0.2215312421321869	0.6905223727226257	0.03536386415362358	0.2741137146949768
37	0.7598656415939331	0.04295983910560608	0.197174534201622	0.36178407073020935	0.04603876173496246	0.5921772122383118
38	0.9866070747375488	0.00814010575413704	0.005252826027572155	0.985990047454834	0.008460658602416515	0.005549299530684948
39	0.9853808283805847	0.008554806932806969	0.006064282730221748	0.9857973456382751	0.008586833253502846	0.0056158374063670635
40	0.6503291726112366	0.04656732827425003	0.30310341715812683	0.08812973648309708	0.015533795580267906	0.8963364958763123
41	0.8714601993560791	0.026634883135557175	0.10190490633249283	0.319125235080719	0.027533845975995064	0.6533409953117371
42	0.9639543294906616	0.017337430268526077	0.018708297982811928	0.9609059691429138	0.017138628289103508	0.021955441683530807
43	0.30792170763015747	0.05908393859863281	0.6329943537712097	0.4703608453273773	0.06388097256422043	0.46575820446014404
44	0.9373776912689209	0.0202386025339365	0.042383696883916855	0.8059677481651306	0.04202901944518089	0.15200325846672058
45	0.9881393909454346	0.009724471718072891	0.0021360821556299925	0.9885275363922119	0.009344394318759441	0.0021280900109559298
46	0.9887012243270874	0.00904032215476036	0.0022584644611924887	0.9885039925575256	0.009269571863114834	0.0022264705039560795
47	0.8904240727424622	0.03204525262117386	0.0775306299328804	0.44110673666000366	0.05695071816444397	0.50194251537323
48	0.035483263432979584	0.007943730801343918	0.9565730690956116	0.0710606649518013	0.009842013008892536	0.919097363948822
49	0.48686736822128296	0.02251124382019043	0.4906214475631714	0.02922806143760681	0.00479700043797493	0.9659749865531921
50	0.7526735067367554	0.028619371354579926	0.2187070995569229	0.06242435798048973	0.01647062599658966	0.9211049675941467
51	0.6458717584609985	0.05861635506153107	0.295511931180954	0.3450911045074463	0.11808833479881287	0.5368205904960632
52	0.8235970735549927	0.026946457102894783	0.14945639669895172	0.8196684122085571	0.02198312245309353	0.15834838151931763
53	0.986799418926239	0.006648082751780748	0.006552561651915312	0.9813390374183655	0.007450447883456945	0.011210561729967594
54	0.9860687255859375	0.00983856525272131	0.004092665854841471	0.9856557846069336	0.00974290445446968	0.004601287189871073
55	0.9934014678001404	0.002846343442797661	0.003752167569473386	0.9934950470924377	0.0026967350859194994	0.003808272071182728
56	0.9866594076156616	0.008819540031254292	0.004521091468632221	0.9863936305046082	0.008739867247641087	0.004866470582783222
57	0.06407236307859421	0.005579769145697355	0.9303478598594666	0.0067941173911094666	0.005247163586318493	0.9879586696624756
58	0.9791228771209717	0.006123583763837814	0.01475346740335226	0.9800777435302734	0.006080225575715303	0.013842013664543629
59	0.9861243963241577	0.011563548818230629	0.002312056953087449	0.986642599105835	0.011194944381713867	0.0021624667569994926
60	0.9469043612480164	0.020765824243426323	0.03232982009649277	0.6716427803039551	0.028442779555916786	0.29991450905799866
61	0.9925602674484253	0.005168483126908541	0.0022713160142302513	0.9921364784240723	0.005421134177595377	0.002442470286041498
62	0.9885287880897522	0.009387113153934479	0.002083983039483428	0.9887799024581909	0.00922591332346201	0.001994130667299032
63	0.19424647092819214	0.01918509043753147	0.7865684628486633	0.5233698487281799	0.032980624586343765	0.4436495006084442
64	0.9840793013572693	0.011046613566577435	0.004874019883573055	0.9868372678756714	0.009507152251899242	0.0036555903498083353
65	0.9913820624351501	0.005069978069514036	0.003547938307747245	0.989513635635376	0.005388061050325632	0.005098313093185425
66	0.9879462122917175	0.00727672828361392	0.004777099471539259	0.9875275492668152	0.007213270291686058	0.005259100813418627
67	0.29537877440452576	0.018918456509709358	0.6857028007507324	0.10957413166761398	0.015621018595993519	0.8748048543930054
68	0.9806569218635559	0.0069126226007938385	0.01243048720061779	0.983688473701477	0.006019584368914366	0.010291972197592258
69	0.9896607398986816	0.0060814316384494305	0.004257833585143089	0.9931461811065674	0.00458553247153759	0.002268220065161586
70	0.979557454586029	0.015720723196864128	0.004721853882074356	0.9830301403999329	0.013354852795600891	0.0036149860825389624
71	0.04508737474679947	0.00941650103777647	0.945496141910553	0.03152798116207123	0.013927542604506016	0.9545445442199707
72	0.015720399096608162	0.006651352625340223	0.9776282906532288	0.01755717024207115	0.013027693144977093	0.9694151282310486
73	0.9690235257148743	0.017307905480265617	0.013668607920408249	0.9681301712989807	0.01750330813229084	0.014366487972438335
74	0.828417956829071	0.02654353529214859	0.14503858983516693	0.8686960935592651	0.01727469079196453	0.11402925103902817
75	0.9817025661468506	0.01213205885142088	0.006165341008454561	0.9822908639907837	0.011736328713595867	0.005972777493298054
76	0.9724360704421997	0.017103256657719612	0.010460740886628628	0.9767178893089294	0.014125138521194458	0.009156988002359867
77	0.4101882576942444	0.038903843611478806	0.5509079098701477	0.10684101283550262	0.022181537002325058	0.8709774613380432
78	0.9849907755851746	0.008405674248933792	0.006603543646633625	0.9849498271942139	0.008538947440683842	0.006511278450489044
79	0.024362053722143173	0.006125209387391806	0.9695127010345459	0.12052472680807114	0.01750202663242817	0.861973226070404
80	0.9776492714881897	0.012324805371463299	0.01002583559602499	0.9758047461509705	0.012378841638565063	0.01181644108146429
81	0.987992525100708	0.005269873421639204	0.006737561896443367	0.9879229664802551	0.0054175048135221004	0.006659468170255423
82	0.7008751630783081	0.03134384751319885	0.26778098940849304	0.06466852128505707	0.017792195081710815	0.9175392389297485
83	0.9919573068618774	0.005160840228199959	0.0028818543069064617	0.992024302482605	0.005277884192764759	0.002697852673009038
84	0.9930486679077148	0.005725461058318615	0.0012258420465514064	0.9933685660362244	0.005361632909625769	0.0012698157224804163
85	0.9824811816215515	0.01368068065494299	0.0038382159546017647	0.9833290576934814	0.013182650320231915	0.0034882358741015196
86	0.9902055859565735	0.00862916000187397	0.0011651876848191023	0.9903138279914856	0.008583423681557178	0.0011027059517800808
87	0.9918320775032043	0.006024503614753485	0.0021435495000332594	0.9917448163032532	0.006053173448890448	0.002202016767114401
88	0.9154462814331055	0.02136191539466381	0.06319181621074677	0.39073875546455383	0.02720751240849495	0.5820537209510803
89	0.4063262343406677	0.04430999606847763	0.5493637323379517	0.021523255854845047	0.012048538774251938	0.9664281606674194
90	0.49574968218803406	0.03930850327014923	0.4649418592453003	0.09148739278316498	0.03697831556200981	0.8715342879295349
91	0.9850947856903076	0.010710329748690128	0.0041949632577598095	0.985893726348877	0.010150032117962837	0.003956221975386143
92	0.9915632009506226	0.006656878162175417	0.0017798681510612369	0.9917691946029663	0.006401269696652889	0.0018296350026503205
93	0.966836154460907	0.01492978259921074	0.01823410391807556	0.9800648093223572	0.012376107275485992	0.007559073623269796
94	0.9851592183113098	0.01025537308305502	0.004585445858538151	0.9849914908409119	0.010388393886387348	0.004620111547410488
95	0.9825084209442139	0.009385894984006882	0.008105728775262833	0.9824191331863403	0.009258624166250229	0.008322152309119701
96	0.9894649982452393	0.006659788079559803	0.0038751845713704824	0.9896181225776672	0.0065279267728328705	0.0038539422675967216
97	0.9868424534797668	0.008556840941309929	0.0046006981283426285	0.986746609210968	0.008458365686237812	0.004795026034116745
98	0.2869047224521637	0.04041924327611923	0.6726760268211365	0.42841118574142456	0.033234160393476486	0.5383546948432922
99	0.08657043427228928	0.017895754426717758	0.8955337405204773	0.032310694456100464	0.01208584662526846	0.9556034207344055
100	0.9850912094116211	0.010640446096658707	0.004268413409590721	0.9927417039871216	0.005705736111849546	0.0015525788767263293
101	0.9889645576477051	0.008878160268068314	0.002157284878194332	0.9886507987976074	0.009126327931880951	0.0022228683810681105
102	0.9915279150009155	0.005132458638399839	0.003339550457894802	0.9875361323356628	0.00634458614513278	0.006119296420365572
103	0.9877865314483643	0.009297589771449566	0.002915889723226428	0.9863119721412659	0.009749813936650753	0.003938212059438229
104	0.9802754521369934	0.015310392715036869	0.004414138849824667	0.9794195294380188	0.015964869409799576	0.004615639802068472
105	0.9779574275016785	0.01102341990917921	0.011019132100045681	0.9779210686683655	0.010965866036713123	0.011113062500953674
106	0.05635979771614075	0.00996201578527689	0.933678150177002	0.035829268395900726	0.00787260103970766	0.9562981128692627
107	0.06245648115873337	0.0089033218100667	0.9286402463912964	0.8916081786155701	0.016373170539736748	0.092018723487854
108	0.2410498559474945	0.019439363852143288	0.7395107746124268	0.0009081041207537055	0.0012407636968418956	0.9978511333465576
109	0.4533463716506958	0.04660938307642937	0.5000442862510681	0.7847417593002319	0.035819001495838165	0.1794392317533493
110	0.8078569173812866	0.032976169139146805	0.1591668725013733	0.02876593917608261	0.009206592105329037	0.9620274305343628
111	0.9752395749092102	0.010938623920083046	0.013821704313158989	0.6195641756057739	0.019454173743724823	0.36098167300224304
112	0.03509321063756943	0.009161414578557014	0.9557453989982605	0.025063976645469666	0.011377168819308281	0.9635587930679321
113	0.9852761030197144	0.011735779233276844	0.0029881985392421484	0.9845483303070068	0.011266741901636124	0.004184884484857321
114	0.9824395179748535	0.00946453120559454	0.008096029050648212	0.9818195104598999	0.009623106569051743	0.008557355962693691
115	0.7378218770027161	0.023419547826051712	0.23875857889652252	0.2102353572845459	0.019507111981511116	0.7702575325965881
116	0.9747056365013123	0.01544057298451662	0.009853776544332504	0.9758186936378479	0.01511301752179861	0.009068243205547333
117	0.9800041317939758	0.01499893143773079	0.0049970196560025215	0.9801835417747498	0.014788180589675903	0.005028225481510162
118	0.986650824546814	0.008966139517724514	0.004383032210171223	0.9874966144561768	0.008469300344586372	0.004034139681607485
119	0.9828725457191467	0.0144474683329463	0.0026799554470926523	0.9827274680137634	0.0144890658557415	0.0027835273649543524
120	0.44652777910232544	0.05207803472876549	0.5013942122459412	0.07620271295309067	0.039832599461078644	0.8839646577835083
121	0.9806094765663147	0.01681002601981163	0.00258054886944592	0.980735719203949	0.016651974990963936	0.0026123025454580784
122	0.9902562499046326	0.00839970726519823	0.0013441466726362705	0.9903945326805115	0.008297475054860115	0.0013080871431156993
123	0.9906567335128784	0.005374121014028788	0.003969056066125631	0.990597665309906	0.004812245722860098	0.004590060096234083
124	0.9752758741378784	0.011641989462077618	0.013082096353173256	0.9732003211975098	0.011779475025832653	0.015020284801721573
125	0.9411077499389648	0.024719685316085815	0.03417258337140083	0.9404135346412659	0.02441680245101452	0.035169634968042374
126	0.2198963165283203	0.02248896285891533	0.7576147317886353	0.016918817535042763	0.010114550590515137	0.9729666113853455
127	0.3252715766429901	0.02846440114080906	0.6462639570236206	0.8222180604934692	0.018940605223178864	0.1588413119316101
128	0.9818614721298218	0.013592280447483063	0.004546226933598518	0.9807552099227905	0.013972208835184574	0.005272666458040476
129	0.9695639610290527	0.02099306508898735	0.009442931972444057	0.9817495346069336	0.01084477361291647	0.007405709940940142
130	0.9891191720962524	0.009465142153203487	0.0014156409306451678	0.9898165464401245	0.00873709935694933	0.0014464131090790033
131	0.812941312789917	0.025841835886240005	0.16121681034564972	0.9227840304374695	0.02229042537510395	0.05492550879716873
132	0.6844724416732788	0.06544727832078934	0.2500803470611572	0.21931274235248566	0.05717354267835617	0.7235137224197388
133	0.0715276375412941	0.01540613453835249	0.9130662679672241	0.2121797651052475	0.02345876395702362	0.7643614411354065
134	0.9857344627380371	0.011407777667045593	0.0028577528428286314	0.9864183068275452	0.010716663673520088	0.002864946611225605
135	0.9465394020080566	0.03492256999015808	0.018538005650043488	0.9755187630653381	0.017605263739824295	0.006875941529870033
136	0.9907236695289612	0.006218875292688608	0.003057460766285658	0.9904362559318542	0.006193595472723246	0.0033701302018016577
137	0.9412230253219604	0.017680911347270012	0.04109610244631767	0.8970105051994324	0.02451370097696781	0.07847575098276138
138	0.7358080148696899	0.024999594315886497	0.23919238150119781	0.30983540415763855	0.02786981500685215	0.6622948050498962
139	0.983738899230957	0.012329885736107826	0.003931292332708836	0.9848008155822754	0.01203996129333973	0.0031592505984008312
140	0.9810958504676819	0.01291569508612156	0.005988439545035362	0.9803165793418884	0.012962904758751392	0.00672052102163434
141	0.9895251989364624	0.007424857933074236	0.0030499130953103304	0.9900093078613281	0.0069660767912864685	0.0030247268732637167
142	0.9872727990150452	0.009388035163283348	0.003339144168421626	0.9872423410415649	0.009304323233664036	0.003453344339504838
143	0.9742475152015686	0.013288969174027443	0.01246351283043623	0.9755131006240845	0.012905417941510677	0.01158141065388918
144	0.9866071939468384	0.009172392077744007	0.004220436792820692	0.9867820143699646	0.009074662812054157	0.004143359139561653
145	0.4697909355163574	0.0473787784576416	0.48283037543296814	0.03154220059514046	0.010005834512412548	0.9584519267082214
146	0.9902781844139099	0.007052102126181126	0.0026697416324168444	0.990750253200531	0.006739230826497078	0.002510487800464034
147	0.9896736145019531	0.007796993479132652	0.0025294877123087645	0.9900099635124207	0.007442989852279425	0.0025471157860010862
148	0.9784649610519409	0.01239056047052145	0.009144555777311325	0.9870727062225342	0.009095489978790283	0.003831735346466303
149	0.008229935541749	0.00232801865786314	0.989441990852356	0.02184676192700863	0.003179800696671009	0.9749734401702881
150	0.04772012680768967	0.012645036913454533	0.9396348595619202	0.01579265110194683	0.011568479239940643	0.9726389050483704
151	0.9854788780212402	0.0064299083314836025	0.008091219700872898	0.9846782684326172	0.006239310838282108	0.009082318283617496
152	0.9817474484443665	0.016737714409828186	0.001514750299975276	0.9823686480522156	0.016118066385388374	0.0015132729895412922
153	0.9884586930274963	0.008903219364583492	0.0026380838826298714	0.9884876608848572	0.008792872540652752	0.002719383453950286
154	0.9809923768043518	0.013556769117712975	0.005450856406241655	0.9812008738517761	0.013354018330574036	0.005445114802569151
155	0.9155457019805908	0.04479708895087242	0.03965726122260094	0.979902446269989	0.009584534913301468	0.010513017885386944
156	0.6949071884155273	0.024929411709308624	0.28016337752342224	0.34612977504730225	0.05434441938996315	0.5995258092880249
157	0.17702099680900574	0.0321449376642704	0.7908340692520142	0.024100078269839287	0.014642874710261822	0.9612571001052856
158	0.983866274356842	0.01221475936472416	0.0039190021343529224	0.9863868951797485	0.010144268162548542	0.0034687602892518044
159	0.9726704955101013	0.007495181169360876	0.01983429677784443	0.9719547629356384	0.007727254647761583	0.0203180480748415
160	0.7387204766273499	0.057232458144426346	0.20404714345932007	0.45123621821403503	0.05321227386593819	0.49555158615112305
161	0.0013430858962237835	0.0013826548820361495	0.9972742199897766	0.10828445106744766	0.016785060986876488	0.8749305009841919
162	0.9845110177993774	0.009011637419462204	0.006477374117821455	0.9840514063835144	0.009220798499882221	0.006727804429829121
163	0.99679034948349	0.0021993096452206373	0.0010103046661242843	0.9965742826461792	0.002272674348205328	0.0011531244963407516
164	0.9829500913619995	0.01165425032377243	0.00539564061909914	0.9831919074058533	0.011572800576686859	0.005235292483121157
165	0.9247823357582092	0.05011383816599846	0.025103820487856865	0.983311653137207	0.011288946494460106	0.005399331916123629
166	0.8416026830673218	0.01523909904062748	0.1431581825017929	0.09434919059276581	0.013668333180248737	0.8919824361801147
167	0.8542624115943909	0.05202386900782585	0.09371376782655716	0.7473527193069458	0.018030362203717232	0.23461690545082092
168	0.9417428970336914	0.018363453447818756	0.03989359736442566	0.8525189161300659	0.017611809074878693	0.1298692375421524
169	0.9751880764961243	0.011389273218810558	0.013422672636806965	0.9767664670944214	0.012555846944451332	0.010677788406610489
170	0.3163287341594696	0.03418903425335884	0.649482250213623	0.04948507621884346	0.020616669207811356	0.929898202419281
171	0.8895121216773987	0.05580731853842735	0.05468057841062546	0.985166609287262	0.01146000623703003	0.003373333252966404
172	0.991640567779541	0.005238251760601997	0.003121147630736232	0.9916622638702393	0.005301568191498518	0.003036066424101591
173	0.11760926246643066	0.011938024312257767	0.8704526424407959	0.6811505556106567	0.026014981791377068	0.29283446073532104
174	0.9893758296966553	0.007172888144850731	0.003451255615800619	0.9895671010017395	0.006992637645453215	0.00344027578830719
175	0.957355260848999	0.024060655385255814	0.018584083765745163	0.9570919871330261	0.02329534851014614	0.019612647593021393
176	0.9842426776885986	0.00844635721296072	0.007310922723263502	0.9711946249008179	0.00981559045612812	0.01898983120918274
177	0.09409566223621368	0.009912373498082161	0.8959919214248657	0.010552218183875084	0.002966296160593629	0.9864814281463623
178	0.9843988418579102	0.009124583564698696	0.006476567592471838	0.9843288660049438	0.00900682620704174	0.006664222106337547
179	0.0032838822808116674	0.0013344553299248219	0.9953816533088684	0.0035025281831622124	0.0023264300543814898	0.9941709637641907
180	0.007864436134696007	0.0022235631477087736	0.9899119734764099	0.05193667113780975	0.014523608610033989	0.9335397481918335
