0	8.933526260079816e-05	0.00047676952090114355	0.9994338154792786	0.00018769480811897665	0.00039964914321899414	0.9994126558303833
1	0.0002618426224216819	0.00046978823957033455	0.9992683529853821	0.0002917611273005605	0.0005883144913241267	0.9991199374198914
2	0.0032766684889793396	0.004469253588467836	0.9922540187835693	0.42184141278266907	0.04909368231892586	0.529064953327179
3	0.00020692750695161521	0.0011930789332836866	0.9985999464988708	0.00039482058491557837	0.001222326885908842	0.9983828067779541
4	0.0006777177331969142	0.0016104286769405007	0.9977118968963623	0.0008274236461147666	0.0010038587497547269	0.9981687068939209
5	0.00023414687893819064	0.0012934746919199824	0.9984723925590515	0.00031960391788743436	0.004559381399303675	0.9951209425926208
6	0.0003786695597227663	0.0018123467452824116	0.9978089928627014	0.01505051739513874	0.004672260954976082	0.9802772402763367
7	0.00013189097808208317	0.0004595442151185125	0.9994086027145386	0.0013323628809303045	0.0013784518232569098	0.9972891807556152
8	0.00014614227984566242	0.0007263398729264736	0.9991275668144226	0.0003875534166581929	0.0015467586927115917	0.9980656504631042
9	0.00044751062523573637	0.0032798205502331257	0.9962726831436157	0.0017615262186154723	0.025245243683457375	0.9729932546615601
10	0.00017312238924205303	0.001807851018384099	0.9980189800262451	0.0018928034696727991	0.003956902772188187	0.9941502213478088
11	0.0003319317474961281	0.001631881925277412	0.9980362057685852	0.0015973609406501055	0.0018488176865503192	0.9965537786483765
12	0.002054670127108693	0.003244946477934718	0.9947004318237305	0.006506248377263546	0.005273331888020039	0.9882204532623291
13	0.00046842184383422136	0.006336414720863104	0.9931951761245728	0.0009420973947271705	0.011327206157147884	0.9877306818962097
14	8.18098706076853e-05	0.0003080516471527517	0.9996101260185242	0.0006388236070051789	0.001174403470940888	0.9981867671012878
15	0.00024262825900223106	0.004635565914213657	0.9951217770576477	9.272482566302642e-05	0.0065114605240523815	0.9933958649635315
16	0.00021775347704533488	0.00068402208853513	0.9990983009338379	0.0009710508165881038	0.0011332009453326464	0.9978957176208496
17	0.00027947782655246556	0.02329816110432148	0.9764224290847778	0.0005595454131253064	0.0038839203771203756	0.9955565333366394
18	0.001370948855765164	0.006283773574978113	0.9923452734947205	0.00035949613084085286	0.0024176642764359713	0.997222900390625
19	0.00047888493281789124	0.012310980819165707	0.9872101545333862	0.0002412959875073284	0.003552166512235999	0.996206521987915
20	8.41668588691391e-05	0.0002684036735445261	0.9996473789215088	0.00042335709440521896	0.0004389248788356781	0.9991376399993896
21	0.0002738125331234187	0.0007499412167817354	0.9989762306213379	0.0015159858157858253	0.002952118869870901	0.9955319166183472
22	0.0005058979731984437	0.0008201243472285569	0.9986740350723267	0.0009119136957451701	0.0009907485218718648	0.9980973601341248
23	9.296060306951404e-05	0.00030756343039684	0.9995995163917542	0.00010044591908808798	0.0002070587215712294	0.9996925592422485
24	0.00012681550288107246	0.000410843436839059	0.9994623064994812	0.00030133489053696394	0.0007976276101544499	0.9989010095596313
25	0.21321533620357513	0.025580765679478645	0.7612038254737854	0.002123081823810935	0.0038507396820932627	0.9940261840820312
26	0.005288868676871061	0.00844850204885006	0.9862625598907471	0.0002916284720413387	0.0011978080729022622	0.9985105395317078
27	0.0009202422806993127	0.010069829411804676	0.9890099167823792	0.0038903376553207636	0.005181665997952223	0.9909279942512512
28	0.00030289602000266314	0.0006804580916650593	0.9990166425704956	0.0005992663209326565	0.0009290953166782856	0.9984716773033142
29	7.831344555597752e-05	0.00026224827161058784	0.9996594190597534	0.0002603160683065653	0.00035134944482706487	0.9993883371353149
30	9.75532821030356e-05	0.0003282625984866172	0.9995741248130798	0.00022788513160776347	0.0005429846933111548	0.9992290735244751
31	7.002878555795178e-05	0.00032043710234574974	0.9996095299720764	0.00018302263924852014	0.00034707237500697374	0.9994699358940125
32	0.00025852644466795027	0.0005606336635537446	0.9991808533668518	0.0005878854426555336	0.0009018683340400457	0.9985101819038391
33	0.029191775247454643	0.017902392894029617	0.9529058337211609	0.0011116669047623873	0.0010770873632282019	0.9978112578392029
34	0.0012861171271651983	0.003971095196902752	0.994742751121521	0.0017768691759556532	0.003485273802652955	0.9947378039360046
35	0.00031454942654818296	0.0009445626055821776	0.9987408518791199	0.000247356976615265	0.0005134734674356878	0.9992392063140869
36	0.0001336147397523746	0.00023787781537976116	0.9996285438537598	0.0032093944028019905	0.0018604189390316606	0.9949302077293396
37	0.0008578867418691516	0.0016894524451345205	0.9974526762962341	0.0013051964342594147	0.0016353758983314037	0.9970594048500061
38	0.00023021541710477322	0.0015017809346318245	0.9982680082321167	0.0005051713087595999	0.0011462715920060873	0.998348593711853
39	6.385595042956993e-05	0.00042395872878842056	0.9995121955871582	7.329345680773258e-05	0.0007438319735229015	0.9991828799247742
40	0.0014969859039410949	0.0015625214437022805	0.9969404935836792	0.00023105880245566368	0.00040506242658011615	0.9993638396263123
41	0.005764882545918226	0.003308864776045084	0.9909262657165527	0.0012709938455373049	0.0012195368763059378	0.9975094795227051
42	0.0005990380304865539	0.001209763577207923	0.9981911778450012	0.00015242592780850828	0.0005893082125112414	0.9992582201957703
43	0.012151532806456089	0.03693469986319542	0.9509138464927673	0.005168036557734013	0.008161338977515697	0.9866706728935242
44	0.038031917065382004	0.016762621700763702	0.9452055096626282	0.0016097613843157887	0.00936933234333992	0.9890208840370178
45	0.0074386801570653915	0.05352117493748665	0.9390401244163513	0.2125207781791687	0.0654161125421524	0.7220630645751953
46	0.0001501473452663049	0.000970070599578321	0.9988797307014465	0.0018446181202307343	0.00852241087704897	0.9896329641342163
47	0.00037409208016470075	0.0017999678384512663	0.9978259205818176	0.0001261077995877713	0.0017003266839310527	0.9981735944747925
48	0.0002526059979572892	0.0006184507510624826	0.9991289973258972	0.00043940122122876346	0.0006846466567367315	0.9988759160041809
49	0.00020661229791585356	0.000433681154390797	0.999359667301178	0.0011314345756545663	0.0009244646644219756	0.9979440569877625
50	0.0009042927995324135	0.0009463215828873217	0.9981493949890137	0.0009757680236361921	0.0005893027409911156	0.9984349608421326
51	0.1289665848016739	0.03684135526418686	0.8341920971870422	0.015505845658481121	0.024283478036522865	0.9602106809616089
52	0.00037391847581602633	0.0007021430064924061	0.9989239573478699	0.008501565083861351	0.0066417306661605835	0.9848567247390747
53	0.0005171616212464869	0.0009697159985080361	0.9985131621360779	0.0016604490811005235	0.0009663392556831241	0.9973732233047485
54	6.078052319935523e-05	0.00025833825930021703	0.9996808767318726	0.00010651438060449436	0.0002371306181885302	0.9996563196182251
55	0.00016874454740900546	0.0008438281365670264	0.9989873766899109	6.334147474262863e-05	0.000387654232326895	0.9995489716529846
56	0.0001445730886189267	0.0004036755708511919	0.9994516968727112	6.839270645286888e-05	0.000341622595442459	0.9995899796485901
57	0.00011730651749530807	0.00039853493217378855	0.9994841814041138	0.00026331370463594794	0.0005440087406896055	0.9991926550865173
58	8.210030500777066e-05	0.00045352531014941633	0.9994643330574036	0.00018757644284050912	0.00044497833005152643	0.9993674159049988
59	0.0001785367785487324	0.0015077408170327544	0.9983137845993042	0.0007339984294958413	0.0016491309506818652	0.9976168870925903
60	0.0002210685343015939	0.00039465015288442373	0.9993842840194702	0.0006648135022260249	0.0005600931472145021	0.998775064945221
61	6.071911411709152e-05	0.00035081873647868633	0.9995884299278259	0.0002901913831010461	0.0009992567356675863	0.9987105131149292
62	0.007069735322147608	0.010506374761462212	0.9824239015579224	0.003582838922739029	0.006791739724576473	0.9896253943443298
63	0.00046608122647739947	0.0004981154925189912	0.9990358352661133	0.0002242457412648946	0.00046012108214199543	0.999315619468689
64	0.004260372370481491	0.004695280455052853	0.9910444021224976	0.004531701095402241	0.009080566465854645	0.9863877296447754
65	9.183680231217295e-05	0.00027767219580709934	0.9996304512023926	0.00016347771452274173	0.00017968646716326475	0.9996567964553833
66	8.137426630128175e-05	0.0003382257418707013	0.999580442905426	5.9958663769066334e-05	0.00032719512819312513	0.9996128678321838
67	0.00022375056869350374	0.00036733481101691723	0.9994089603424072	8.074246579781175e-05	0.00027875907835550606	0.9996404647827148
68	0.0004207352176308632	0.0006603706278838217	0.998918890953064	0.0009675152250565588	0.0009525293717160821	0.9980800151824951
69	0.0004892920260317624	0.0005640881136059761	0.9989466071128845	8.334773883689195e-05	0.00036537452251650393	0.9995512366294861
70	0.909041702747345	0.03056001476943493	0.06039820984005928	0.007364579942077398	0.06738831847906113	0.925247073173523
71	0.0007315202383324504	0.0006181609933264554	0.9986503720283508	0.00021116845891810954	0.0004152856708969921	0.9993736147880554
72	0.0029535528738051653	0.00466704647988081	0.9923794269561768	0.00024028700136113912	0.0015445691533386707	0.9982151985168457
73	0.00037785302265547216	0.0010821485193446279	0.9985400438308716	0.0018827812746167183	0.003918537404388189	0.9941986799240112
74	0.0017034480115398765	0.0025881112087517977	0.9957084655761719	0.0010435176081955433	0.0020011295564472675	0.996955394744873
75	0.00011383650416973978	0.0013115728506818414	0.9985746145248413	0.001971237361431122	0.0089646577835083	0.9890641570091248
76	0.000829084834549576	0.017583945766091347	0.9815869927406311	0.0052034747786819935	0.014965226873755455	0.9798312783241272
77	7.927492697490379e-05	0.0006089353701099753	0.9993118047714233	0.001387946424074471	0.00626171613112092	0.9923502802848816
78	9.433677769266069e-05	0.0004203814023640007	0.9994852542877197	0.00047354685375466943	0.0010612455662339926	0.9984651803970337
79	0.00042361128726042807	0.0007046633982099593	0.9988717436790466	0.00013518465857487172	0.0005636713467538357	0.9993010759353638
80	0.0006536217988468707	0.0039596278220415115	0.9953867793083191	0.00028164798277430236	0.0019124154932796955	0.9978058934211731
81	6.252115417737514e-05	0.0004566872667055577	0.9994807839393616	0.00025106334942393005	0.0006143244099803269	0.9991346001625061
82	0.0011286144144833088	0.0023257769644260406	0.9965456128120422	0.0011170163052156568	0.0014753877185285091	0.9974076151847839
83	6.923654291313142e-05	0.00034347103792242706	0.99958735704422	0.00011593473027460277	0.00031638966174796224	0.9995676875114441
84	0.0001011646309052594	0.0010476948227733374	0.9988511800765991	6.486239726655185e-05	0.0010565940756350756	0.998878538608551
85	0.35347992181777954	0.05252232402563095	0.5939977765083313	0.012904148548841476	0.032947931438684464	0.9541479349136353
86	0.0007599216187372804	0.0014553514774888754	0.9977847933769226	0.02681882306933403	0.0062845079228281975	0.966896653175354
87	0.00039978561108000576	0.0014267137739807367	0.9981734752655029	0.02242252789437771	0.023874765262007713	0.9537027478218079
88	0.0009291711612604558	0.0009994585998356342	0.9980713725090027	0.0008390338043682277	0.0005362267838791013	0.9986248016357422
89	0.00027579572633840144	0.0008276054286397994	0.998896598815918	0.00010486465180292726	0.0006294147460721433	0.999265730381012
90	0.000379514618543908	0.000573768513277173	0.9990467429161072	0.001718103769235313	0.001786044449545443	0.9964959025382996
91	0.00011101124255219474	0.0004718785348813981	0.9994171857833862	0.00016398075968027115	0.0006504165357910097	0.9991856217384338
92	0.00010377583384979516	0.0005078294198028743	0.9993883371353149	0.0011516360100358725	0.0031332802027463913	0.9957150816917419
93	0.00010994930198648944	0.00032408733386546373	0.9995658993721008	0.09772969782352448	0.024993717670440674	0.8772765398025513
94	0.019833849743008614	0.021530481055378914	0.9586357474327087	0.0039717634208500385	0.00910330843180418	0.9869248867034912
95	0.00027117881109006703	0.0006789942854084074	0.9990498423576355	0.0012201019562780857	0.0017966562882065773	0.9969832301139832
96	0.0001496539916843176	0.0005810761358588934	0.9992693066596985	0.0013367087813094258	0.0035472025629132986	0.995116114616394
97	0.00679377093911171	0.020185360684990883	0.9730207920074463	0.0011800902429968119	0.003820627462118864	0.9949992895126343
98	0.00012222521763760597	0.0015373529167845845	0.998340368270874	0.00011413238098612055	0.0008941956330090761	0.9989916682243347
99	0.0007786445203237236	0.0014083789428696036	0.9978129863739014	0.001137053593993187	0.0023140411358326674	0.9965489506721497
100	0.0009371942142024636	0.002221117028966546	0.9968416690826416	0.00867860671132803	0.009793334640562534	0.9815280437469482
101	0.0012516329297795892	0.00561178382486105	0.9931366443634033	0.008086536079645157	0.008413881063461304	0.9834995269775391
102	0.00017789253615774214	0.0006763166165910661	0.9991457462310791	0.00020245782798156142	0.0006361791165545583	0.9991613626480103
103	0.0006760248797945678	0.0013747469056397676	0.9979493021965027	0.004057242069393396	0.002876223996281624	0.9930665493011475
104	0.006480231881141663	0.04312697425484657	0.9503928422927856	0.20554636418819427	0.024133916944265366	0.7703197598457336
105	8.116782555589452e-05	0.0015773639315739274	0.99834144115448	0.00010304604074917734	0.000703116471413523	0.9991938471794128
106	0.00014209901564754546	0.000273154117166996	0.9995847344398499	0.0004989303997717798	0.0003803958825301379	0.9991206526756287
107	0.00474134087562561	0.004282502923160791	0.9909761548042297	0.0027604633942246437	0.0025353236123919487	0.9947041869163513
108	0.0005700790206901729	0.0010197795927524567	0.9984101057052612	0.0043006171472370625	0.0014821119839325547	0.9942172765731812
109	0.9852063059806824	0.009639285504817963	0.005154464393854141	0.9852063059806824	0.009639285504817963	0.005154464393854141
110	0.0010120503138750792	0.0011039212113246322	0.9978839755058289	0.0004805739445146173	0.0007829745882190764	0.9987364411354065
111	0.000917629397008568	0.001571962726302445	0.9975104331970215	0.0005077615496702492	0.0008892060141079128	0.9986030459403992
112	8.144442108459771e-05	0.0002575310063548386	0.9996610879898071	0.00032298555015586317	0.0005045710713602602	0.9991724491119385
113	0.00014790020941291004	0.00037285368307493627	0.9994792342185974	0.00014367261610459536	0.00035073867184109986	0.9995056390762329
114	0.0003194804594386369	0.0005914612556807697	0.9990890026092529	0.000174949032953009	0.0008074846700765193	0.999017596244812
115	0.006363819353282452	0.0028635805938392878	0.9907726049423218	0.022756701335310936	0.0049350932240486145	0.9723082780838013
116	0.0003186792600899935	0.0020632355008274317	0.9976180195808411	0.10820790380239487	0.029253341257572174	0.862538754940033
117	0.0014720185426995158	0.026297273114323616	0.9722307324409485	0.0011353653389960527	0.005482046399265528	0.9933825731277466
118	0.0007760630687698722	0.0036790119484066963	0.9955449104309082	0.004237938206642866	0.0033904477022588253	0.992371678352356
119	0.029391244053840637	0.028168005868792534	0.9424408078193665	0.009126908145844936	0.013617241755127907	0.9772558808326721
120	0.0002927358145825565	0.00039648159872740507	0.9993107318878174	0.0008328599506057799	0.0008129420457407832	0.9983541965484619
121	0.004598719999194145	0.013023700565099716	0.9823776483535767	0.002443188801407814	0.005009723361581564	0.9925470948219299
122	0.011343048885464668	0.03585859388113022	0.9527983069419861	0.20822808146476746	0.06459017097949982	0.7271817326545715
123	7.773058314342052e-05	0.0009065985213965178	0.9990156888961792	0.00012048134522046894	0.0041088685393333435	0.9957706332206726
124	0.0011235757265239954	0.005701690912246704	0.9931747317314148	0.016013851389288902	0.016661692410707474	0.9673244953155518
125	0.00014270740211941302	0.0014255254063755274	0.9984317421913147	0.000363880826625973	0.0010185770224779844	0.9986175298690796
126	0.000670233741402626	0.0017328056273981929	0.9975969195365906	0.0003134169091936201	0.0018084811745211482	0.9978780746459961
127	0.00031900659087114036	0.00029315429856069386	0.9993878602981567	9.847168257692829e-05	0.0003250193549320102	0.9995765089988708
128	0.0019197771325707436	0.005595906171947718	0.9924842715263367	0.0024776370264589787	0.0042164078913629055	0.9933059811592102
129	0.001029887469485402	0.0034864142071455717	0.9954837560653687	0.015747105702757835	0.04003031179308891	0.9442225098609924
130	0.0002813304017763585	0.0008388407877646387	0.9988798499107361	0.001970333745703101	0.0026676745619624853	0.9953619837760925
131	0.0033039283007383347	0.002045184373855591	0.9946509003639221	0.00018384426948614419	0.0005294691654853523	0.9992867112159729
132	0.0013358609285205603	0.0018980283057317138	0.9967660903930664	0.00979935098439455	0.008923457935452461	0.9812771677970886
133	8.917021477827802e-05	0.0003407020412851125	0.9995700716972351	0.0013317252742126584	0.0016680893022567034	0.9970001578330994
134	0.00024483553715981543	0.004262159112840891	0.9954929351806641	0.00011288005771348253	0.0011937004746869206	0.9986934065818787
135	0.0002080751582980156	0.0014648023061454296	0.9983270764350891	0.0005833577015437186	0.0027056655380874872	0.996711015701294
136	0.0009629420819692314	0.0007071919972077012	0.9983298182487488	0.00030073392554186285	0.0005308105028234422	0.9991685152053833
137	0.0003730605822056532	0.0006024916074238718	0.9990243911743164	0.00021581405599135906	0.0004505217366386205	0.9993336796760559
138	0.003565304446965456	0.0019025667570531368	0.9945321083068848	0.0058878022246062756	0.0036631659604609013	0.9904490113258362
139	0.0003825384483207017	0.0006901997257955372	0.9989272952079773	0.009255009703338146	0.00579240545630455	0.9849526286125183
140	0.0020710835233330727	0.00819607637822628	0.9897328019142151	0.0017276819562539458	0.003667296376079321	0.9946050047874451
141	9.480347216594964e-05	0.0005841895472258329	0.9993209838867188	0.0016377725405618548	0.002153427340090275	0.9962087869644165
142	0.0025004837661981583	0.011343593709170818	0.9861559271812439	0.005329685285687447	0.0043636527843773365	0.9903066158294678
143	0.0034079444594681263	0.008573819883167744	0.988018274307251	0.0008022781694307923	0.004261775407940149	0.9949358701705933
144	0.00011322737555019557	0.0012654184829443693	0.9986213445663452	0.0002080846024909988	0.0008137698168866336	0.9989781379699707
145	0.00020624385797418654	0.0005490149487741292	0.9992448091506958	0.004811784718185663	0.003926578909158707	0.9912616014480591
146	0.0001382612099405378	0.0005034144851379097	0.9993583559989929	0.0005475027719512582	0.0006941125611774623	0.9987584352493286
147	0.0011645173653960228	0.0066134752705693245	0.992222011089325	0.0009236831101588905	0.0049033500254154205	0.994172990322113
148	0.0006066714413464069	0.0011513677891343832	0.9982420206069946	0.002598448423668742	0.003073069266974926	0.9943284392356873
149	0.00018484557222109288	0.0004440807970240712	0.9993711113929749	0.00022783095482736826	0.0004309705691412091	0.9993411898612976
150	0.00023881738889031112	0.0005229782545939088	0.9992382526397705	0.003308560000732541	0.002592128235846758	0.9940993785858154
151	0.000214942148886621	0.0010905819945037365	0.9986944794654846	0.00015278557839337736	0.0003152140707243234	0.9995319843292236
152	0.0009501355816610157	0.007833227515220642	0.9912166595458984	0.011660994961857796	0.01127584744244814	0.9770631790161133
153	0.012082666158676147	0.015909628942608833	0.972007691860199	0.00012256481568329036	0.001070962636731565	0.9988064765930176
154	0.00014292655396275222	0.0007804939523339272	0.9990766048431396	0.014481290243566036	0.0076791332103312016	0.9778395891189575
155	0.00016200118989218026	0.0006499181035906076	0.9991881251335144	0.015949778258800507	0.0029938225634396076	0.9810563921928406
156	0.004393155220896006	0.002644825726747513	0.9929620623588562	0.006929035298526287	0.0029177323449403048	0.9901532530784607
157	0.0005331590655259788	0.001696969149634242	0.9977699518203735	0.005904086399823427	0.020526213571429253	0.9735697507858276
158	0.0011669727973639965	0.001306816004216671	0.997526228427887	0.0021186841186136007	0.0026683779433369637	0.9952129125595093
159	0.0003526807704474777	0.002225461881607771	0.9974218606948853	0.0006239362992346287	0.002083712723106146	0.9972923398017883
160	0.002078446326777339	0.00642587523907423	0.9914957284927368	0.0036054877564311028	0.0037660798989236355	0.9926284551620483
161	0.00023239071015268564	0.0007248721085488796	0.9990426898002625	0.000233577229664661	0.000787527475040406	0.9989789724349976
162	0.0001866176025941968	0.0002903637650888413	0.9995230436325073	8.864913252182305e-05	0.00025123110390268266	0.9996601343154907
163	0.0002830179000739008	0.0008667308720760047	0.9988502264022827	0.00013993661559652537	0.0010943611850962043	0.9987657070159912
164	0.0002596482518129051	0.0005497157108038664	0.999190628528595	0.014213488437235355	0.0068419985473155975	0.9789445400238037
165	0.0038554288912564516	0.023274438455700874	0.9728701710700989	0.15665936470031738	0.024244409054517746	0.8190961480140686
166	0.00014459156955126673	0.00035879932693205774	0.999496579170227	0.0010672269854694605	0.0007218564860522747	0.9982109069824219
167	0.0001432123826816678	0.00044598057866096497	0.99941086769104	0.001289011095650494	0.001370428828522563	0.9973406195640564
168	9.383706492371857e-05	0.0005296589224599302	0.9993764758110046	0.0001693492231424898	0.0007015495793893933	0.9991291165351868
169	0.00020982036949135363	0.0006437857518903911	0.9991463422775269	0.0002627344219945371	0.0004685948370024562	0.9992687106132507
170	0.00028480321634560823	0.00030116463312879205	0.9994140863418579	0.001143724424764514	0.0009451235528104007	0.9979111552238464
171	0.00030629197135567665	0.002133749658241868	0.9975599050521851	0.004155375994741917	0.009519150480628014	0.9863254427909851
172	0.00022540600912179798	0.000670069654006511	0.9991044402122498	0.00013369956286624074	0.0008006306015886366	0.9990656971931458
173	0.00011723196075763553	0.0004230979538988322	0.9994596838951111	0.0001418975880369544	0.00038162837154231966	0.9994764924049377
174	0.0001525302795926109	0.0005457820370793343	0.9993016719818115	7.627614104421809e-05	0.0005174859543330967	0.9994062185287476
175	0.000259671185631305	0.001847250503487885	0.9978931546211243	0.0009357676026411355	0.0379016250371933	0.9611625671386719
176	0.00023499700182583183	0.0005427413270808756	0.9992222785949707	0.0004917943151667714	0.0006264562252908945	0.9988817572593689
177	0.00013273047807160765	0.00032211228972300887	0.999545156955719	0.0003315773792564869	0.00047897183685563505	0.9991894364356995
178	0.00012237156624905765	0.00048666002112440765	0.9993909597396851	0.0009115144493989646	0.0014020201051607728	0.997686505317688
179	0.00011954679939663038	0.0005063393036834896	0.9993740916252136	4.666783206630498e-05	0.00033039203844964504	0.9996229410171509
180	0.0005085855955258012	0.0011014012852683663	0.9983900785446167	0.0005131577490828931	0.0005428566946648061	0.9989439845085144
