0	0.8094775080680847	0.18036693334579468	0.01015558186918497	0.9888697862625122	0.008627176284790039	0.0025029657408595085
1	0.9343740344047546	0.06060664728283882	0.0050194342620670795	0.5292664170265198	0.10431031882762909	0.36642324924468994
2	0.9507802724838257	0.044177938252687454	0.005041750613600016	0.9892212152481079	0.00828392244875431	0.0024948595091700554
3	0.06374358385801315	0.10417655855417252	0.8320798277854919	0.15612776577472687	0.045418813824653625	0.7984534502029419
4	0.7508707046508789	0.21516107022762299	0.03396828472614288	0.9689010977745056	0.019989369437098503	0.011109575629234314
5	0.8638650178909302	0.11513388901948929	0.021001039072871208	0.9071279764175415	0.07328660786151886	0.019585473462939262
6	0.6515252590179443	0.14955003559589386	0.19892467558383942	0.9846528172492981	0.0112264109775424	0.004120779223740101
7	0.85052490234375	0.13846875727176666	0.011006304994225502	0.985582709312439	0.01150358933955431	0.002913692267611623
8	0.01397678442299366	0.059682995080947876	0.9263402223587036	0.13276134431362152	0.10301421582698822	0.7642244100570679
9	0.8147940039634705	0.156513512134552	0.02869250997900963	0.8775696754455566	0.08693992346525192	0.03549034893512726
10	0.7992951273918152	0.160450741648674	0.04025406762957573	0.9677080512046814	0.025876594707369804	0.006415436509996653
11	0.9241611361503601	0.06738991290330887	0.008448942564427853	0.9878447651863098	0.009663519449532032	0.002491739811375737
12	0.14682887494564056	0.17304863035678864	0.6801224946975708	0.5121389627456665	0.08191324025392532	0.40594780445098877
13	0.8380643725395203	0.13687090575695038	0.025064697489142418	0.9858762621879578	0.01182197593152523	0.00230172136798501
14	0.8987811207771301	0.08482381701469421	0.016394993290305138	0.9462727904319763	0.027075525373220444	0.026651589199900627
15	0.9300423264503479	0.06520480662584305	0.0047529167495667934	0.9743256568908691	0.02197122573852539	0.0037030212115496397
16	0.8254346251487732	0.12359455227851868	0.050970856100320816	0.6466557383537292	0.14490346610546112	0.20844082534313202
17	0.86036616563797	0.1305239051580429	0.00910990685224533	0.9895555377006531	0.009011917747557163	0.0014325513038784266
18	0.8502558469772339	0.1303689181804657	0.01937522180378437	0.957905650138855	0.032160237431526184	0.009934036992490292
19	0.7687885165214539	0.1744733452796936	0.05673810467123985	0.9300612807273865	0.032948087900877	0.036990657448768616
20	0.6008889675140381	0.33022287487983704	0.06888815015554428	0.9482751488685608	0.040470436215400696	0.011254318989813328
21	0.022306647151708603	0.11560975760221481	0.8620836138725281	0.20441733300685883	0.09689559787511826	0.6986871361732483
22	0.03478892147541046	0.08108044415712357	0.884130597114563	0.2667269706726074	0.09250316768884659	0.640769898891449
23	0.9270154237747192	0.06860042363405228	0.004384093917906284	0.9828055500984192	0.01440817303955555	0.0027863008435815573
24	0.8976545929908752	0.09909668564796448	0.0032487863209098577	0.9892270565032959	0.008633540943264961	0.002139340154826641
25	0.8600255846977234	0.11641523241996765	0.023559199646115303	0.9796644449234009	0.013121715746819973	0.00721379229798913
26	0.8801793456077576	0.10815505683422089	0.01166563667356968	0.9816731214523315	0.014350051060318947	0.003976867999881506
27	0.8798339366912842	0.10484166443347931	0.015324343927204609	0.9479352831840515	0.03924018517136574	0.012824547477066517
28	0.7864048480987549	0.19538234174251556	0.018212875351309776	0.9840804934501648	0.012713159434497356	0.0032063517719507217
29	0.8940765261650085	0.08879677206277847	0.017126645892858505	0.984803318977356	0.01052930112928152	0.0046674213372170925
30	0.9013507962226868	0.08413154631853104	0.014517556875944138	0.9303910732269287	0.05241021886467934	0.017198629677295685
31	0.9183782935142517	0.07694023847579956	0.004681388847529888	0.9898064732551575	0.0083297248929739	0.0018638856709003448
32	0.9054835438728333	0.08833733201026917	0.006179161369800568	0.9897331595420837	0.007979679852724075	0.002287122420966625
33	0.8432653546333313	0.13588924705982208	0.020845355466008186	0.974823534488678	0.019789032638072968	0.0053873793222010136
34	0.8742089867591858	0.11215070635080338	0.013640275225043297	0.9827666282653809	0.014213196001946926	0.003020157339051366
35	0.8083747029304504	0.1824486404657364	0.009176592342555523	0.9572784304618835	0.030950132757425308	0.011771434918045998
36	0.831327497959137	0.10562878102064133	0.06304371356964111	0.9856293797492981	0.010205389000475407	0.004165293648838997
37	0.724643886089325	0.2612256109714508	0.014130550436675549	0.8893631100654602	0.09833046048879623	0.01230637263506651
38	0.041576117277145386	0.1811646968126297	0.7772591710090637	0.5725299715995789	0.07344217598438263	0.3540278375148773
39	0.9226189851760864	0.0724734514951706	0.004907530732452869	0.9750736951828003	0.02114931121468544	0.0037768988404423
40	0.8733870983123779	0.12140274792909622	0.005210166331380606	0.9870391488075256	0.01040347944945097	0.002557360101491213
41	0.9282537698745728	0.06643431633710861	0.005311974324285984	0.9917358756065369	0.00672727869823575	0.00153683265671134
42	0.706717848777771	0.12430505454540253	0.1689770221710205	0.9525074362754822	0.017421873286366463	0.030070757493376732
43	0.8783737421035767	0.11096125096082687	0.010664945468306541	0.9864550828933716	0.010416965000331402	0.0031279309187084436
44	0.8204864263534546	0.16348418593406677	0.01602945290505886	0.9851856827735901	0.011442819610238075	0.0033714461605995893
45	0.8788763284683228	0.11298876255750656	0.008134888485074043	0.9864553213119507	0.011087842285633087	0.002456844551488757
46	0.8475117683410645	0.12223029136657715	0.030258001759648323	0.9836910963058472	0.013785311952233315	0.002523560542613268
47	0.11520370841026306	0.12384927272796631	0.7609469890594482	0.4004472494125366	0.1554272472858429	0.44412556290626526
48	0.8449180126190186	0.14909493923187256	0.005987030453979969	0.9504879117012024	0.03500566631555557	0.014506490901112556
49	0.8892373442649841	0.10175998508930206	0.009002716280519962	0.9500728249549866	0.039643868803977966	0.010283272713422775
50	0.8323635458946228	0.15250404179096222	0.01513251755386591	0.986448347568512	0.01108440663665533	0.0024671899154782295
51	0.9245802760124207	0.06979703903198242	0.0056226723827421665	0.9877600073814392	0.009704492054879665	0.0025354954414069653
52	0.8562568426132202	0.13049356639385223	0.013249550014734268	0.9801080822944641	0.017517805099487305	0.0023741438053548336
53	0.92909836769104	0.0648808628320694	0.006020786706358194	0.8710111379623413	0.07554233074188232	0.05344652384519577
54	0.8804654479026794	0.10895344614982605	0.010581052862107754	0.9780663251876831	0.019316621124744415	0.0026170352939516306
55	0.9179002642631531	0.07546015828847885	0.006639495026320219	0.9442906379699707	0.04929843917489052	0.0064108590595424175
56	0.9139779210090637	0.07593793421983719	0.010084168054163456	0.9727952480316162	0.023106204345822334	0.004098630975931883
57	0.8938035368919373	0.09565088152885437	0.010545594617724419	0.9846882224082947	0.013382265344262123	0.0019295067759230733
58	0.8316041231155396	0.12662717700004578	0.04176868870854378	0.9643778800964355	0.021130453795194626	0.014491613022983074
59	0.8794007301330566	0.11162716895341873	0.008972114883363247	0.9901581406593323	0.007480623200535774	0.0023611928336322308
60	0.8689747452735901	0.10987123101949692	0.021153969690203667	0.9790920615196228	0.01598368026316166	0.004924273118376732
61	0.8965401649475098	0.08873289078474045	0.014727008529007435	0.9879446029663086	0.00962105393409729	0.002434344729408622
62	0.6924960613250732	0.28148922324180603	0.026014674454927444	0.9843772649765015	0.012860198505222797	0.0027625462971627712
63	0.9117625951766968	0.08078660070896149	0.007450764067471027	0.9863551259040833	0.010093447752296925	0.003551423316821456
64	0.8359701633453369	0.150786891579628	0.013242891058325768	0.9720107316970825	0.023451320827007294	0.004537887405604124
65	0.9403141140937805	0.056988172233104706	0.0026977600064128637	0.9913200736045837	0.007253043353557587	0.00142679235432297
66	0.10831224173307419	0.16416972875595093	0.7275180816650391	0.48658427596092224	0.19972212612628937	0.313693642616272
67	0.8617218732833862	0.13133083283901215	0.006947316229343414	0.9700567126274109	0.025054937228560448	0.004888303577899933
68	0.899162769317627	0.09187908470630646	0.008958092890679836	0.7928196787834167	0.09151101112365723	0.11566927284002304
69	0.9286743998527527	0.06574593484401703	0.00557977007701993	0.9531616568565369	0.040479812771081924	0.006358490325510502
70	0.6929736137390137	0.1633152961730957	0.14371103048324585	0.8471514582633972	0.0779256671667099	0.07492292672395706
71	0.9112414121627808	0.08263863623142242	0.00611990038305521	0.9882823824882507	0.01007804274559021	0.0016396167920902371
72	0.9261502623558044	0.06649362295866013	0.007356136105954647	0.8901622891426086	0.07263640314340591	0.03720134496688843
73	0.8775805234909058	0.09836164116859436	0.024057839065790176	0.9074322581291199	0.05683957785367966	0.035728104412555695
74	0.7518767714500427	0.231098011136055	0.017025155946612358	0.9886364340782166	0.00919159036129713	0.002171932253986597
75	0.044634826481342316	0.12154966592788696	0.8338155746459961	0.7632666230201721	0.11013229936361313	0.12660109996795654
76	0.8946577310562134	0.10105779021978378	0.004284475464373827	0.990119457244873	0.00827986840158701	0.0016005896031856537
77	0.8773635625839233	0.09771907329559326	0.02491738274693489	0.8823449015617371	0.08564344793558121	0.032011691480875015
78	0.9441836476325989	0.051420483738183975	0.004395834635943174	0.9191576838493347	0.0633920356631279	0.017450233921408653
79	0.9284864664077759	0.06691079586744308	0.004602685570716858	0.9583719968795776	0.035308435559272766	0.006319566164165735
80	0.02289458177983761	0.33229655027389526	0.6448088884353638	0.056697990745306015	0.1476527601480484	0.7956492304801941
81	0.8582746982574463	0.13050217926502228	0.011223017238080502	0.9252211451530457	0.04124027490615845	0.03353862836956978
82	0.9104021787643433	0.0845114141702652	0.0050863479264080524	0.9769946336746216	0.017663490027189255	0.0053418707102537155
83	0.752541720867157	0.23717394471168518	0.010284309275448322	0.9502238035202026	0.04241112619638443	0.007365006022155285
84	0.9299664497375488	0.054354023188352585	0.015679607167840004	0.9896190762519836	0.007916114293038845	0.002464771270751953
85	0.9088698625564575	0.08511540293693542	0.00601465767249465	0.984312891960144	0.011604567989706993	0.004082505591213703
86	0.6100745797157288	0.13055790960788727	0.2593674659729004	0.6982847452163696	0.09571544826030731	0.20599977672100067
87	0.8127769827842712	0.13671350479125977	0.05050946772098541	0.9418473839759827	0.04600173607468605	0.012150796130299568
88	0.8865452408790588	0.10029410570859909	0.01316063292324543	0.9885972142219543	0.008995997719466686	0.0024068981874734163
89	0.8748885989189148	0.1169513389468193	0.008160070516169071	0.9778653383255005	0.018762219697237015	0.0033724289387464523
90	0.9214242696762085	0.07423315942287445	0.0043425303883850574	0.9882473349571228	0.009315265342593193	0.002437444170936942
91	0.812174379825592	0.16129757463932037	0.02652808465063572	0.9734573364257812	0.0185554102063179	0.00798721518367529
92	0.7796822786331177	0.20827430486679077	0.012043429538607597	0.9873363375663757	0.00996776856482029	0.0026959034148603678
93	0.9100233316421509	0.07564997673034668	0.01432658452540636	0.9894683957099915	0.008557366207242012	0.0019742983859032393
94	0.8905471563339233	0.10448595136404037	0.004966833628714085	0.9628903269767761	0.02968652918934822	0.007423189468681812
95	0.63752281665802	0.21841417253017426	0.1440630704164505	0.8868178725242615	0.038172099739313126	0.07501009106636047
96	0.7458856105804443	0.22845956683158875	0.025654837489128113	0.9419677257537842	0.044404834508895874	0.01362739410251379
97	0.9734821915626526	0.013213062658905983	0.013304774649441242	0.9863668084144592	0.009599274024367332	0.00403385516256094
98	0.07969766855239868	0.11841466277837753	0.8018876910209656	0.2754570245742798	0.17916588485240936	0.5453770756721497
99	0.07116134464740753	0.14065803587436676	0.7881806492805481	0.5940200090408325	0.14470484852790833	0.26127517223358154
100	0.862043023109436	0.1318272352218628	0.0061296941712498665	0.9851216077804565	0.011707022786140442	0.0031713207717984915
101	0.9236671328544617	0.07092783600091934	0.005405097268521786	0.9842877388000488	0.012687068432569504	0.0030251317657530308
102	0.047210484743118286	0.19138000905513763	0.7614094614982605	0.5951946377754211	0.08338108658790588	0.321424275636673
103	0.7950522899627686	0.19792041182518005	0.00702729681506753	0.9719095826148987	0.02220599725842476	0.005884434562176466
104	0.6976305246353149	0.28082939982414246	0.021540051326155663	0.9691938161849976	0.024005133658647537	0.006801106967031956
105	0.20985013246536255	0.4436347484588623	0.346515029668808	0.7653007507324219	0.17519956827163696	0.05949961021542549
106	0.9175004959106445	0.07607154548168182	0.006427979562431574	0.9863759875297546	0.010180857963860035	0.0034431677777320147
107	0.6822250485420227	0.2191082090139389	0.09866674244403839	0.955371081829071	0.022882206365466118	0.0217466838657856
108	0.9256150126457214	0.07188943773508072	0.002495624590665102	0.9859423041343689	0.012044700793921947	0.0020129657350480556
109	0.7786503434181213	0.16027948260307312	0.06107014790177345	0.9836367964744568	0.013623369857668877	0.002739822259172797
110	0.9191962480545044	0.0764811635017395	0.004322586115449667	0.9865886569023132	0.010994384065270424	0.0024169806856662035
111	0.7802594304084778	0.10497327148914337	0.11476733535528183	0.9507132768630981	0.025390945374965668	0.023895787075161934
112	0.6667721271514893	0.17533458769321442	0.15789325535297394	0.658258318901062	0.16191135346889496	0.17983029782772064
113	0.8888210654258728	0.08511067926883698	0.026068266481161118	0.6108283996582031	0.09118442237377167	0.297987163066864
114	0.9400097131729126	0.053946685045957565	0.006043594796210527	0.9838706254959106	0.012080988846719265	0.0040484098717570305
115	0.8620467782020569	0.09956023097038269	0.03839306905865669	0.9824529886245728	0.014653227292001247	0.0028937924653291702
116	0.6780247688293457	0.2991640567779541	0.022811127826571465	0.9831390976905823	0.012057509273290634	0.004803447052836418
117	0.1922249048948288	0.3105957508087158	0.4971792995929718	0.48404425382614136	0.08279600739479065	0.433159738779068
118	0.08289399743080139	0.17499549686908722	0.7421104907989502	0.6539464592933655	0.2245614379644394	0.12149208784103394
119	0.9753088355064392	0.011609459295868874	0.013081628829240799	0.9630420804023743	0.020805537700653076	0.016152454540133476
120	0.488779217004776	0.3919872045516968	0.11923354864120483	0.8773448467254639	0.0946340560913086	0.02802112139761448
121	0.19113360345363617	0.1342652440071106	0.674601137638092	0.7914588451385498	0.08941427618265152	0.11912687122821808
122	0.912656843662262	0.0774289220571518	0.00991420540958643	0.9887040257453918	0.008614352904260159	0.002681572223082185
123	0.8215655088424683	0.16220100224018097	0.01623350754380226	0.9857048988342285	0.011066381819546223	0.0032287221401929855
124	0.9119752049446106	0.07274887710809708	0.015275907702744007	0.8460814952850342	0.13286957144737244	0.021048935130238533
125	0.907612144947052	0.0719527006149292	0.020435191690921783	0.8603792190551758	0.10126037895679474	0.038360368460416794
126	0.8555693030357361	0.1273009032011032	0.01712978631258011	0.9888902902603149	0.009307397529482841	0.0018023495795205235
127	0.7186009287834167	0.2498668134212494	0.03153225779533386	0.9795755743980408	0.016295498237013817	0.004128953907638788
128	0.0876704528927803	0.10180019587278366	0.8105294108390808	0.05372590199112892	0.07615724951028824	0.8701168894767761
129	0.09508898854255676	0.10171832144260406	0.803192675113678	0.036475393921136856	0.15201669931411743	0.8115079402923584
130	0.8483483791351318	0.12629534304141998	0.025356246158480644	0.988318145275116	0.009632743895053864	0.0020491457544267178
131	0.8903418779373169	0.08130431920289993	0.02835380844771862	0.7978275418281555	0.08040443062782288	0.12176800519227982
132	0.8922857642173767	0.10332868993282318	0.004385494627058506	0.9872335195541382	0.010731719434261322	0.0020348404068499804
133	0.2348284125328064	0.21691128611564636	0.5482602715492249	0.601412296295166	0.2020358443260193	0.19655188918113708
134	0.02520572952926159	0.053737614303827286	0.9210566282272339	0.13699881732463837	0.06501688063144684	0.7979843020439148
135	0.8575814366340637	0.1348821520805359	0.007536373566836119	0.9369359612464905	0.041455257683992386	0.021608686074614525
136	0.897219181060791	0.09745790809392929	0.0053229243494570255	0.984761118888855	0.01301018800586462	0.002228657715022564
137	0.8868941068649292	0.1044345572590828	0.008671335875988007	0.9832301735877991	0.012014753185212612	0.004755107220262289
138	0.14994829893112183	0.11740242689847946	0.7326492071151733	0.6151388883590698	0.08949270099401474	0.29536840319633484
139	0.10214278101921082	0.17315959930419922	0.7246975898742676	0.2724960446357727	0.2120095044374466	0.5154945254325867
140	0.9106826186180115	0.08136504888534546	0.007952407002449036	0.9854041934013367	0.011535020545125008	0.003060834016650915
141	0.8336594104766846	0.15191395580768585	0.01442662626504898	0.9822561740875244	0.012109272181987762	0.005634530913084745
142	0.7847604155540466	0.1725691705942154	0.04267032444477081	0.9601516723632812	0.018033433705568314	0.021814823150634766
143	0.8475121855735779	0.13987357914447784	0.012614160776138306	0.9824732542037964	0.011923089623451233	0.005603753495961428
144	0.8130335807800293	0.1565282791852951	0.030438192188739777	0.9840976595878601	0.013821152970194817	0.002081142272800207
145	0.9034843444824219	0.08781176060438156	0.008703925646841526	0.8421159982681274	0.10423228144645691	0.053651683032512665
146	0.8605872988700867	0.11967599391937256	0.019736750051379204	0.9856019616127014	0.010373253375291824	0.004024823196232319
147	0.9533569812774658	0.0386437363922596	0.007999266497790813	0.9900908470153809	0.00828215666115284	0.0016269898042082787
148	0.6830160021781921	0.1508486270904541	0.16613534092903137	0.9521145224571228	0.026914048939943314	0.020971424877643585
149	0.8588590621948242	0.13424578309059143	0.006895201746374369	0.9888597726821899	0.00918554700911045	0.001954702427610755
150	0.8883035778999329	0.10729674994945526	0.004399680066853762	0.9744860529899597	0.018860453739762306	0.006653502583503723
151	0.9426940083503723	0.054437074810266495	0.002868948969990015	0.9891728162765503	0.009237834252417088	0.0015893315430730581
152	0.8839903473854065	0.10926764458417892	0.006741996388882399	0.9896698594093323	0.00865226611495018	0.0016778503777459264
153	0.8587300181388855	0.1255250871181488	0.01574486307799816	0.9333364963531494	0.051366474479436874	0.015297062695026398
154	0.6507617831230164	0.13296237587928772	0.2162758857011795	0.9641376733779907	0.02335442788898945	0.01250792108476162
155	0.7737158536911011	0.21602733433246613	0.010256776586174965	0.986512303352356	0.011275680735707283	0.0022120282519608736
156	0.8969168663024902	0.09812644124031067	0.004956649616360664	0.9885625839233398	0.009627117775380611	0.0018103168113157153
157	0.8910609483718872	0.10493697971105576	0.00400204723700881	0.9835304617881775	0.01469409465789795	0.0017754024593159556
158	0.8456502556800842	0.14252325892448425	0.0118264677003026	0.9860212206840515	0.011219285428524017	0.002759611001238227
159	0.9074971675872803	0.08811837434768677	0.004384420346468687	0.9840778112411499	0.013528747484087944	0.0023933860938996077
160	0.9516193270683289	0.042033206671476364	0.006347487214952707	0.9900075197219849	0.007503035943955183	0.002489472972229123
161	0.902854859828949	0.08835351467132568	0.008791698142886162	0.9664154648780823	0.023998655378818512	0.00958594772964716
162	0.8032124042510986	0.18055756390094757	0.016230063512921333	0.9845466017723083	0.012974145822227001	0.002479254500940442
163	0.8134984970092773	0.06651582568883896	0.1199856624007225	0.636901319026947	0.06769963353872299	0.295399010181427
164	0.6327680349349976	0.3142920434474945	0.05293991416692734	0.9732142090797424	0.020631659775972366	0.006154141388833523
165	0.8007704615592957	0.17016685009002686	0.02906263992190361	0.9869995713233948	0.00960453785955906	0.003395847510546446
166	0.786556601524353	0.19543088972568512	0.01801246963441372	0.9897902607917786	0.008832300081849098	0.00137741316575557
167	0.9581403732299805	0.03907492011785507	0.0027846854645758867	0.9916553497314453	0.00643353583291173	0.0019110754365101457
168	0.9113450646400452	0.08136477321386337	0.007290154695510864	0.987440824508667	0.010215972550213337	0.002343217609450221
169	0.020888205617666245	0.11059319227933884	0.8685186505317688	0.1346445381641388	0.25492003560066223	0.610435426235199
170	0.9086165428161621	0.08319484442472458	0.008188548497855663	0.9352282285690308	0.049924734979867935	0.014847117476165295
171	0.8414831161499023	0.14520032703876495	0.013316640630364418	0.9814469814300537	0.014122211374342442	0.004430763889104128
172	0.9046338200569153	0.08801902085542679	0.00734714325517416	0.9870080351829529	0.010691022500395775	0.002300991676747799
173	0.7767488360404968	0.1863216757774353	0.03692944720387459	0.9807841777801514	0.01414110790938139	0.005074737593531609
174	0.9031997919082642	0.08515921980142593	0.011641050688922405	0.9876407980918884	0.00986804161220789	0.002491201274096966
175	0.02906922437250614	0.22288893163204193	0.7480418682098389	0.09103817492723465	0.3788706362247467	0.5300911664962769
176	0.22310665249824524	0.2546384632587433	0.5222549438476562	0.7247060537338257	0.08826735615730286	0.18702663481235504
177	0.9018757343292236	0.09398087114095688	0.00414343411102891	0.9811825156211853	0.016381753608584404	0.0024357386864721775
178	0.39202746748924255	0.15819765627384186	0.44977492094039917	0.8147242665290833	0.054944321513175964	0.130331352353096
179	0.918208122253418	0.07591502368450165	0.005876822397112846	0.9903579354286194	0.007560718804597855	0.002081354381516576
180	0.052312687039375305	0.22205358743667603	0.7256338000297546	0.2587200701236725	0.24101945757865906	0.5002604722976685
181	0.7910043001174927	0.20306113362312317	0.005934552289545536	0.957935094833374	0.03610409423708916	0.005960886832326651
182	0.9304810762405396	0.06317394971847534	0.006344984285533428	0.9835061430931091	0.011338982731103897	0.005154910963028669
183	0.8225589394569397	0.166914165019989	0.010526880621910095	0.9733133316040039	0.023935450240969658	0.0027512165252119303
184	0.9110380411148071	0.07944284379482269	0.009519062004983425	0.9875580072402954	0.010082273744046688	0.0023597280960530043
185	0.9017956852912903	0.0900622308254242	0.008142093196511269	0.9883579611778259	0.008605247363448143	0.003036808455362916
186	0.865294337272644	0.12429887056350708	0.010406852699816227	0.9633896946907043	0.02713048830628395	0.009479735046625137
187	0.9269033670425415	0.06780650466680527	0.005290086846798658	0.9459990859031677	0.022008076310157776	0.03199277073144913
188	0.8476007580757141	0.14498965442180634	0.007409654092043638	0.9898087978363037	0.008062947541475296	0.0021283116657286882
189	0.7884707450866699	0.19227881729602814	0.01925043575465679	0.8947809338569641	0.05430896207690239	0.050910089164972305
190	0.9164083003997803	0.07638170570135117	0.007210061885416508	0.9531735777854919	0.039419978857040405	0.007406439632177353
191	0.8621584177017212	0.12376777082681656	0.01407379936426878	0.8941047787666321	0.09177315980195999	0.014122103340923786
192	0.7104532122612	0.11475340276956558	0.17479336261749268	0.6627880930900574	0.10628601908683777	0.23092590272426605
193	0.8995065093040466	0.08989415317773819	0.01059930119663477	0.9851068258285522	0.012377365492284298	0.0025157537311315536
194	0.9182413816452026	0.07622785866260529	0.00553068658336997	0.9860401153564453	0.011571749113500118	0.0023881203960627317
195	0.3163501024246216	0.313990980386734	0.369658887386322	0.799087643623352	0.11363142728805542	0.08728095889091492
196	0.020207442343235016	0.11830902844667435	0.8614835143089294	0.2542332410812378	0.08229001611471176	0.6634767651557922
197	0.009912091307342052	0.05993056669831276	0.9301573038101196	0.0189934354275465	0.041389379650354385	0.9396171569824219
198	0.027413107454776764	0.05055903270840645	0.9220278859138489	0.2953864634037018	0.068904809653759	0.6357086896896362
199	0.26436859369277954	0.4400935769081116	0.2955378592014313	0.46467024087905884	0.2276381552219391	0.30769169330596924
