0	0.9655985236167908	0.03157380223274231	0.002827744698151946	0.8117185831069946	0.15108557045459747	0.03719585761427879
1	0.9876463413238525	0.01132951769977808	0.0010240779956802726	0.9872894883155823	0.011073573492467403	0.001636842847801745
2	0.9905557036399841	0.006233019754290581	0.0032113336492329836	0.9874576926231384	0.006776720751076937	0.0057655987329781055
3	0.9639601707458496	0.02947613038122654	0.006563726346939802	0.9679872989654541	0.025399884209036827	0.006612866185605526
4	0.9784092307090759	0.018437569960951805	0.003153100609779358	0.3850325345993042	0.6130240559577942	0.0019433958223089576
5	0.9869990944862366	0.009764653630554676	0.003236169461160898	0.9873414635658264	0.009568569250404835	0.0030900239944458008
6	0.9783959984779358	0.020243410021066666	0.0013605403946712613	0.9743468761444092	0.02444673888385296	0.0012064276961609721
7	0.9899360537528992	0.00808011181652546	0.001983808819204569	0.989080548286438	0.0086293900385499	0.0022900153417140245
8	0.9770574569702148	0.015352451242506504	0.007590080611407757	0.9755786061286926	0.015582202933728695	0.008839231915771961
9	0.9836644530296326	0.01479147095233202	0.0015441040741279721	0.9899324178695679	0.008843216113746166	0.0012243581004440784
10	0.9865486025810242	0.008571690879762173	0.004879639949649572	0.970400869846344	0.01381709799170494	0.015781953930854797
11	0.9870889782905579	0.008862128481268883	0.004048946313560009	0.9642893671989441	0.015337847173213959	0.02037278190255165
12	0.9752998948097229	0.014420232735574245	0.010279947891831398	0.9785585403442383	0.015596735291182995	0.005844644270837307
13	0.9754695296287537	0.02089160680770874	0.0036387417931109667	0.966888427734375	0.03114682249724865	0.0019647933077067137
14	0.9272937178611755	0.03540877252817154	0.03729740157723427	0.9682998061180115	0.02383422665297985	0.007866025902330875
15	0.9513105750083923	0.04423259198665619	0.004456853494048119	0.9490692615509033	0.04800717532634735	0.002923437859863043
16	0.9581120014190674	0.026476025581359863	0.015411908738315105	0.9602307081222534	0.02685457468032837	0.01291473675519228
17	0.9910458922386169	0.007810136303305626	0.001143918838351965	0.9908912777900696	0.008089910261332989	0.0010187793523073196
18	0.9947699904441833	0.00350019964389503	0.0017298267921432853	0.9931722283363342	0.004646681249141693	0.002181046176701784
19	0.9871783256530762	0.008301276713609695	0.004520327318459749	0.9830833673477173	0.008142185397446156	0.008774497546255589
20	0.9812978506088257	0.016316771507263184	0.0023853133898228407	0.9795584082603455	0.01889917254447937	0.0015424281591549516
21	0.9928938746452332	0.005513802170753479	0.0015922930324450135	0.9917343854904175	0.006766814738512039	0.001498812111094594
22	0.00196782941929996	0.0022288181353360415	0.9958034157752991	0.004934888798743486	0.004613634664565325	0.990451455116272
23	0.7746742963790894	0.07181960344314575	0.1535061001777649	0.9063687920570374	0.04685728996992111	0.046773891896009445
24	0.9904720783233643	0.008141198195517063	0.0013868033420294523	0.9946517944335938	0.004315060097724199	0.0010331532685086131
25	0.9867551922798157	0.01066046766936779	0.0025843714829534292	0.9856513738632202	0.01147290226072073	0.002875627251341939
26	0.9863605499267578	0.009651383385062218	0.003988092765212059	0.9864038228988647	0.008929016068577766	0.004667170811444521
27	0.9851890802383423	0.013216833584010601	0.0015940135344862938	0.978232204914093	0.020931439474225044	0.0008363688830286264
28	0.9834555983543396	0.014217172749340534	0.0023271420504897833	0.9809491038322449	0.016973866149783134	0.0020770097617059946
29	0.9889361262321472	0.009729292243719101	0.0013346613850444555	0.9901166558265686	0.008422276936471462	0.0014611025108024478
30	0.9898514747619629	0.007143230177462101	0.0030053837690502405	0.9874804615974426	0.007904828526079655	0.0046147494576871395
31	0.979933500289917	0.018626512959599495	0.0014399995561689138	0.6233745813369751	0.3742763102054596	0.0023490700405091047
32	0.9861648082733154	0.008919807150959969	0.004915381781756878	0.9877199530601501	0.00775702903047204	0.004522917326539755
33	0.9843413233757019	0.012370985001325607	0.0032877293415367603	0.9860678315162659	0.010621927678585052	0.0033102892339229584
34	0.9862827658653259	0.01210632361471653	0.0016108263516798615	0.9887732863426208	0.009917126037180424	0.0013097012415528297
35	0.9915545582771301	0.007078579626977444	0.0013668537139892578	0.9921618103981018	0.006506482604891062	0.0013317106058821082
36	0.9865473508834839	0.010426223278045654	0.0030264086090028286	0.9903358221054077	0.007409307640045881	0.0022549505811184645
37	0.9891270995140076	0.008070402778685093	0.0028024890925735235	0.9887925982475281	0.009189159609377384	0.0020182488951832056
38	0.9901371002197266	0.008685595355927944	0.0011772372527047992	0.9934939742088318	0.005612876731902361	0.0008930839248932898
39	0.9623386859893799	0.022575154900550842	0.015086241066455841	0.9729660749435425	0.01793408766388893	0.009099900722503662
40	0.9899141788482666	0.00879276916384697	0.0012930597877129912	0.9885358214378357	0.01000906340777874	0.0014551745261996984
41	0.714104175567627	0.27216771245002747	0.013728175312280655	0.14027389883995056	0.7280049920082092	0.1317211240530014
42	0.9746696352958679	0.011463874951004982	0.013866587541997433	0.9806832671165466	0.013834849931299686	0.005481838248670101
43	0.991926908493042	0.006515903398394585	0.001557186827994883	0.9709590077400208	0.02245059236884117	0.00659047020599246
44	0.9746335744857788	0.022968001663684845	0.0023984306026250124	0.9821847081184387	0.013458195142447948	0.004357104655355215
45	0.9847586154937744	0.010973012074828148	0.004268335178494453	0.9842018485069275	0.011127331294119358	0.004670887254178524
46	0.9819662570953369	0.01643102802336216	0.0016026825178414583	0.9817250370979309	0.012935297563672066	0.005339653696864843
47	0.9902472496032715	0.006039892788976431	0.0037128888070583344	0.9883020520210266	0.009356288239359856	0.0023417079355567694
48	0.9938499331474304	0.004687382839620113	0.0014627166092395782	0.9912988543510437	0.007196400780230761	0.001504684565588832
49	0.9848722219467163	0.010244830511510372	0.004882953129708767	0.9811711311340332	0.013842682354152203	0.004986189305782318
50	0.9834885001182556	0.015388418920338154	0.0011230300879105926	0.9778538346290588	0.020942432805895805	0.0012036854168400168
51	0.7994252443313599	0.184016153216362	0.01655867137014866	0.8280295133590698	0.1267910599708557	0.04517946019768715
52	0.9260804653167725	0.06811146438121796	0.005808104760944843	0.7919811606407166	0.20482251048088074	0.0031963426154106855
53	0.9790922403335571	0.014876998029649258	0.006030806805938482	0.979057788848877	0.015953607857227325	0.004988629370927811
54	0.8013356328010559	0.06758587807416916	0.13107851147651672	0.8945644497871399	0.07899458706378937	0.026440966874361038
55	0.9730448722839355	0.024921797215938568	0.0020332715939730406	0.9794548749923706	0.01890517771244049	0.0016398925799876451
56	0.992653489112854	0.005973791237920523	0.0013726569013670087	0.9934146404266357	0.005420126486569643	0.0011651995591819286
57	0.9710904955863953	0.01769382134079933	0.01121571846306324	0.92002272605896	0.029057450592517853	0.050919756293296814
58	0.9320274591445923	0.023221047595143318	0.044751524925231934	0.978400468826294	0.017445283010601997	0.004154297057539225
59	0.9818437695503235	0.016062840819358826	0.002093323739245534	0.9763078689575195	0.020975681021809578	0.002716401591897011
60	0.9654309153556824	0.028942231088876724	0.005626879632472992	0.9490821957588196	0.035435643047094345	0.015482248738408089
61	0.9721837639808655	0.02290686033666134	0.0049093556590378284	0.9782314896583557	0.01509691309183836	0.006671630311757326
62	0.9908661246299744	0.007961133494973183	0.0011727915843948722	0.9853231906890869	0.013881541788578033	0.0007953547174111009
63	0.9794761538505554	0.015798991546034813	0.004724826663732529	0.9769431352615356	0.019919073209166527	0.003137758933007717
64	0.9846764206886292	0.013449139893054962	0.0018744870321825147	0.984793484210968	0.013139949180185795	0.002066492335870862
65	0.9942857623100281	0.004580265376716852	0.001133939134888351	0.9853856563568115	0.014007971622049809	0.000606369343586266
66	0.9893130660057068	0.00916384905576706	0.0015231160214170814	0.988913357257843	0.009431522339582443	0.0016551399603486061
67	0.9936490654945374	0.005100404378026724	0.0012504777405411005	0.992255687713623	0.006025289185345173	0.0017191071528941393
68	0.9849848747253418	0.008559214882552624	0.006455906666815281	0.9848355650901794	0.00840719137340784	0.006757117807865143
69	0.9901925325393677	0.008611165918409824	0.0011963784927502275	0.9643765091896057	0.033596523106098175	0.0020268848165869713
70	0.9770056009292603	0.019598528742790222	0.0033958388958126307	0.9133585095405579	0.08442763984203339	0.002213825238868594
71	0.9867587685585022	0.011603138409554958	0.0016381157329306006	0.9865999817848206	0.011728913523256779	0.0016709788469597697
72	0.9788237810134888	0.019649187102913857	0.0015271063894033432	0.9914631247520447	0.007320008240640163	0.0012168923858553171
73	0.9742947816848755	0.017415329813957214	0.008289821445941925	0.9889716506004333	0.008909768424928188	0.002118589822202921
74	0.9786251187324524	0.015833819285035133	0.005541050806641579	0.9392606019973755	0.03213907778263092	0.02860020101070404
75	0.9890891909599304	0.00888753030449152	0.0020232999231666327	0.9739277362823486	0.02490215376019478	0.0011700206669047475
76	0.9681820273399353	0.027242977172136307	0.004575029481202364	0.9856116771697998	0.009833873249590397	0.0045543937012553215
77	0.9854364991188049	0.013367380946874619	0.0011961531126871705	0.9849972724914551	0.014116324484348297	0.000886453955899924
78	0.9855904579162598	0.011593407019972801	0.002816116902977228	0.9821569323539734	0.015729360282421112	0.0021137362346053123
79	0.9919270277023315	0.006384158972650766	0.0016888192621991038	0.9907795190811157	0.006987283937633038	0.002233214909210801
80	0.8910238146781921	0.07927518337965012	0.029701003804802895	0.9143113493919373	0.06041666865348816	0.02527202107012272
81	0.9916642904281616	0.006981842219829559	0.0013538738712668419	0.9928573369979858	0.00599733367562294	0.0011453274637460709
82	0.9899459481239319	0.008230779320001602	0.0018233000300824642	0.9911942481994629	0.007083819713443518	0.0017219395376741886
83	0.9912614822387695	0.006487532518804073	0.002250967314466834	0.9892228841781616	0.008852312341332436	0.0019247957970947027
84	0.979636549949646	0.017861701548099518	0.0025017813313752413	0.9761547446250916	0.020644087344408035	0.003201248124241829
85	0.981101930141449	0.013312529772520065	0.005585548467934132	0.8589052557945251	0.13385836780071259	0.007236335892230272
86	0.9791892766952515	0.016222789883613586	0.004587850999087095	0.9792835116386414	0.01631464622914791	0.004401953890919685
87	0.9901461005210876	0.007889071479439735	0.0019648324232548475	0.98841792345047	0.009908901527523994	0.001673203194513917
88	0.9826319217681885	0.015052787959575653	0.0023152390494942665	0.9828794598579407	0.014713168144226074	0.002407365944236517
89	0.9791450500488281	0.01857188157737255	0.0022831277456134558	0.980071485042572	0.01827188953757286	0.0016567215789109468
90	0.9738786816596985	0.023333242163062096	0.002788204699754715	0.9832237958908081	0.012528900988399982	0.004247263073921204
91	0.9936187267303467	0.0031302713323384523	0.0032510969322174788	0.994300365447998	0.0031422474421560764	0.0025574469473212957
92	0.87851881980896	0.10162239521741867	0.019858717918395996	0.967025637626648	0.028033150359988213	0.004941165912896395
93	0.9803181886672974	0.016212191432714462	0.003469679271802306	0.5554754734039307	0.4406942129135132	0.0038303411565721035
94	0.9767839908599854	0.020088372752070427	0.00312760635279119	0.9621578454971313	0.021833151578903198	0.01600898616015911
95	0.9748983979225159	0.021909210830926895	0.0031923307105898857	0.9826663732528687	0.016001112759113312	0.001332503161393106
96	0.1428520679473877	0.8554750084877014	0.001672971062362194	0.9808341860771179	0.015993822365999222	0.0031719300895929337
97	0.9828699231147766	0.01272563822567463	0.00440438324585557	0.982355535030365	0.013315754942595959	0.004328652750700712
98	0.9534438848495483	0.02662602998316288	0.01993006281554699	0.9606980681419373	0.026875538751482964	0.01242641732096672
99	0.9892605543136597	0.00951967854052782	0.001219686004333198	0.9864059090614319	0.012116411700844765	0.0014775951858609915
100	0.9662501811981201	0.018432985991239548	0.015316865406930447	0.9789993762969971	0.012497689574956894	0.008502908051013947
101	0.8644924759864807	0.08203648030757904	0.053470954298973083	0.867472231388092	0.1120915487408638	0.020436208695173264
102	0.9257221221923828	0.032071303576231	0.04220661148428917	0.9352977871894836	0.03448249399662018	0.030219677835702896
103	0.9904536008834839	0.007644954137504101	0.0019014258868992329	0.9891459941864014	0.008673625066876411	0.002180379582569003
104	0.9870280027389526	0.011417170986533165	0.0015548213850706816	0.9862918257713318	0.012254580855369568	0.0014535252703353763
105	0.9928781390190125	0.006075648590922356	0.001046134508214891	0.9940366744995117	0.004925568588078022	0.0010376482969149947
106	0.9926642179489136	0.0058426158502697945	0.0014930935576558113	0.9908219575881958	0.007405980955809355	0.0017720599425956607
107	0.9815120100975037	0.017279017716646194	0.0012089975643903017	0.986048698425293	0.01036271546036005	0.0035885630641132593
108	0.9863533973693848	0.010715293698012829	0.002931301249191165	0.9884676337242126	0.008630340918898582	0.002902066335082054
109	0.9267275333404541	0.06270212680101395	0.01057035569101572	0.9406242966651917	0.05662550404667854	0.0027501615695655346
110	0.3839667737483978	0.019278259947896004	0.5967549085617065	0.7434990406036377	0.030377604067325592	0.22612334787845612
111	0.9700106978416443	0.018052196130156517	0.01193707063794136	0.9541319608688354	0.039406243711709976	0.006461806129664183
112	0.9816216826438904	0.016195399686694145	0.0021829514298588037	0.9792496562004089	0.017631947994232178	0.003118413733318448
113	0.990295946598053	0.007267795968800783	0.002436305396258831	0.97735995054245	0.02118689939379692	0.001453167526051402
114	0.952202320098877	0.03532707318663597	0.012470620684325695	0.9416326880455017	0.026651350781321526	0.031715959310531616
115	0.9902312159538269	0.006224338430911303	0.003544370410963893	0.9883092641830444	0.008628517389297485	0.0030622873455286026
116	0.9899245500564575	0.006582299247384071	0.003493116470053792	0.9839935302734375	0.009958526119589806	0.006047921720892191
117	0.9888995885848999	0.008667206391692162	0.0024331356398761272	0.9831796884536743	0.015028266236186028	0.0017920166719704866
118	0.9860880970954895	0.011166496202349663	0.0027454583905637264	0.9876543879508972	0.009381306357681751	0.002964325249195099
119	0.9817596673965454	0.012034254148602486	0.0062061455100774765	0.9808000326156616	0.012043802067637444	0.007156277075409889
120	0.9936662316322327	0.0054543050937354565	0.0008794000605121255	0.9939181804656982	0.005242757499217987	0.0008389955619350076
121	0.9940881729125977	0.004116745665669441	0.001795056159608066	0.991585373878479	0.006170839536935091	0.002243761671707034
122	0.9882028698921204	0.00973724015057087	0.002059898804873228	0.8042012453079224	0.19427067041397095	0.0015280797379091382
123	0.9836922883987427	0.01393565908074379	0.002371998503804207	0.9831490516662598	0.013467272743582726	0.003383672097697854
124	0.9893332123756409	0.00900930818170309	0.0016575489426031709	0.9910847544670105	0.00754266232252121	0.001372549100778997
125	0.9870563745498657	0.009755312465131283	0.003188240109011531	0.9850525259971619	0.011964462697505951	0.002983025275170803
126	0.12715910375118256	0.12337078899145126	0.7494701743125916	0.22466309368610382	0.101401686668396	0.6739352345466614
127	0.9218569397926331	0.07074083387851715	0.0074022505432367325	0.9004349708557129	0.09605028480291367	0.0035147403832525015
128	0.9786992073059082	0.013006625697016716	0.008294246159493923	0.9792686104774475	0.012724381871521473	0.00800691545009613
129	0.9781493544578552	0.020298251882195473	0.0015524027403444052	0.970966100692749	0.027820773422718048	0.0012131885159760714
130	0.9890958666801453	0.008525949902832508	0.0023782358039170504	0.9894033670425415	0.008383446373045444	0.0022131549194455147
131	0.982521116733551	0.015175584703683853	0.0023032582830637693	0.8799068927764893	0.11677954345941544	0.0033136126585304737
132	0.9886924028396606	0.009290004149079323	0.0020176805555820465	0.9889917373657227	0.008956640027463436	0.002051620976999402
133	0.9859955906867981	0.011757589876651764	0.0022468201350420713	0.984438955783844	0.013234477490186691	0.002326519461348653
134	0.8849495649337769	0.039311569184064865	0.07573885470628738	0.9531678557395935	0.037922535091638565	0.008909650146961212
135	0.9898148775100708	0.00920229684561491	0.0009827842004597187	0.6309221386909485	0.3680245280265808	0.001053327927365899
136	0.9887712597846985	0.009733966551721096	0.0014947501476854086	0.979876697063446	0.01690860278904438	0.003214579075574875
137	0.9886353015899658	0.008885815739631653	0.0024789010640233755	0.9889997839927673	0.008430330082774162	0.0025699578691273928
138	0.9871000051498413	0.010951372794806957	0.001948601915501058	0.9849261045455933	0.013454756699502468	0.0016191350296139717
139	0.984718382358551	0.014143943786621094	0.0011376624461263418	0.9897056818008423	0.009077044203877449	0.0012172128772363067
140	0.7925630211830139	0.19377559423446655	0.013661441393196583	0.9551427364349365	0.04273274913430214	0.002124518621712923
141	0.9871724843978882	0.009201155975461006	0.0036263507790863514	0.9880945086479187	0.008535589091479778	0.0033699546474963427
142	0.9825326204299927	0.015093354508280754	0.002374023199081421	0.9836279153823853	0.014119181782007217	0.002252819249406457
143	0.9814833998680115	0.01719667948782444	0.0013198645319789648	0.09728814661502838	0.9016380906105042	0.0010737581178545952
144	0.9921408891677856	0.006848376709967852	0.001010781736113131	0.9898082613945007	0.009008387103676796	0.0011833924800157547
145	0.9824221730232239	0.0155754704028368	0.002002439694479108	0.9433928728103638	0.05398264154791832	0.002624455839395523
146	0.9582324028015137	0.03774768486618996	0.004019845277070999	0.7556941509246826	0.22453804314136505	0.019767820835113525
147	0.991845428943634	0.007183235604315996	0.0009713079780340195	0.9760411381721497	0.02299615368247032	0.0009627424878999591
148	0.9456473588943481	0.03508836403489113	0.019264280796051025	0.9572322368621826	0.03544686734676361	0.007320901844650507
149	0.9846428632736206	0.012777307070791721	0.0025797567795962095	0.6284080743789673	0.3690635859966278	0.0025283615104854107
150	0.9587184190750122	0.036750711500644684	0.004530831705778837	0.9383777379989624	0.04000845551490784	0.02161373756825924
151	0.9881249666213989	0.01071640383452177	0.0011586692417040467	0.9931240677833557	0.005919052287936211	0.0009569447720423341
152	0.9897056818008423	0.008585642091929913	0.0017085867002606392	0.9418030977249146	0.05685489624738693	0.0013419726165011525
153	0.9859058856964111	0.011381353251636028	0.0027127384673804045	0.9880701899528503	0.009305058978497982	0.0026247426867485046
154	0.9845539331436157	0.011731953360140324	0.00371413491666317	0.9824976325035095	0.012774071656167507	0.004728261847048998
155	0.6693892478942871	0.32691559195518494	0.0036951673682779074	0.9731069207191467	0.02162977308034897	0.005263273138552904
156	0.9288008809089661	0.04233279824256897	0.028866315260529518	0.5982986092567444	0.20863212645053864	0.19306929409503937
157	0.9926800727844238	0.006594049744307995	0.000725922582205385	0.9926223754882812	0.006656128913164139	0.000721445307135582
158	0.9880734086036682	0.00935077853500843	0.002575729740783572	0.9894326329231262	0.008281688205897808	0.0022856334690004587
159	0.9352701306343079	0.06413361430168152	0.0005963003495708108	0.9873982667922974	0.0105874789878726	0.0020142104476690292
160	0.9886321425437927	0.008123619481921196	0.0032443366944789886	0.9901670217514038	0.006891435943543911	0.0029414661694318056
161	0.6020302176475525	0.0955730602145195	0.3023967444896698	0.6455501317977905	0.1059701144695282	0.24847975373268127
162	0.9884948134422302	0.009286588989198208	0.0022186273708939552	0.9880414009094238	0.009660342708230019	0.002298149047419429
163	0.9816133975982666	0.011397072114050388	0.006989533547312021	0.4467082619667053	0.537858247756958	0.015433523803949356
164	0.9874562621116638	0.009757802821695805	0.002785959979519248	0.9860926270484924	0.011493779718875885	0.0024135573767125607
165	0.9364954233169556	0.06051727384328842	0.0029874013271182775	0.023389609530568123	0.9753216505050659	0.0012887074844911695
166	0.9786891341209412	0.014011040329933167	0.007299808319658041	0.9829543232917786	0.01133335568010807	0.005712301470339298
167	0.5695573687553406	0.06786389648914337	0.3625788390636444	0.8647584319114685	0.05929289385676384	0.07594867795705795
168	0.9828458428382874	0.01450568251311779	0.0026485398411750793	0.9826328754425049	0.014428450725972652	0.0029386088717728853
169	0.9826251268386841	0.01460954174399376	0.0027652268763631582	0.9400833249092102	0.05752759426832199	0.0023890268057584763
170	0.9902125000953674	0.008078256621956825	0.0017092936905100942	0.9747564792633057	0.02187424898147583	0.00336935231462121
171	0.9924671053886414	0.006517140194773674	0.0010157212382182479	0.9928386807441711	0.006244121119379997	0.0009173122816719115
172	0.9733480215072632	0.02048155851662159	0.006170447450131178	0.9739376902580261	0.02048279158771038	0.0055795349180698395
173	0.9881868958473206	0.007848882116377354	0.003964283969253302	0.9860892295837402	0.010100441984832287	0.0038102439139038324
174	0.9817952513694763	0.01566772162914276	0.0025370356161147356	0.9604196548461914	0.028063351288437843	0.011517004109919071
175	0.9893348813056946	0.009283354505896568	0.0013817542931064963	0.9709771871566772	0.02553379349410534	0.0034890531096607447
176	0.9857456684112549	0.01123828161507845	0.0030160434544086456	0.9867363572120667	0.009846395812928677	0.0034171564038842916
177	0.9911276698112488	0.007672895211726427	0.0011994628002867103	0.9889140725135803	0.010028140619397163	0.0010578259825706482
178	0.987917959690094	0.010482377372682095	0.0015996822621673346	0.6646308898925781	0.3332614004611969	0.0021076719276607037
179	0.9632318615913391	0.034866463392972946	0.0019016587175428867	0.9610110521316528	0.035531334578990936	0.0034576142206788063
180	0.9800388216972351	0.01864023506641388	0.0013209984172135592	0.9811161756515503	0.01663335971534252	0.002250535413622856
181	0.9908761382102966	0.005478962324559689	0.003644840093329549	0.9902252554893494	0.0063271294347941875	0.003447555936872959
182	0.988800048828125	0.007708478718996048	0.003491418669000268	0.9732133746147156	0.024985767900943756	0.0018007684266194701
183	0.9870026111602783	0.01108289510011673	0.001914607360959053	0.9874524474143982	0.010384239256381989	0.0021633573342114687
184	0.7999081015586853	0.15206627547740936	0.048025619238615036	0.5720622539520264	0.3903293013572693	0.037608373910188675
185	0.984954833984375	0.010600784793496132	0.004444457124918699	0.9869066476821899	0.009446433745324612	0.0036469053011387587
186	0.9882264733314514	0.009108610451221466	0.0026649206411093473	0.9872255921363831	0.009579656645655632	0.003194700926542282
187	0.988690972328186	0.009696053341031075	0.0016129279974848032	0.9890055060386658	0.009367789141833782	0.0016267477767542005
188	0.9836306571960449	0.012164381332695484	0.0042050243355333805	0.9835184812545776	0.01150437444448471	0.0049772062338888645
189	0.9733691215515137	0.015156521461904049	0.011474297381937504	0.9840429425239563	0.012902634218335152	0.0030544057954102755
190	0.9847663640975952	0.012370763346552849	0.002862918423488736	0.9850902557373047	0.012112859636545181	0.0027968655340373516
191	0.9894357919692993	0.0055564274080097675	0.005007841158658266	0.9758485555648804	0.021812723949551582	0.0023386706598103046
192	0.9861381649971008	0.01079844031482935	0.0030634570866823196	0.9711887836456299	0.02687697485089302	0.001934256055392325
193	0.972854495048523	0.023677784949541092	0.0034677309449762106	0.6731886267662048	0.3254820704460144	0.001329355756752193
194	0.981923520565033	0.013159683905541897	0.004916736856102943	0.982542872428894	0.012590678408741951	0.004866482224315405
195	0.9892746806144714	0.009077722206711769	0.001647659228183329	0.9865167140960693	0.012696102261543274	0.0007872351561672986
196	0.9817830920219421	0.015567832626402378	0.0026490059681236744	0.9710875749588013	0.026365133002400398	0.002547255950048566
197	0.9882174134254456	0.009494207799434662	0.00228837039321661	0.523144543170929	0.47278714179992676	0.004068321082741022
198	0.5557882189750671	0.23448774218559265	0.20972402393817902	0.9592543244361877	0.03768701106309891	0.0030586712528020144
199	0.9881293177604675	0.010357722640037537	0.0015129229286685586	0.9893418550491333	0.009374134242534637	0.0012840548297390342
