0	0.3598305583000183	0.13239966332912445	0.5077698230743408	0.44266200065612793	0.09630338102579117	0.4610346257686615
1	0.5644404888153076	0.3566034734249115	0.07895602285861969	0.9596297144889832	0.030252184718847275	0.01011810265481472
2	0.6995929479598999	0.25057750940322876	0.049829479306936264	0.9434332847595215	0.02772458828985691	0.028842128813266754
3	0.8611741662025452	0.1057518869638443	0.03307400271296501	0.978164792060852	0.019723352044820786	0.0021119092125445604
4	0.9717195630073547	0.01827904023230076	0.010001490823924541	0.9865862131118774	0.010366159491240978	0.003047619014978409
5	0.17111216485500336	0.6122750639915466	0.21661277115345	0.4803595542907715	0.33655494451522827	0.18308547139167786
6	0.007681884337216616	0.02246970310807228	0.9698484539985657	0.015466159209609032	0.08677691966295242	0.8977568745613098
7	0.4067766070365906	0.15593130886554718	0.43729206919670105	0.7296853065490723	0.1746036857366562	0.09571105241775513
8	0.09428393095731735	0.4328135550022125	0.47290247678756714	0.5307286381721497	0.3131716847419739	0.15609972178936005
9	0.18717408180236816	0.7387257218360901	0.07410019636154175	0.538323700428009	0.44110915064811707	0.020567191764712334
10	0.9282394051551819	0.06774352490901947	0.004017124883830547	0.9839332103729248	0.013546298258006573	0.0025205276906490326
11	0.9575164318084717	0.03520289808511734	0.007280729711055756	0.9705287218093872	0.025946229696273804	0.003524971893057227
12	0.3967084288597107	0.5589627623558044	0.044328782707452774	0.9813031554222107	0.014288561418652534	0.0044082882814109325
13	0.48961883783340454	0.3246888518333435	0.18569235503673553	0.9440754652023315	0.050194837152957916	0.0057296850718557835
14	0.8801783323287964	0.1131700649857521	0.006651615258306265	0.9801040887832642	0.018410613760352135	0.0014852849999442697
15	0.9129564166069031	0.07852866500616074	0.00851490069180727	0.9832842350006104	0.013492104597389698	0.0032236911356449127
16	0.906395435333252	0.08861808478832245	0.004986496176570654	0.983651876449585	0.0145018445327878	0.001846223953180015
17	0.9166030287742615	0.07831894606351852	0.0050779953598976135	0.9751721024513245	0.023389430716633797	0.001438489300198853
18	0.7599118947982788	0.1265934705734253	0.11349457502365112	0.8839733004570007	0.058400578796863556	0.05762608349323273
19	0.8786965012550354	0.11099584400653839	0.01030772365629673	0.9870972633361816	0.010567085817456245	0.0023356277961283922
20	0.8590124845504761	0.11580628901720047	0.025181232020258904	0.9669445157051086	0.028233960270881653	0.00482154218479991
21	0.6297866106033325	0.3235045373439789	0.04670890048146248	0.9791085124015808	0.016687724739313126	0.0042037018574774265
22	0.12824253737926483	0.15771257877349854	0.7140448689460754	0.6080694198608398	0.030872568488121033	0.3610580265522003
23	0.9114959239959717	0.07560071349143982	0.0129033662378788	0.9695279598236084	0.022326719015836716	0.008145268075168133
24	0.014321125112473965	0.040065743029117584	0.9456131458282471	0.025478186085820198	0.12065110355615616	0.8538707494735718
25	0.26046493649482727	0.3096862733364105	0.42984873056411743	0.23544414341449738	0.1108892485499382	0.6536666750907898
26	0.00997006893157959	0.03574695438146591	0.9542829394340515	0.15390644967556	0.04376285895705223	0.8023306727409363
27	0.8842038512229919	0.10409988462924957	0.011696310713887215	0.9796991348266602	0.013731908984482288	0.006568950600922108
28	0.392139196395874	0.5981648564338684	0.009695974178612232	0.6028227210044861	0.11695562303066254	0.2802215814590454
29	0.7466690540313721	0.12497654557228088	0.12835441529750824	0.9875841736793518	0.009474010206758976	0.0029418752528727055
30	0.2994925379753113	0.6022363305091858	0.09827112406492233	0.9609793424606323	0.027680162340402603	0.011340524069964886
31	0.6911276578903198	0.15948520600795746	0.1493872106075287	0.49150118231773376	0.057782988995313644	0.4507158100605011
32	0.8181564807891846	0.10370581597089767	0.07813778519630432	0.8339894413948059	0.1469321995973587	0.01907839998602867
33	0.08456388115882874	0.08463266491889954	0.830803394317627	0.2116214632987976	0.08541473746299744	0.7029637694358826
34	0.02694782055914402	0.1704527884721756	0.8025993704795837	0.24700339138507843	0.07509744167327881	0.6778991222381592
35	0.7632433772087097	0.22156435251235962	0.015192236751317978	0.9748107194900513	0.023740645498037338	0.0014486013678833842
36	0.928405225276947	0.06098303943872452	0.0106117632240057	0.9900728464126587	0.008302226662635803	0.001624976983293891
37	0.8214102387428284	0.10420771688222885	0.07438197731971741	0.9672726392745972	0.020147457718849182	0.012579870410263538
38	0.9183061122894287	0.07230271399021149	0.009391134604811668	0.9804432988166809	0.012867818586528301	0.006688975729048252
39	0.3215252757072449	0.5081788301467896	0.1702958345413208	0.412055641412735	0.517133355140686	0.07081102579832077
40	0.7102524042129517	0.2485218048095703	0.041225776076316833	0.9164342880249023	0.06541041284799576	0.018155265599489212
41	0.3205268979072571	0.22729066014289856	0.452182412147522	0.6983078122138977	0.13539515435695648	0.16629697382450104
42	0.4736970365047455	0.2850360870361328	0.2412668913602829	0.8221397995948792	0.1322590708732605	0.045601170510053635
43	0.018914833664894104	0.09050672501325607	0.8905784487724304	0.23397865891456604	0.07380028814077377	0.6922211050987244
44	0.8657667636871338	0.11208227276802063	0.022151043638586998	0.9889386892318726	0.009079867042601109	0.0019814870320260525
45	0.043680254369974136	0.7082740664482117	0.2480456829071045	0.4788454473018646	0.3075386583805084	0.21361586451530457
46	0.7373672127723694	0.24309708178043365	0.019535675644874573	0.9637024998664856	0.026323316618800163	0.009974249638617039
47	0.8700010180473328	0.11995892971754074	0.010040041990578175	0.9783974885940552	0.018439816311001778	0.0031626608688384295
48	0.8900837898254395	0.10327456891536713	0.006641600746661425	0.9881751537322998	0.00959694478660822	0.0022279054392129183
49	0.9231228828430176	0.07276620715856552	0.004110798705369234	0.9852679967880249	0.012629055418074131	0.002103031612932682
50	0.8046772480010986	0.1808680146932602	0.01445473451167345	0.9255048036575317	0.06864188611507416	0.0058532897382974625
51	0.04830367490649223	0.03926674276590347	0.9124295115470886	0.2948090136051178	0.06202907860279083	0.643161952495575
52	0.9151608943939209	0.08041389286518097	0.004425200633704662	0.977531909942627	0.020394936203956604	0.002073204843327403
53	0.8322666883468628	0.1494145393371582	0.018318774178624153	0.9543549418449402	0.038886383175849915	0.006758762989193201
54	0.7712152004241943	0.1797289401292801	0.04905584082007408	0.9564272165298462	0.02984820120036602	0.013724608346819878
55	0.7134284973144531	0.25386592745780945	0.03270557522773743	0.8998228907585144	0.08240439742803574	0.017772631719708443
56	0.446935772895813	0.25439512729644775	0.29866909980773926	0.31492897868156433	0.11342068016529083	0.5716503858566284
57	0.7127962112426758	0.21076959371566772	0.07643415033817291	0.8256828188896179	0.06659327447414398	0.10772392898797989
58	0.7963563799858093	0.16176892817020416	0.041874680668115616	0.8557947278022766	0.09875175356864929	0.04545349255204201
59	0.7805272340774536	0.1837613433599472	0.03571135923266411	0.9825557470321655	0.012423445470631123	0.005020825657993555
60	0.8099568486213684	0.1602202206850052	0.0298229418694973	0.9831620454788208	0.01430119201540947	0.002536674728617072
61	0.07150845229625702	0.3469518721103668	0.5815396904945374	0.2562721073627472	0.27095794677734375	0.47276991605758667
62	0.9295982122421265	0.059033095836639404	0.011368708685040474	0.9893739819526672	0.007959929294884205	0.0026661164592951536
63	0.5591480135917664	0.3129151463508606	0.12793681025505066	0.7731683254241943	0.2040088027715683	0.022822875529527664
64	0.8272329568862915	0.15751634538173676	0.01525074802339077	0.9518074989318848	0.041595250368118286	0.006597254425287247
65	0.8451253175735474	0.1085679903626442	0.04630674794316292	0.9476872086524963	0.038369253277778625	0.013943509198725224
66	0.10563512146472931	0.06833154708147049	0.826033353805542	0.05724591389298439	0.10849856585264206	0.8342555165290833
67	0.28216832876205444	0.3941207826137543	0.3237108588218689	0.9033679366111755	0.04720743000507355	0.04942460358142853
68	0.9062056541442871	0.07531467825174332	0.01847977750003338	0.9873777031898499	0.010684363543987274	0.0019378967117518187
69	0.39897435903549194	0.2079578936100006	0.39306777715682983	0.8903956413269043	0.08215918391942978	0.027445148676633835
70	0.8721022009849548	0.12410420924425125	0.0037936039734631777	0.9773274660110474	0.020846111699938774	0.001826411229558289
71	0.8895288109779358	0.09069609642028809	0.019775139167904854	0.8822774291038513	0.11038573831319809	0.007336814422160387
72	0.6201683878898621	0.2240566909313202	0.15577487647533417	0.8565295338630676	0.11964931339025497	0.023821132257580757
73	0.8369336128234863	0.14445944130420685	0.018606945872306824	0.9860662817955017	0.008954130113124847	0.0049795364029705524
74	0.2689513862133026	0.46066972613334656	0.27037882804870605	0.9373175501823425	0.03245937451720238	0.03022306226193905
75	0.7623398900032043	0.1731753945350647	0.06448476016521454	0.9436686038970947	0.021558618173003197	0.034772783517837524
76	0.4983646869659424	0.19988514482975006	0.3017502427101135	0.32178300619125366	0.12672965228557587	0.5514873266220093
77	0.6395810842514038	0.2166263908147812	0.1437925398349762	0.9417252540588379	0.04849887639284134	0.009775807149708271
78	0.5326455235481262	0.3058503568172455	0.16150417923927307	0.8811036348342896	0.05087120831012726	0.0680251196026802
79	0.7840465903282166	0.1216849610209465	0.09426838159561157	0.9727609753608704	0.02001536451280117	0.0072236317209899426
80	0.923795759677887	0.06708572059869766	0.009118427522480488	0.9375712871551514	0.047920603305101395	0.01450804341584444
81	0.5330913662910461	0.207077294588089	0.25983133912086487	0.9088137149810791	0.060257598757743835	0.03092864528298378
82	0.7441443204879761	0.17095878720283508	0.08489694446325302	0.934822142124176	0.04958337917923927	0.01559451874345541
83	0.686307430267334	0.2887069582939148	0.024985553696751595	0.9297850131988525	0.061352863907814026	0.008862188085913658
84	0.8992702960968018	0.08424334228038788	0.016486389562487602	0.8799335360527039	0.1144944578409195	0.005572005175054073
85	0.6789779663085938	0.2645965814590454	0.05642548203468323	0.8794472813606262	0.088304802775383	0.032247889786958694
86	0.8004680871963501	0.18329787254333496	0.01623394526541233	0.9624391198158264	0.034850478172302246	0.0027103652246296406
87	0.8001895546913147	0.14897218346595764	0.05083833634853363	0.9645914435386658	0.03079535812139511	0.0046132695861160755
88	0.9267914295196533	0.06026299670338631	0.012945523485541344	0.983730673789978	0.013254343532025814	0.0030150406528264284
89	0.9002495408058167	0.08626695722341537	0.013483526185154915	0.9795097708702087	0.01725032366812229	0.0032399743795394897
90	0.925772488117218	0.06832007318735123	0.005907393526285887	0.9795510768890381	0.01796601712703705	0.0024829020258039236
91	0.6099823713302612	0.14283478260040283	0.2471829056739807	0.9783147573471069	0.016638845205307007	0.005046381615102291
92	0.31242868304252625	0.5249270796775818	0.16264425218105316	0.7160133719444275	0.26918843388557434	0.01479819230735302
93	0.9139789938926697	0.07168996334075928	0.014330991543829441	0.9895501732826233	0.008348453789949417	0.0021014416124671698
94	0.7225440740585327	0.17437341809272766	0.10308254510164261	0.7714504599571228	0.12960921227931976	0.0989403948187828
95	0.3515055179595947	0.45731741189956665	0.1911771446466446	0.8921779990196228	0.09364472329616547	0.014177360571920872
96	0.37800130248069763	0.3895028829574585	0.23249587416648865	0.9405207633972168	0.039652422070503235	0.019826816394925117
97	0.5441503524780273	0.252977192401886	0.20287248492240906	0.5278077721595764	0.12672048807144165	0.34547173976898193
98	0.8726374506950378	0.10151951014995575	0.025843041017651558	0.9562585353851318	0.0300992913544178	0.013642149046063423
99	0.7419992089271545	0.2372293323278427	0.02077142521739006	0.9851234555244446	0.01231435313820839	0.0025622688699513674
100	0.8607839941978455	0.1162988469004631	0.022917140275239944	0.9741755127906799	0.023538395762443542	0.002286040922626853
101	0.053974930197000504	0.03694605082273483	0.9090790748596191	0.39309999346733093	0.036413438618183136	0.5704865455627441
102	0.763251781463623	0.13052624464035034	0.10622193664312363	0.8540033102035522	0.07300590723752975	0.07299083471298218
103	0.9578019976615906	0.038876011967659	0.0033220606856048107	0.9837542176246643	0.014658305794000626	0.0015875608660280704
104	0.16053196787834167	0.7457817792892456	0.0936863049864769	0.7741295099258423	0.15479186177253723	0.07107860594987869
105	0.7034888863563538	0.280168741941452	0.016342397779226303	0.9765165448188782	0.020167654380202293	0.0033158459700644016
106	0.9201284050941467	0.07510577887296677	0.004765843972563744	0.9876112341880798	0.010369841940701008	0.002018876140937209
107	0.8067696690559387	0.1787005513906479	0.01452973484992981	0.9775614142417908	0.019176892936229706	0.0032616390381008387
108	0.9215359091758728	0.06031491607427597	0.018149176612496376	0.9849401116371155	0.011818649247288704	0.003241186263039708
109	0.9706249833106995	0.02574225142598152	0.0036327552516013384	0.987859308719635	0.01023657713085413	0.0019041384803131223
110	0.7864955067634583	0.06779512017965317	0.14570929110050201	0.8064233064651489	0.15381421148777008	0.039762500673532486
111	0.022200068458914757	0.04085138067603111	0.9369485378265381	0.5032860040664673	0.050858981907367706	0.4458550214767456
112	0.8079436421394348	0.18644624948501587	0.0056101311929523945	0.9847989678382874	0.013667402788996696	0.0015337311197072268
113	0.8940180540084839	0.0768534392118454	0.0291285440325737	0.9801013469696045	0.01750047877430916	0.0023981519043445587
114	0.8824710845947266	0.07280709594488144	0.044721819460392	0.9511368870735168	0.03556191921234131	0.01330120861530304
115	0.12111710011959076	0.08145398646593094	0.7974289655685425	0.628002941608429	0.0531785786151886	0.3188185393810272
116	0.41091111302375793	0.2608882486820221	0.32820066809654236	0.8559638261795044	0.10849951952695847	0.035536669194698334
117	0.022668829187750816	0.046263016760349274	0.9310681223869324	0.05473600700497627	0.0675995796918869	0.8776644468307495
118	0.8316677212715149	0.1560688465833664	0.012263478711247444	0.9826880097389221	0.014779014512896538	0.0025330614298582077
119	0.9059950113296509	0.07656891644001007	0.017436008900403976	0.9519004821777344	0.023915158584713936	0.024184292182326317
120	0.9064563512802124	0.0845484510064125	0.00899515487253666	0.9882436990737915	0.0098872110247612	0.0018690238939598203
121	0.21578876674175262	0.6609280109405518	0.12328322231769562	0.14754030108451843	0.7544687390327454	0.0979909598827362
122	0.688686728477478	0.29057440161705017	0.0207388773560524	0.9198923707008362	0.07277603447437286	0.007331622298806906
123	0.8418338894844055	0.11145634204149246	0.046709753572940826	0.9708206653594971	0.024132460355758667	0.0050469315610826015
124	0.1234874278306961	0.845630943775177	0.030881622806191444	0.9096662402153015	0.08270755410194397	0.007626197300851345
125	0.8291908502578735	0.14209525287151337	0.028713885694742203	0.9784616231918335	0.017694761976599693	0.003843562677502632
126	0.314593642950058	0.24160121381282806	0.44380509853363037	0.36514711380004883	0.24134677648544312	0.3935060501098633
127	0.5871545672416687	0.34861353039741516	0.06423190236091614	0.9661064743995667	0.026604026556015015	0.007289521861821413
128	0.3955199122428894	0.3935374915599823	0.21094264090061188	0.7728744149208069	0.049267709255218506	0.1778578758239746
129	0.3981655538082123	0.1891414374113083	0.4126930236816406	0.9368265271186829	0.02779824659228325	0.03537522628903389
130	0.7609321475028992	0.10685423761606216	0.13221366703510284	0.8338472247123718	0.10156448930501938	0.06458824872970581
131	0.11250808835029602	0.1126653179526329	0.7748265862464905	0.3722655773162842	0.09159886091947556	0.5361356139183044
132	0.3937762975692749	0.39894911646842957	0.20727461576461792	0.5255804061889648	0.07057124376296997	0.4038483500480652
133	0.8669360280036926	0.1254732459783554	0.007590703200548887	0.9842413067817688	0.013082330115139484	0.002676266711205244
134	0.5858796238899231	0.16507957875728607	0.24904076755046844	0.7600814700126648	0.0810554251074791	0.15886308252811432
135	0.3050718307495117	0.1573318988084793	0.5375962853431702	0.49824878573417664	0.26640719175338745	0.2353440374135971
136	0.885900616645813	0.10662129521369934	0.0074780769646167755	0.991005539894104	0.007485668640583754	0.0015089010121300817
137	0.7543213367462158	0.2038487046957016	0.04182985797524452	0.9771119952201843	0.019558198750019073	0.003329819766804576
138	0.1667347252368927	0.69267338514328	0.1405918449163437	0.933973491191864	0.06187352165579796	0.004153059795498848
139	0.6259510517120361	0.3036559522151947	0.07039297372102737	0.8603689670562744	0.10367139428853989	0.035959627479314804
140	0.8160591125488281	0.1645306944847107	0.019410118460655212	0.989582896232605	0.008050047792494297	0.002367059700191021
141	0.8223286271095276	0.1541166603565216	0.02355477213859558	0.913713276386261	0.08266506344079971	0.003621725831180811
142	0.5188670754432678	0.1520114690065384	0.3291214108467102	0.9750745296478271	0.015924926847219467	0.009000496938824654
143	0.9369065761566162	0.052183378487825394	0.010910057462751865	0.9254931807518005	0.06587930768728256	0.00862744078040123
144	0.7097771763801575	0.1294604390859604	0.16076233983039856	0.95163893699646	0.03750227019190788	0.010858717374503613
145	0.08182350546121597	0.11816249787807465	0.8000139594078064	0.5916348695755005	0.10337866097688675	0.30498647689819336
146	0.7643464803695679	0.13400328159332275	0.10165029019117355	0.9853278994560242	0.011111403815448284	0.0035606389865279198
147	0.8765071034431458	0.11414165049791336	0.009351259097456932	0.9868391156196594	0.010441428050398827	0.002719535958021879
148	0.86867356300354	0.11495078355073929	0.01637563668191433	0.984735369682312	0.012381727807223797	0.002882848959416151
149	0.4935193657875061	0.17719393968582153	0.32928672432899475	0.5840955376625061	0.13394440710544586	0.2819600999355316
150	0.8709169626235962	0.10985676199197769	0.019226282835006714	0.9521431922912598	0.03916782885789871	0.00868898630142212
151	0.5762621760368347	0.3433282971382141	0.0804094448685646	0.8664244413375854	0.0907987654209137	0.04277678206562996
152	0.45258408784866333	0.30321231484413147	0.24420367181301117	0.3177659809589386	0.4655117690563202	0.21672217547893524
153	0.3617238402366638	0.12235009670257568	0.5159260630607605	0.5393596291542053	0.0460967980325222	0.4145435690879822
154	0.7235554456710815	0.17186011373996735	0.10458449274301529	0.9522200226783752	0.03563070669770241	0.012149184010922909
155	0.04553573206067085	0.07283572852611542	0.8816286325454712	0.0117791211232543	0.13130591809749603	0.8569149971008301
156	0.7753866314888	0.15320031344890594	0.071413055062294	0.851923406124115	0.12881605327129364	0.01926056109368801
157	0.38463348150253296	0.09567079693078995	0.5196956992149353	0.6395724415779114	0.02285757288336754	0.3375699818134308
158	0.7721632719039917	0.16223600506782532	0.06560079753398895	0.9859116077423096	0.007894557900726795	0.006193845067173243
159	0.8899826407432556	0.10077562928199768	0.0092417998239398	0.9880719184875488	0.009115400724112988	0.0028126563411206007
160	0.7451144456863403	0.1161726713180542	0.13871286809444427	0.9199756979942322	0.06612574309110641	0.013898505829274654
161	0.8365773558616638	0.13641436398029327	0.027008306235074997	0.9546446800231934	0.03869926929473877	0.006656134966760874
162	0.9426814913749695	0.04963596165180206	0.007682444993406534	0.9747263193130493	0.021817268803715706	0.0034563487861305475
163	0.057533856481313705	0.1902051568031311	0.7522609829902649	0.48685070872306824	0.12547145783901215	0.3876778185367584
164	0.7545397877693176	0.13782726228237152	0.10763297975063324	0.9524967074394226	0.03226560726761818	0.015237723477184772
165	0.6198503971099854	0.2853257954120636	0.0948236957192421	0.9715127944946289	0.023858152329921722	0.004629069939255714
166	0.3711436986923218	0.1447121500968933	0.4841442108154297	0.780490517616272	0.04520668461918831	0.17430290579795837
167	0.8379397988319397	0.09329362958669662	0.06876648217439651	0.9137288928031921	0.060078758746385574	0.02619229257106781
168	0.6763092279434204	0.31643301248550415	0.007257773075252771	0.5337617993354797	0.4629681408405304	0.0032700567971915007
169	0.1329532414674759	0.1404292732477188	0.7266174554824829	0.1409115046262741	0.03188285976648331	0.8272056579589844
170	0.36655768752098083	0.41990622878074646	0.21353602409362793	0.9715936183929443	0.01834123767912388	0.010065078735351562
171	0.06433572620153427	0.9190496206283569	0.01661461777985096	0.4621836841106415	0.49276894330978394	0.04504735395312309
172	0.2646324336528778	0.3520275056362152	0.38334009051322937	0.7103767395019531	0.20989501476287842	0.07972823083400726
173	0.961862325668335	0.031156416982412338	0.0069812326692044735	0.9874271154403687	0.009538215585052967	0.0030346473213285208
174	0.9065539836883545	0.08361851423978806	0.009827537462115288	0.9547201991081238	0.04203313589096069	0.0032467045821249485
175	0.9076875448226929	0.06880895793437958	0.0235034991055727	0.9836295247077942	0.013734892942011356	0.002635661046952009
176	0.8963229656219482	0.09159456193447113	0.012082399800419807	0.988080620765686	0.009009613655507565	0.0029097232036292553
177	0.572067379951477	0.39269790053367615	0.03523467853665352	0.9823534488677979	0.013375953771173954	0.004270643461495638
178	0.8847749829292297	0.10789869725704193	0.00732634449377656	0.9824840426445007	0.013739833608269691	0.0037760515697300434
179	0.613753080368042	0.11823198199272156	0.2680149972438812	0.9805352091789246	0.01568480022251606	0.0037800113204866648
180	0.022844355553388596	0.0779753252863884	0.8991803526878357	0.08151157945394516	0.08038431406021118	0.8381041884422302
181	0.5322235822677612	0.45925480127334595	0.008521628566086292	0.9536848068237305	0.04370879381895065	0.0026064198464155197
182	0.8503706455230713	0.1348814070224762	0.01474792044609785	0.986531674861908	0.009064326994121075	0.0044039711356163025
183	0.5029982328414917	0.1870088130235672	0.3099929094314575	0.6846599578857422	0.15912476181983948	0.15621529519557953
184	0.45221400260925293	0.1338866651058197	0.413899302482605	0.963184654712677	0.01806386187672615	0.01875150203704834
185	0.9056257009506226	0.06878569722175598	0.025588609278202057	0.7722124457359314	0.19748131930828094	0.030306227505207062
186	0.7523542046546936	0.12198328971862793	0.12566246092319489	0.8829105496406555	0.05174652487039566	0.06534291803836823
187	0.7741479277610779	0.16769681870937347	0.058155275881290436	0.9433716535568237	0.05215169116854668	0.004476677160710096
188	0.4341341555118561	0.5500136017799377	0.01585232838988304	0.8928935527801514	0.08869383484125137	0.018412591889500618
189	0.3950701653957367	0.24700744450092316	0.35792237520217896	0.8264239430427551	0.08470046520233154	0.0888756588101387
190	0.39218899607658386	0.4735305607318878	0.13428044319152832	0.9620060324668884	0.029323820024728775	0.008670204319059849
191	0.2619210481643677	0.49906107783317566	0.2390177696943283	0.43839356303215027	0.30709609389305115	0.25451037287712097
192	0.6735249757766724	0.1001376137137413	0.2263374626636505	0.9708309769630432	0.016588134691119194	0.012580840848386288
193	0.310741662979126	0.30592864751815796	0.38332971930503845	0.48443812131881714	0.09814106673002243	0.41742080450057983
194	0.05873659625649452	0.9288681149482727	0.01239525806158781	0.9319011569023132	0.06413402408361435	0.003964810166507959
195	0.010304284282028675	0.04566893354058266	0.9440268278121948	0.02619824931025505	0.06231486052274704	0.9114868640899658
196	0.9145380258560181	0.08225798606872559	0.0032040493097156286	0.9871420860290527	0.011324905790388584	0.0015330188907682896
197	0.8628215193748474	0.119281105697155	0.01789739541709423	0.9268918037414551	0.05732879415154457	0.0157794076949358
198	0.9355567693710327	0.05709829181432724	0.007344943005591631	0.9883451461791992	0.008723706938326359	0.002931127557530999
199	0.7760463953018188	0.19702327251434326	0.026930401101708412	0.9716008305549622	0.021838461980223656	0.006560782436281443
